transaction_id,customer_name,region,product_category,loyalty_tier,items_purchased,customer_birth_year,unit_price,discount_pct,sales_amount,purchase_date
TXN-0000001,John Francis,West,Grocery,Gold,4,2001,20.83,13.17,72.35,2026-06-17
TXN-0000002,Jaclyn Crane,South,Grocery,Platinum,3,2003,16.63,19.16,40.33,2024-03-18
TXN-0000003,Jennifer Martinez,West,Electronics,Bronze,5,1978,121.89,2.17,596.22,2023-11-05
TXN-0000004,Amanda Hernandez,West,Electronics,Bronze,2,1969,208.67,4.95,396.68,2024-11-28
TXN-0000005,William Turner,North,Clothing,Silver,4,1981,37.75,2.7,146.92,2024-10-12
TXN-0000006,Dr. Charles Lawrence,Central,Electronics,Bronze,4,1949,231.18,2.12,905.12,2024-09-08
TXN-0000007,Steven Small,West,Clothing,Silver,3,1971,48.77,5.83,137.78,2024-05-01
TXN-0000008,Robert Burns,West,Sports,Silver,8,1968,101.9,7.19,756.59,2024-03-05
TXN-0000009,Gregory Harrell,North,Electronics,Gold,2,1974,264.65,12.46,463.35,2026-08-14
TXN-0000010,Kenneth Knight,East,Clothing,Bronze,2,1996,53.87,0.0,107.74,2026-01-22
TXN-0000011,Rachael Alvarez,South,Grocery,Silver,5,1995,24.42,13.71,105.36,2024-02-10
TXN-0000012,Lisa Gill,Central,Home,Gold,2,1972,112.22,3.95,215.57,2026-04-02
TXN-0000013,Julia Cole,East,Electronics,Bronze,1,1993,170.57,4.11,163.56,2025-07-14
TXN-0000014,Sean Nguyen,West,Electronics,Silver,4,1977,197.58,9.14,718.08,2023-11-16
TXN-0000015,Mary Ortiz,East,Sports,Bronze,7,2005,68.0,2.39,464.62,2023-11-13
TXN-0000016,James Weaver,South,Electronics,Bronze,4,1975,284.24,3.09,1101.83,2024-02-20
TXN-0000017,Stacy Fitzgerald,East,Home,Silver,6,1946,92.69,9.34,504.2,2024-09-01
TXN-0000018,Sharon Mann,North,Grocery,Bronze,3,2005,13.94,0.27,41.71,2024-09-23
TXN-0000019,Rebecca Zimmerman,West,Clothing,Silver,2,1979,47.25,5.83,88.99,2025-11-21
TXN-0000020,Becky Hansen,East,Grocery,Silver,1,1947,24.56,6.01,23.08,2026-04-20
TXN-0000021,Luke Ray,West,Electronics,Gold,2,1985,115.94,14.79,197.58,2023-11-08
TXN-0000022,Kelly Lopez,South,Clothing,Gold,3,1962,106.65,14.92,272.21,2026-02-15
TXN-0000023,Steven Martinez,Central,Clothing,Bronze,3,1948,86.86,0.0,260.58,2024-08-01
TXN-0000024,Catherine Smith,Central,Sports,Bronze,2,1994,48.74,1.91,95.62,2026-07-03
TXN-0000025,Danielle Thornton,West,Electronics,Gold,4,2006,209.73,10.99,746.72,2026-09-21
TXN-0000026,Jill Roman,North,Electronics,Bronze,2,1948,114.03,0.0,228.06,2026-01-21
TXN-0000027,Jennifer Williams,East,Sports,Bronze,1,1978,56.02,0.49,55.75,2025-07-10
TXN-0000028,Allison Kim,North,Electronics,Bronze,4,1966,135.78,0.0,543.12,2024-09-04
TXN-0000029,Scott Stewart,North,Grocery,Silver,5,2007,13.88,0.84,68.82,2025-08-25
TXN-0000030,Brian Garcia,West,Grocery,Bronze,2,1999,23.2,2.44,45.27,2026-03-31
TXN-0000031,Charles Scott,West,Home,Bronze,6,1992,98.35,5.44,558.0,2024-12-03
TXN-0000032,Eric Russell,Central,Grocery,Silver,5,1951,20.87,6.07,98.02,2023-10-08
TXN-0000033,Lucas Nguyen,South,Grocery,Gold,4,1958,18.02,16.38,60.27,2024-06-02
TXN-0000034,Anthony Price,South,Electronics,Bronze,1,1955,133.01,4.85,126.56,2026-09-16
TXN-0000035,Jason Nguyen,East,Sports,Silver,2,2004,62.51,4.1,119.89,2025-07-15
TXN-0000036,Ronald Martinez,North,Sports,Silver,1,1965,110.44,4.26,105.74,2025-03-09
TXN-0000037,Paul Willis,North,Sports,Bronze,8,1946,66.38,0.0,531.04,2024-12-02
TXN-0000038,Paul Cruz Jr.,East,Home,Bronze,5,1990,146.69,2.97,711.67,2024-05-26
TXN-0000039,John Russell,South,Home,Bronze,4,1991,72.05,3.92,276.9,2024-08-27
TXN-0000040,Mr. David Mercado,West,Home,Bronze,4,1968,91.46,2.12,358.08,2025-03-03
TXN-0000041,Victor Leonard,South,Electronics,Gold,9,2005,178.3,10.42,1437.49,2024-03-04
TXN-0000042,Justin Glover,West,Home,Bronze,3,1997,136.11,1.84,400.82,2024-02-19
TXN-0000043,Jason Miller,West,Home,Platinum,3,1980,126.35,22.55,293.57,2025-05-10
TXN-0000044,Christina Faulkner,South,Grocery,Bronze,2,1945,20.04,4.19,38.4,2024-02-25
TXN-0000045,William Casey,West,Clothing,Bronze,1,2000,56.46,3.91,54.25,2025-04-07
TXN-0000046,Jessica Buck,West,Home,Silver,5,1949,65.48,8.21,300.52,2025-03-15
TXN-0000047,Aaron Marshall,South,Home,Gold,3,1971,84.14,17.11,209.23,2026-04-22
TXN-0000048,Donna Stanton,South,Clothing,Bronze,1,1997,121.42,0.0,121.42,2024-11-11
TXN-0000049,Timothy Olson,West,Sports,Bronze,1,1969,53.63,0.0,53.63,2023-12-04
TXN-0000050,Sara James,North,Grocery,Silver,5,1969,14.78,3.82,71.08,2025-09-10
TXN-0000051,Mark Richards,North,Electronics,Bronze,3,2004,98.64,0.67,293.94,2026-01-08
TXN-0000052,Amber Stevenson,North,Electronics,Silver,3,1976,123.18,12.21,324.42,2024-04-08
TXN-0000053,Elizabeth Foster,West,Grocery,Gold,3,2003,11.9,10.43,31.98,2025-05-08
TXN-0000054,Charles Hawkins,West,Clothing,Bronze,4,2002,35.81,0.0,143.24,2024-01-28
TXN-0000055,Jeffrey Bishop,West,Grocery,Gold,1,1993,20.15,7.12,18.72,2026-02-01
TXN-0000056,Emily Fleming,West,Electronics,Bronze,5,1953,206.61,4.3,988.63,2024-12-26
TXN-0000057,Dean Mullins,East,Electronics,Gold,7,1959,181.02,12.94,1103.17,2026-05-31
TXN-0000058,David Bird,East,Clothing,Platinum,5,1984,38.46,24.92,144.38,2026-05-15
TXN-0000059,Joe Greene,North,Grocery,Silver,4,1967,9.98,11.94,35.15,2025-04-11
TXN-0000060,Michael Lucas,North,Sports,Platinum,8,1992,36.66,16.14,245.94,2026-03-12
TXN-0000061,John Valenzuela,West,Sports,Gold,2,1994,48.95,12.79,85.38,2024-07-22
TXN-0000062,Jennifer Woodard,East,Home,Bronze,2,1974,62.85,6.48,117.55,2026-09-26
TXN-0000063,Pamela Medina,East,Grocery,Bronze,7,1979,15.33,0.0,107.31,2024-01-14
TXN-0000064,Mariah Jones,West,Electronics,Bronze,4,1960,175.38,5.47,663.15,2023-12-08
TXN-0000065,Ronnie Powers,East,Home,Silver,2,1990,78.61,0.0,157.22,2026-07-21
TXN-0000066,Heather Hess,East,Sports,Silver,3,1946,130.59,6.82,365.05,2024-09-16
TXN-0000067,Heather Thompson,East,Clothing,Silver,5,1953,123.31,4.83,586.77,2024-12-20
TXN-0000068,Melissa Smith,South,Sports,Silver,1,1981,72.26,10.75,64.49,2024-01-29
TXN-0000069,Timothy Wallace,North,Electronics,Silver,4,1945,81.88,5.7,308.85,2024-09-23
TXN-0000070,Alejandro Campbell,South,Electronics,Bronze,3,1956,132.59,4.89,378.32,2024-03-02
TXN-0000071,Heather Davis,South,Home,Bronze,4,1962,81.98,3.86,315.26,2025-05-10
TXN-0000072,Elizabeth Robbins,South,Sports,Platinum,5,1960,95.35,17.38,393.89,2024-12-02
TXN-0000073,Johnny Cox,West,Clothing,Bronze,4,1992,34.46,5.14,130.76,2025-09-01
TXN-0000074,Tanner Mann,South,Grocery,Bronze,4,1966,10.2,3.93,39.2,2026-06-11
TXN-0000075,Craig Nicholson,North,Electronics,Bronze,5,2001,175.37,0.0,876.85,2025-04-16
TXN-0000076,Sergio Carroll,South,Grocery,Platinum,5,1981,14.86,21.86,58.06,2024-06-06
TXN-0000077,Juan Keller MD,South,Home,Bronze,3,1993,73.91,0.38,220.89,2025-04-25
TXN-0000078,Krystal Jones,West,Electronics,Silver,5,2000,117.6,8.66,537.08,2025-04-01
TXN-0000079,Austin Green,East,Grocery,Bronze,1,1973,15.63,2.92,15.17,2024-08-18
TXN-0000080,Crystal Mills,West,Grocery,Bronze,2,1991,19.3,5.57,36.45,2026-08-04
TXN-0000081,Cheryl Gregory,West,Home,Silver,3,1996,38.81,10.35,104.38,2024-11-15
TXN-0000082,Melissa Patel MD,South,Electronics,Silver,4,1979,160.92,4.29,616.07,2026-09-22
TXN-0000083,Jordan Pace,West,Electronics,Silver,4,1981,203.53,5.23,771.54,2026-08-24
TXN-0000084,Terri Williams,North,Sports,Bronze,4,1951,87.71,1.15,346.81,2026-06-30
TXN-0000085,Jessica Carney,North,Grocery,Platinum,4,1976,37.63,23.76,114.76,2024-01-16
TXN-0000086,Michael Owens,North,Grocery,Silver,4,1956,15.44,5.62,58.29,2026-05-01
TXN-0000087,Peter Stephenson,West,Grocery,Platinum,5,1971,17.42,21.15,68.68,2026-06-10
TXN-0000088,Donald Fisher,East,Grocery,Bronze,3,1961,28.11,5.19,79.95,2024-06-19
TXN-0000089,Aaron Lee,North,Electronics,Bronze,5,1990,163.05,2.19,797.4,2026-01-04
TXN-0000090,Kenneth Johnson,East,Home,Bronze,1,1982,152.43,8.08,140.11,2024-10-12
TXN-0000091,Vanessa Coleman,North,Grocery,Gold,3,2007,23.96,11.12,63.89,2024-06-07
TXN-0000092,David Martin,West,Electronics,Gold,5,1987,168.26,14.91,715.86,2025-09-15
TXN-0000093,Mark Davis,East,Electronics,Silver,8,2000,159.36,8.4,1167.79,2025-05-09
TXN-0000094,Robert Watkins,South,Home,Bronze,4,1963,82.9,2.46,323.44,2024-11-20
TXN-0000095,Felicia Wright,South,Grocery,Bronze,5,1989,17.78,0.0,88.9,2026-06-18
TXN-0000096,David Peterson,East,Grocery,Bronze,2,1980,13.39,1.05,26.5,2026-09-01
TXN-0000097,Gavin Bauer,South,Electronics,Gold,5,1998,202.81,6.91,943.98,2026-02-09
TXN-0000098,Patricia Harvey,North,Sports,Bronze,2,1991,146.57,0.27,292.35,2024-09-03
TXN-0000099,Lori Riley,North,Electronics,Bronze,3,1992,84.86,1.74,250.15,2026-08-26
TXN-0000100,Antonio Johnson,Central,Electronics,Bronze,1,1981,241.72,10.07,217.38,2025-02-12
TXN-0000101,Ryan Brown,Central,Sports,Bronze,4,1996,81.63,4.65,311.34,2023-12-23
TXN-0000102,Thomas Ramos,West,Grocery,Platinum,6,2006,25.94,16.4,130.12,2024-09-17
TXN-0000103,Mark Jones,South,Sports,Bronze,3,1964,61.07,2.7,178.26,2023-11-16
TXN-0000104,Kristin Phillips,Central,Grocery,Platinum,4,1957,16.89,21.48,53.05,2025-01-30
TXN-0000105,Brendan Walton,West,Grocery,Silver,9,1953,28.03,7.35,233.73,2025-06-12
TXN-0000106,Kyle Keller,West,Clothing,Silver,2,1986,54.06,7.06,100.49,2024-11-16
TXN-0000107,James Pope,East,Clothing,Silver,3,1975,73.41,5.06,209.09,2024-01-08
TXN-0000108,Lisa Morgan,South,Sports,Silver,3,1948,61.04,8.26,167.99,2024-08-20
TXN-0000109,Rachel Gibson,North,Grocery,Silver,2,1976,16.79,7.91,30.92,2026-02-25
TXN-0000110,Corey Garcia,Central,Clothing,Bronze,2,1949,65.73,4.38,125.7,2025-01-28
TXN-0000111,Andrea Clarke,East,Clothing,Gold,6,1972,63.37,15.94,319.61,2024-08-23
TXN-0000112,Kenneth Walsh,South,Clothing,Bronze,1,1945,73.46,4.82,69.92,2026-07-12
TXN-0000113,Jason Hardy,South,Clothing,Bronze,3,1955,48.81,2.38,142.94,2025-11-11
TXN-0000114,David Robles,East,Grocery,Bronze,3,1964,18.0,1.43,53.23,2025-06-03
TXN-0000115,Eric Graham,North,Electronics,Silver,4,2002,224.61,9.6,812.19,2026-06-22
TXN-0000116,Nicole Collins,West,Clothing,Bronze,2,1946,91.13,0.0,182.26,2025-09-09
TXN-0000117,Patricia Hernandez,West,Sports,Bronze,3,1959,55.92,0.0,167.76,2024-05-06
TXN-0000118,Grant Wood,West,Home,Bronze,3,1999,136.4,0.0,409.2,2024-11-12
TXN-0000119,Kevin Gregory,South,Home,Bronze,3,2006,68.77,0.0,206.31,2024-05-01
TXN-0000120,Jonathon Conley,East,Clothing,Bronze,4,1976,59.15,3.97,227.21,2024-10-15
TXN-0000121,Jennifer Gonzalez,East,Electronics,Gold,4,2005,176.61,13.46,611.35,2026-02-16
TXN-0000122,Terry Glover,East,Electronics,Bronze,5,1989,134.91,4.76,642.44,2026-01-12
TXN-0000123,Michael Neal,North,Electronics,Platinum,6,1967,150.36,21.81,705.4,2024-11-09
TXN-0000124,Ms. Erin Lane,South,Electronics,Silver,4,1988,86.14,10.63,307.93,2026-03-24
TXN-0000125,Lisa Barnes,North,Electronics,Gold,5,1995,206.2,16.96,856.14,2025-07-24
TXN-0000126,Jesse Mccormick,East,Clothing,Platinum,4,2001,49.91,23.31,153.1,2026-03-22
TXN-0000127,Daniel Smith,South,Electronics,Bronze,3,1971,157.67,5.38,447.56,2025-06-09
TXN-0000128,David Hanson,North,Sports,Silver,6,1951,61.38,12.73,321.4,2025-04-12
TXN-0000129,Nicholas Cisneros,North,Electronics,Bronze,2,1989,206.44,9.29,374.52,2024-09-02
TXN-0000130,Patrick Harris,East,Clothing,Bronze,4,1947,58.69,2.26,229.45,2024-04-29
TXN-0000131,William Cox,North,Grocery,Bronze,3,1980,12.04,7.38,33.45,2025-11-27
TXN-0000132,Alvin Wilson,Central,Electronics,Silver,4,1989,153.83,4.96,584.8,2025-11-02
TXN-0000133,Cory Willis,East,Home,Gold,4,1978,62.65,11.15,222.66,2024-02-16
TXN-0000134,Amanda Johnson,South,Grocery,Bronze,4,1996,18.13,7.8,66.86,2023-12-10
TXN-0000135,Christopher Mcclure,East,Home,Gold,7,1996,114.29,13.36,693.15,2024-03-16
TXN-0000136,Gina Spencer,North,Electronics,Bronze,4,1945,171.16,0.0,684.64,2024-05-22
TXN-0000137,Alex Cameron,Central,Grocery,Bronze,3,1989,20.96,0.0,62.88,2026-05-29
TXN-0000138,Alisha Byrd,East,Grocery,Bronze,2,1979,26.06,0.0,52.12,2024-06-02
TXN-0000139,Richard Rodriguez,West,Clothing,Silver,2,1969,41.3,2.89,80.21,2026-08-20
TXN-0000140,Elizabeth Allen,North,Electronics,Silver,7,1970,137.23,8.88,875.31,2025-07-14
TXN-0000141,Mary Pugh,East,Electronics,Bronze,4,1998,85.22,0.0,340.88,2026-04-11
TXN-0000142,Yolanda Keith,East,Grocery,Bronze,2,2002,15.76,1.02,31.2,2024-01-04
TXN-0000143,Ana Thomas,Central,Clothing,Silver,5,1984,44.38,4.87,211.09,2025-05-17
TXN-0000144,Rebecca Lee,East,Electronics,Gold,10,1988,201.16,8.22,1846.25,2025-05-12
TXN-0000145,James Greene,East,Home,Bronze,2,1975,105.77,0.0,211.54,2026-04-10
TXN-0000146,Dana Williams,South,Sports,Silver,6,2006,126.82,10.19,683.38,2025-09-24
TXN-0000147,Chelsea Nichols,South,Electronics,Silver,6,1990,134.25,8.14,739.93,2025-12-27
TXN-0000148,Erin Brown,East,Electronics,Silver,6,1967,183.83,0.0,1102.98,2024-10-22
TXN-0000149,Shelley York,South,Clothing,Bronze,1,1999,71.27,0.0,71.27,2026-02-03
TXN-0000150,Stacey Clark,North,Grocery,Gold,3,1953,40.14,16.12,101.01,2023-10-15
TXN-0000151,John Alvarado,West,Home,Silver,4,1949,104.82,8.98,381.63,2026-08-19
TXN-0000152,Jordan Potter,Central,Sports,Bronze,6,1991,73.75,9.44,400.73,2024-03-23
TXN-0000153,Katrina Jimenez,North,Electronics,Gold,4,1987,167.19,12.1,587.84,2026-08-22
TXN-0000154,Frank Brooks,East,Clothing,Gold,4,1992,64.73,14.31,221.87,2026-01-09
TXN-0000155,Michelle Simpson,North,Clothing,Silver,4,1952,88.94,3.91,341.85,2024-11-15
TXN-0000156,James Morse,West,Clothing,Gold,4,1971,47.39,7.59,175.17,2026-06-19
TXN-0000157,Amanda Robinson,South,Home,Bronze,3,1988,70.17,3.28,203.61,2025-03-09
TXN-0000158,Scott Foster,West,Grocery,Gold,5,1956,45.06,11.62,199.12,2024-03-19
TXN-0000159,Stephen Duncan,West,Clothing,Bronze,2,1992,37.08,11.33,65.76,2024-12-26
TXN-0000160,Jacqueline Pierce,West,Grocery,Gold,5,1949,24.28,10.94,108.12,2025-08-03
TXN-0000161,Bradley Wallace,North,Electronics,Bronze,4,1976,185.09,0.53,736.44,2024-05-30
TXN-0000162,Kevin Marshall,Central,Home,Bronze,4,1985,100.74,2.28,393.77,2025-09-01
TXN-0000163,Jessica Mcdonald,South,Clothing,Bronze,1,1996,35.79,5.29,33.9,2023-10-03
TXN-0000164,Robert Stewart,North,Home,Gold,5,1957,232.29,16.0,975.62,2024-11-10
TXN-0000165,Christopher Hall,East,Electronics,Silver,3,1997,170.19,1.19,504.49,2025-11-13
TXN-0000166,Heather Miller,South,Sports,Gold,3,1949,62.63,17.58,154.86,2024-07-01
TXN-0000167,Kayla Schneider,West,Sports,Bronze,2,1973,47.09,1.43,92.83,2025-11-24
TXN-0000168,Tammy Garcia,West,Grocery,Bronze,4,1985,8.9,0.0,35.6,2024-03-11
TXN-0000169,Andrew Gonzalez,South,Sports,Silver,7,1969,95.96,7.01,624.63,2026-05-26
TXN-0000170,Gary Turner,Central,Electronics,Bronze,3,1984,119.34,0.0,358.02,2025-01-03
TXN-0000171,Melinda Hill,South,Home,Silver,1,1955,81.94,11.14,72.81,2026-06-16
TXN-0000172,Yolanda Murillo,East,Clothing,Platinum,4,1978,44.54,21.21,140.37,2025-11-24
TXN-0000173,Nancy Gaines,South,Sports,Silver,3,2003,90.53,10.77,242.34,2026-05-01
TXN-0000174,Elijah Short,Central,Electronics,Bronze,6,1992,183.37,6.18,1032.23,2024-08-01
TXN-0000175,Jennifer Sullivan,North,Electronics,Silver,6,2002,208.18,5.4,1181.63,2024-05-22
TXN-0000176,Mary Kennedy,North,Grocery,Gold,3,1967,23.74,13.87,61.34,2025-04-30
TXN-0000177,Paige Hernandez,South,Electronics,Silver,5,1956,124.53,10.98,554.28,2024-06-04
TXN-0000178,Darrell Curry,Central,Grocery,Gold,3,1977,11.24,13.78,29.07,2026-01-12
TXN-0000179,Jose Hartman,Central,Clothing,Bronze,1,1948,52.21,0.0,52.21,2025-12-29
TXN-0000180,Miranda Murray,West,Grocery,Gold,5,2005,21.57,18.06,88.37,2023-09-28
TXN-0000181,Emily Lopez,Central,Grocery,Bronze,6,1985,18.7,2.09,109.86,2026-04-15
TXN-0000182,Melissa Clark,Central,Home,Gold,2,1961,46.78,10.24,83.98,2025-02-12
TXN-0000183,Justin Brooks,East,Electronics,Gold,5,1968,163.25,19.7,655.45,2025-10-26
TXN-0000184,Bethany Harding,South,Electronics,Gold,6,1952,112.73,6.33,633.57,2023-10-28
TXN-0000185,Robert Flowers,West,Electronics,Bronze,2,2000,161.24,0.0,322.48,2024-03-19
TXN-0000186,Jason Jennings,West,Electronics,Gold,5,1969,224.25,10.99,998.02,2025-04-13
TXN-0000187,Richard Medina,South,Home,Bronze,3,2003,37.61,5.07,107.11,2025-01-17
TXN-0000188,Alexander Floyd,North,Clothing,Silver,2,1976,93.21,5.77,175.66,2024-10-03
TXN-0000189,Brittany Cisneros,West,Clothing,Silver,6,1953,38.14,4.6,218.31,2023-12-26
TXN-0000190,Mark Morrison,South,Electronics,Silver,4,1995,226.73,10.65,810.33,2024-10-06
TXN-0000191,Sharon Baird,Central,Sports,Bronze,1,1958,100.67,4.74,95.9,2026-02-25
TXN-0000192,James Ferguson,South,Electronics,Silver,3,1975,143.99,5.99,406.09,2024-01-28
TXN-0000193,Brian Hudson,North,Clothing,Silver,3,1948,64.48,7.82,178.31,2024-02-08
TXN-0000194,Steven Davis,West,Home,Silver,5,1986,70.41,3.05,341.31,2025-10-21
TXN-0000195,Juan Johnson,North,Electronics,Silver,3,1997,87.45,6.2,246.08,2024-01-13
TXN-0000196,Katherine Lopez,North,Sports,Silver,3,1982,111.69,6.75,312.45,2026-01-02
TXN-0000197,Victor Campbell,East,Electronics,Bronze,2,1984,125.97,0.0,251.94,2024-04-10
TXN-0000198,Matthew Jones,Central,Grocery,Bronze,4,1973,33.81,0.0,135.24,2024-04-14
TXN-0000199,Joseph Jackson,North,Home,Silver,2,2004,122.59,5.6,231.45,2026-07-18
TXN-0000200,Jennifer Moore,South,Grocery,Silver,3,1995,13.39,10.69,35.88,2025-10-05
TXN-0000201,Joshua Mendoza,West,Grocery,Bronze,2,1959,22.12,4.03,42.46,2026-01-29
TXN-0000202,Troy Glenn,Central,Grocery,Bronze,5,1952,21.65,0.0,108.25,2024-06-10
TXN-0000203,Daniel Reynolds,East,Clothing,Gold,4,1982,100.51,22.08,313.27,2024-11-12
TXN-0000204,Karen Munoz,North,Home,Gold,2,1992,75.84,9.25,137.65,2025-12-25
TXN-0000205,Laurie Shaw,North,Grocery,Silver,4,1969,16.59,8.92,60.44,2026-04-27
TXN-0000206,Desiree Smith,South,Home,Gold,3,1984,104.74,11.15,279.18,2025-07-16
TXN-0000207,Austin Ross,North,Home,Platinum,5,1979,90.57,24.25,343.03,2024-08-22
TXN-0000208,Kelly Kent,West,Electronics,Silver,2,2004,98.35,6.6,183.72,2026-01-12
TXN-0000209,Julia Johnston,North,Clothing,Bronze,2,1963,78.46,1.16,155.1,2026-09-03
TXN-0000210,Donna Ibarra,East,Clothing,Silver,4,1963,96.23,10.37,345.0,2024-08-05
TXN-0000211,Michael Dawson,West,Electronics,Gold,3,1986,168.82,12.42,443.56,2025-01-24
TXN-0000212,Louis Patrick,East,Clothing,Silver,3,1955,35.23,9.59,95.55,2025-06-08
TXN-0000213,David Yoder,North,Electronics,Bronze,4,1993,153.79,1.62,605.19,2026-08-06
TXN-0000214,Judith Bartlett,West,Home,Gold,7,1963,65.47,3.81,440.83,2026-07-03
TXN-0000215,Keith Long,West,Grocery,Gold,8,1973,16.44,20.55,104.49,2025-04-30
TXN-0000216,Cynthia Harrell,West,Home,Bronze,2,1960,96.04,3.81,184.76,2025-08-08
TXN-0000217,Mark Carter,North,Grocery,Platinum,10,1989,22.65,18.92,183.65,2025-12-10
TXN-0000218,Melissa Bowen,North,Electronics,Silver,9,1999,261.64,11.77,2077.6,2025-08-29
TXN-0000219,Johnny Riddle,Central,Electronics,Gold,4,1988,199.27,9.62,720.4,2024-04-02
TXN-0000220,Whitney Jones,South,Grocery,Platinum,2,1985,12.43,16.81,20.68,2024-10-17
TXN-0000221,Randall Nguyen,South,Grocery,Bronze,3,2006,22.85,0.0,68.55,2024-09-11
TXN-0000222,David Hunter,East,Grocery,Gold,6,1976,16.29,12.3,85.72,2024-01-05
TXN-0000223,Benjamin Neal,West,Grocery,Bronze,4,1961,16.94,0.0,67.76,2025-03-06
TXN-0000224,Jane Reese,Central,Grocery,Gold,4,1992,17.91,11.98,63.06,2023-10-30
TXN-0000225,Jennifer Smith,South,Grocery,Gold,2,1971,18.87,7.86,34.77,2026-03-29
TXN-0000226,Thomas Murphy,Central,Grocery,Gold,7,1948,25.66,10.6,160.58,2026-02-04
TXN-0000227,Kari Jones,North,Grocery,Gold,6,1982,21.42,14.59,109.77,2024-09-19
TXN-0000228,Dana Dodson,East,Electronics,Gold,5,1968,105.66,17.78,434.37,2026-03-30
TXN-0000229,Robert Skinner,East,Electronics,Bronze,3,1945,94.58,2.16,277.61,2024-09-04
TXN-0000230,Albert Garcia,North,Clothing,Bronze,3,1966,69.05,0.26,206.61,2023-10-09
TXN-0000231,Joseph Myers,North,Home,Bronze,4,1990,108.67,4.2,416.42,2024-01-16
TXN-0000232,Phillip Byrd,South,Grocery,Gold,4,2003,27.99,17.12,92.79,2026-06-04
TXN-0000233,Hunter Robinson,Central,Clothing,Silver,3,2002,53.14,10.93,142.0,2023-12-28
TXN-0000234,Michael Robinson,East,Clothing,Silver,5,1965,60.66,8.79,276.64,2024-09-17
TXN-0000235,Sara Cain,Central,Grocery,Bronze,5,2000,21.27,0.0,106.35,2024-01-10
TXN-0000236,Michelle Prince,West,Clothing,Silver,1,1963,31.92,6.81,29.75,2023-11-15
TXN-0000237,Eric Williams,East,Grocery,Silver,3,1950,10.24,7.85,28.31,2025-02-22
TXN-0000238,Raymond Wang,West,Electronics,Platinum,7,2004,207.0,11.41,1283.67,2024-01-16
TXN-0000239,Jade Allen,North,Clothing,Gold,2,1971,62.59,13.1,108.78,2025-12-04
TXN-0000240,Javier Hays,North,Clothing,Silver,2,1997,88.12,13.04,153.26,2024-10-01
TXN-0000241,Corey Caldwell,West,Clothing,Gold,4,1999,104.86,10.76,374.31,2024-12-03
TXN-0000242,Stephen Robles,West,Electronics,Bronze,2,1991,144.03,0.0,288.06,2026-08-02
TXN-0000243,Carol Jackson,South,Electronics,Bronze,5,1969,141.43,0.0,707.15,2025-10-21
TXN-0000244,Brian Murphy,East,Clothing,Silver,3,1948,34.21,4.54,97.97,2024-08-25
TXN-0000245,Chelsey Clark,East,Clothing,Silver,6,1997,65.93,10.86,352.62,2026-01-12
TXN-0000246,Teresa Martinez,West,Grocery,Bronze,4,1960,8.76,11.22,31.11,2024-04-20
TXN-0000247,Howard Thompson,East,Electronics,Bronze,5,2002,113.93,2.55,555.12,2026-03-03
TXN-0000248,Eugene Price,South,Clothing,Silver,3,1957,61.27,4.02,176.42,2026-03-11
TXN-0000249,Austin Briggs,South,Electronics,Bronze,3,1950,127.05,0.0,381.15,2025-10-01
TXN-0000250,Jackie Jones,South,Sports,Silver,3,1998,73.77,10.61,197.83,2024-10-09
TXN-0000251,Eric George,West,Grocery,Silver,5,1951,16.74,9.53,75.72,2025-10-01
TXN-0000252,Mrs. Kimberly Mooney,West,Sports,Gold,6,2003,50.82,17.1,252.78,2025-06-21
TXN-0000253,Carolyn Haley,East,Sports,Bronze,4,1957,36.4,0.15,145.38,2024-07-19
TXN-0000254,Vicki Horton,South,Clothing,Bronze,2,1987,70.27,7.71,129.7,2024-02-21
TXN-0000255,Valerie Benson,South,Grocery,Bronze,4,1965,16.91,2.61,65.87,2024-02-25
TXN-0000256,Mark Henson,West,Clothing,Bronze,1,1998,61.94,0.0,61.94,2026-07-17
TXN-0000257,Samuel Olson,West,Sports,Gold,6,1961,73.48,5.82,415.22,2025-07-28
TXN-0000258,Lee Richards,North,Clothing,Silver,3,1975,53.55,5.2,152.3,2025-03-31
TXN-0000259,Martin Hall,North,Clothing,Bronze,1,1985,58.24,0.16,58.15,2025-07-17
TXN-0000260,Virginia Hall,East,Sports,Platinum,3,1953,70.12,16.25,176.18,2025-06-27
TXN-0000261,Stephanie Parker,North,Grocery,Gold,3,1969,15.99,14.57,40.98,2025-09-22
TXN-0000262,Nicole Harvey,West,Sports,Bronze,2,1991,52.76,0.0,105.52,2023-12-21
TXN-0000263,James Phillips,South,Electronics,Bronze,5,2007,381.48,0.0,1907.4,2026-08-09
TXN-0000264,Dan Johnson,North,Clothing,Gold,3,2000,78.24,9.79,211.74,2026-07-09
TXN-0000265,Linda Bautista,Central,Clothing,Silver,3,2006,92.68,2.03,272.4,2026-06-27
TXN-0000266,Erin Ramirez,North,Clothing,Platinum,13,1999,85.76,18.0,914.2,2024-02-27
TXN-0000267,Paige Meyer,South,Home,Bronze,3,1991,81.62,0.09,244.64,2023-12-31
TXN-0000268,Maria Roberts,North,Clothing,Gold,3,1957,51.61,12.14,136.03,2025-06-14
TXN-0000269,Ryan Rivera,North,Grocery,Bronze,2,1955,18.02,3.34,34.84,2025-03-08
TXN-0000270,Joshua Knox,North,Electronics,Bronze,2,2005,140.85,7.36,260.97,2024-03-15
TXN-0000271,Danielle Mcdaniel,North,Grocery,Gold,8,1952,24.47,16.54,163.38,2024-10-18
TXN-0000272,Lisa James,North,Grocery,Silver,1,1972,13.54,1.53,13.33,2024-07-21
TXN-0000273,Jeremy Smith,North,Home,Bronze,7,1956,61.96,5.13,411.47,2024-07-19
TXN-0000274,Andrea Lee,East,Clothing,Bronze,1,1976,34.94,5.79,32.92,2026-01-08
TXN-0000275,Brenda Harris,West,Electronics,Gold,2,1965,142.85,15.65,240.99,2025-08-24
TXN-0000276,Kevin Guerra,South,Electronics,Bronze,1,1976,135.64,0.42,135.07,2024-05-02
TXN-0000277,Cynthia Miller,South,Grocery,Bronze,3,1998,14.49,7.13,40.37,2025-07-14
TXN-0000278,Emily Griffith,East,Home,Bronze,4,1959,92.68,0.0,370.72,2024-07-09
TXN-0000279,Christopher Wright,Central,Electronics,Bronze,4,2005,106.39,5.73,401.18,2024-12-03
TXN-0000280,Jerome Reid,West,Sports,Gold,6,1975,97.25,16.63,486.46,2025-09-15
TXN-0000281,Richard Miller,North,Grocery,Bronze,5,1967,12.26,3.75,59.0,2024-10-20
TXN-0000282,Jennifer Jackson,North,Grocery,Silver,2,1981,11.94,0.71,23.71,2024-01-23
TXN-0000283,Jonathan Moss,South,Clothing,Silver,3,1995,43.91,7.71,121.57,2025-08-16
TXN-0000284,Sally Leon,South,Sports,Bronze,5,2003,71.46,4.91,339.76,2026-01-29
TXN-0000285,James Dickerson,East,Electronics,Silver,2,1958,216.23,7.17,401.45,2024-02-27
TXN-0000286,Tammy Larson,South,Electronics,Bronze,3,2005,155.87,1.71,459.61,2023-12-15
TXN-0000287,Nicholas Scott,North,Sports,Gold,7,1986,42.77,11.69,264.39,2026-07-07
TXN-0000288,Jesse Brooks,South,Sports,Gold,4,1959,88.95,11.15,316.13,2026-01-14
TXN-0000289,Andrea Taylor,East,Home,Gold,7,1951,106.03,12.67,648.17,2023-10-20
TXN-0000290,Christopher Lopez,North,Electronics,Bronze,4,1953,130.59,6.19,490.03,2024-02-19
TXN-0000291,Jonathan Swanson,West,Clothing,Gold,5,1950,58.39,10.54,261.18,2024-09-29
TXN-0000292,Timothy Bentley DVM,North,Grocery,Silver,4,1958,29.74,8.37,109.0,2024-06-12
TXN-0000293,John Davidson,Central,Grocery,Bronze,2,1994,13.3,0.0,26.6,2025-06-20
TXN-0000294,Jennifer Williams,North,Clothing,Bronze,2,1964,76.98,0.16,153.71,2025-10-21
TXN-0000295,Janice Cunningham,West,Electronics,Bronze,6,1966,249.17,4.5,1427.74,2025-10-14
TXN-0000296,Jeffrey Scott,Central,Grocery,Bronze,3,1979,19.14,5.52,54.25,2024-08-25
TXN-0000297,Miranda Hicks,Central,Grocery,Bronze,2,1957,11.71,0.0,23.42,2025-06-11
TXN-0000298,Michael Horton DDS,West,Clothing,Gold,4,1973,86.9,13.99,298.97,2023-12-28
TXN-0000299,Nancy Allen,West,Home,Platinum,4,1969,124.02,22.73,383.32,2024-06-09
TXN-0000300,Robert Mccoy,East,Sports,Bronze,1,1945,90.87,0.0,90.87,2025-05-08
TXN-0000301,Melissa Brewer,West,Clothing,Platinum,5,1997,54.0,14.13,231.85,2023-10-01
TXN-0000302,Jesus Becker,North,Home,Silver,4,1948,134.95,2.26,527.6,2025-05-26
TXN-0000303,Lance Lynn,East,Home,Silver,2,1992,66.84,1.39,131.82,2024-11-12
TXN-0000304,Alexandria Wise,East,Home,Platinum,5,1990,121.49,22.46,471.02,2025-09-03
TXN-0000305,Sydney Sanders,West,Grocery,Silver,3,1968,16.08,7.33,44.7,2024-12-14
TXN-0000306,Stephanie Stone,East,Home,Silver,2,1996,50.05,5.46,94.63,2025-07-16
TXN-0000307,Jay Gallegos,South,Home,Bronze,1,1978,63.32,0.0,63.32,2026-09-14
TXN-0000308,Eric Ponce,East,Electronics,Bronze,2,1994,184.3,5.82,347.15,2026-02-07
TXN-0000309,Janet Parker,South,Grocery,Gold,4,1995,19.46,12.22,68.33,2026-07-22
TXN-0000310,Shawn Luna,North,Electronics,Bronze,4,1945,186.85,3.07,724.45,2025-10-23
TXN-0000311,Mark Frank,East,Electronics,Bronze,1,1987,140.71,0.0,140.71,2024-05-25
TXN-0000312,Charles Goodman,South,Home,Bronze,3,1974,96.9,0.0,290.7,2024-07-18
TXN-0000313,Jennifer Parker,South,Home,Silver,4,1954,112.03,10.5,401.07,2024-12-31
TXN-0000314,Dr. April Jones,South,Sports,Bronze,2,2003,171.31,2.24,334.95,2024-08-31
TXN-0000315,Kelly Pena,South,Grocery,Platinum,7,1965,15.69,20.55,87.26,2023-12-27
TXN-0000316,Carolyn Brooks,South,Grocery,Bronze,6,2007,25.77,3.09,149.84,2026-03-15
TXN-0000317,Christina White,South,Clothing,Gold,6,1979,68.97,16.41,345.91,2026-01-17
TXN-0000318,Joanne Olsen,West,Home,Silver,6,2006,93.95,11.03,501.52,2023-12-31
TXN-0000319,Anthony White,South,Sports,Silver,3,1986,47.56,3.04,138.34,2025-01-27
TXN-0000320,Deanna Barrera,Central,Clothing,Bronze,4,2000,89.46,1.04,354.12,2023-12-25
TXN-0000321,Mark Weber,Central,Grocery,Bronze,1,1950,19.64,0.0,19.64,2023-12-14
TXN-0000322,Carol Carter,East,Home,Gold,2,1985,73.19,13.58,126.5,2026-03-23
TXN-0000323,Donald Peterson,South,Electronics,Gold,5,1991,117.41,11.59,519.01,2025-10-07
TXN-0000324,Karen Chambers,East,Home,Silver,7,2000,98.61,5.86,649.82,2025-11-17
TXN-0000325,Antonio Walton,West,Electronics,Gold,4,2006,115.23,12.17,404.83,2025-12-31
TXN-0000326,Kevin Huerta,West,Electronics,Gold,3,2002,131.12,11.99,346.2,2024-05-29
TXN-0000327,Joseph Smith,West,Electronics,Bronze,1,1977,130.09,10.79,116.05,2023-12-25
TXN-0000328,Victoria Juarez,East,Electronics,Silver,8,1981,162.61,0.19,1298.41,2025-11-24
TXN-0000329,Kara Rogers,East,Clothing,Gold,5,2007,67.86,12.43,297.13,2024-01-30
TXN-0000330,Jacob Wu,South,Sports,Gold,2,1953,67.11,7.72,123.86,2024-07-12
TXN-0000331,Dr. Teresa Ortega MD,West,Clothing,Bronze,4,1973,51.06,2.54,199.05,2024-01-12
TXN-0000332,Henry Rivera,South,Grocery,Bronze,3,1956,18.7,0.0,56.1,2026-04-09
TXN-0000333,Jesus Hale,West,Home,Bronze,3,1980,69.26,1.73,204.19,2024-01-11
TXN-0000334,Stacy Taylor,West,Electronics,Bronze,4,1988,130.27,0.0,521.08,2026-08-11
TXN-0000335,Sheila Ramirez,North,Electronics,Bronze,3,1946,135.86,5.73,384.23,2024-09-27
TXN-0000336,Robin Richardson,East,Sports,Silver,3,1985,82.95,1.76,244.47,2025-06-16
TXN-0000337,Mary Alvarez,North,Home,Silver,5,2000,158.05,2.22,772.71,2024-04-01
TXN-0000338,Cole Andersen,West,Sports,Bronze,5,1971,48.5,0.0,242.5,2026-02-28
TXN-0000339,Robin Smith,North,Clothing,Silver,6,2003,59.8,8.27,329.13,2024-10-14
TXN-0000340,Angel Aguirre,Central,Grocery,Bronze,4,1952,16.61,2.68,64.66,2026-03-15
TXN-0000341,Jeremy Lawson,North,Grocery,Bronze,4,1947,16.96,0.91,67.22,2026-04-08
TXN-0000342,Lonnie Miller,Central,Sports,Gold,7,1958,63.22,15.18,375.36,2023-11-28
TXN-0000343,Timothy Galvan,West,Electronics,Gold,2,2001,238.56,5.01,453.22,2026-05-17
TXN-0000344,Dr. Susan Navarro,East,Sports,Bronze,3,2007,32.09,1.09,95.22,2024-02-02
TXN-0000345,Cory Thomas,West,Clothing,Gold,2,1957,36.96,12.88,64.4,2025-07-10
TXN-0000346,Laura Vincent,West,Grocery,Gold,5,1945,26.36,13.56,113.93,2026-07-15
TXN-0000347,Bethany Robles,Central,Home,Silver,2,1988,135.3,7.17,251.2,2026-03-22
TXN-0000348,Michael Dunn,South,Home,Platinum,7,1997,166.63,20.82,923.56,2026-02-22
TXN-0000349,Carol Griffin,East,Clothing,Bronze,4,1969,61.23,3.51,236.32,2025-12-18
TXN-0000350,Matthew Allen,North,Grocery,Bronze,5,1983,21.31,8.76,97.22,2025-01-31
TXN-0000351,Paul Keller,East,Clothing,Gold,9,1999,28.65,15.45,218.01,2024-11-06
TXN-0000352,Jeffrey Baldwin,North,Home,Silver,4,1947,90.09,1.68,354.31,2024-08-10
TXN-0000353,Timothy Orr,East,Home,Bronze,5,2000,109.47,4.88,520.64,2026-08-03
TXN-0000354,Connie Scott,East,Grocery,Bronze,2,1971,15.17,1.43,29.91,2025-01-28
TXN-0000355,Steven Martinez,East,Home,Bronze,2,2003,87.14,0.0,174.28,2024-10-02
TXN-0000356,Joseph Swanson,East,Grocery,Bronze,3,1996,27.71,0.0,83.13,2024-11-13
TXN-0000357,Michael Wiggins,West,Home,Bronze,4,1954,149.86,0.92,593.93,2025-06-03
TXN-0000358,Pamela Burke,West,Grocery,Platinum,5,1983,19.65,20.64,77.97,2024-04-18
TXN-0000359,Jamie Love,East,Grocery,Bronze,2,1962,17.68,4.57,33.74,2026-08-06
TXN-0000360,Jane May,East,Grocery,Gold,6,2003,23.23,9.09,126.71,2026-06-26
TXN-0000361,Savannah Stokes,Central,Grocery,Bronze,2,2005,15.82,0.49,31.48,2025-01-06
TXN-0000362,Brian Miller,North,Home,Bronze,2,2005,129.7,0.22,258.83,2025-09-07
TXN-0000363,Patrick Pineda,North,Electronics,Gold,4,1961,133.15,10.96,474.23,2025-01-31
TXN-0000364,Audrey Richardson,North,Grocery,Bronze,6,1997,23.4,0.0,140.4,2024-01-18
TXN-0000365,Tiffany Ray,West,Electronics,Bronze,4,1951,158.9,0.0,635.6,2023-10-12
TXN-0000366,Antonio Nichols,South,Electronics,Gold,8,1990,128.83,11.9,907.99,2025-09-08
TXN-0000367,Veronica Flores,West,Grocery,Bronze,3,1952,20.41,4.15,58.69,2026-05-19
TXN-0000368,Michael Hogan,West,Clothing,Bronze,2,1951,47.94,1.14,94.79,2026-02-18
TXN-0000369,Lindsay Walker,South,Home,Platinum,5,2004,127.46,15.77,536.8,2024-03-01
TXN-0000370,Joshua Murray,Central,Sports,Bronze,3,1993,52.96,1.04,157.23,2024-01-19
TXN-0000371,Tommy Hood,West,Electronics,Silver,2,1948,173.09,2.61,337.14,2026-01-10
TXN-0000372,Mr. Kyle Thomas DDS,South,Electronics,Bronze,4,1985,123.83,4.56,472.73,2024-08-24
TXN-0000373,Michele George,South,Electronics,Bronze,2,1993,243.61,7.2,452.14,2025-11-21
TXN-0000374,William Martinez,South,Clothing,Silver,2,1968,70.63,7.28,130.98,2024-11-12
TXN-0000375,Michelle Mendoza DVM,North,Grocery,Silver,5,1995,17.72,9.31,80.35,2024-04-20
TXN-0000376,Michael Bennett DVM,North,Grocery,Bronze,5,1994,17.9,0.0,89.5,2025-03-23
TXN-0000377,Ronald Clark,Central,Home,Gold,8,1965,162.28,13.76,1119.6,2024-01-12
TXN-0000378,Rita Graves,South,Clothing,Gold,4,1972,71.74,12.73,250.43,2024-10-11
TXN-0000379,Sean White,South,Home,Silver,5,1965,69.08,10.33,309.72,2025-04-24
TXN-0000380,Mr. William Hopkins,West,Electronics,Silver,2,1989,221.92,4.75,422.76,2024-12-13
TXN-0000381,Wendy Kelley,East,Grocery,Silver,3,1997,14.78,6.54,41.44,2024-05-30
TXN-0000382,Michael Mooney,Central,Home,Silver,7,1989,94.95,2.96,644.98,2025-08-08
TXN-0000383,Jeanne Rose,West,Electronics,Bronze,4,1969,76.77,4.06,294.61,2026-01-18
TXN-0000384,Michael Lee,East,Grocery,Gold,3,1992,23.94,10.58,64.22,2026-09-24
TXN-0000385,Jennifer Anderson,South,Grocery,Silver,4,2002,14.24,5.68,53.72,2025-01-09
TXN-0000386,Lauren Trujillo,Central,Clothing,Platinum,7,1966,51.15,16.67,298.36,2026-05-05
TXN-0000387,Michelle Ellis,West,Home,Platinum,3,2002,55.27,19.12,134.11,2026-07-09
TXN-0000388,Chad Dominguez,Central,Home,Bronze,5,1956,95.87,4.29,458.79,2025-12-27
TXN-0000389,Charles Robinson,North,Electronics,Bronze,4,2001,163.99,3.03,636.08,2023-10-10
TXN-0000390,Nancy Smith,West,Electronics,Silver,4,1990,102.43,11.25,363.63,2026-07-31
TXN-0000391,Laura Gregory,East,Grocery,Silver,7,1982,18.21,4.49,121.75,2026-02-05
TXN-0000392,Brittany Clements MD,North,Sports,Gold,4,1970,68.35,12.81,238.38,2025-01-05
TXN-0000393,Tammy Davis,East,Home,Bronze,5,1991,138.13,5.8,650.59,2026-07-24
TXN-0000394,Catherine Williams,West,Home,Silver,6,2006,70.23,3.5,406.63,2024-03-06
TXN-0000395,Miss Leslie Booker,North,Home,Platinum,4,2000,106.43,24.0,323.55,2024-04-23
TXN-0000396,Jennifer Johnson,East,Clothing,Platinum,5,2007,32.87,25.14,123.03,2024-11-11
TXN-0000397,John Watts,West,Electronics,Bronze,4,2007,164.54,0.0,658.16,2024-03-25
TXN-0000398,Marissa Bennett,South,Clothing,Platinum,7,2004,62.33,28.34,312.66,2024-03-12
TXN-0000399,Rebecca Barrett,East,Sports,Bronze,1,1980,86.49,0.85,85.75,2026-02-03
TXN-0000400,Sharon Santos,East,Grocery,Silver,3,1974,17.27,0.91,51.34,2024-05-26
TXN-0000401,Matthew Richardson,South,Sports,Bronze,3,1970,137.5,0.0,412.5,2024-11-24
TXN-0000402,Bradley Burns,Central,Electronics,Silver,2,2004,141.03,6.27,264.37,2024-12-08
TXN-0000403,Katrina Johnson,West,Home,Bronze,5,1970,106.53,0.38,530.63,2026-04-24
TXN-0000404,Laura Hill,North,Home,Bronze,2,1947,80.61,0.0,161.22,2024-08-20
TXN-0000405,Rebecca White,Central,Electronics,Bronze,2,1957,119.33,0.0,238.66,2025-03-13
TXN-0000406,Mr. Jeffrey Duncan,Central,Electronics,Gold,6,1985,105.58,7.9,583.44,2024-08-09
TXN-0000407,Arthur Stout,South,Grocery,Silver,5,1982,13.07,12.6,57.12,2026-08-30
TXN-0000408,Cathy Hess,West,Grocery,Silver,5,2006,22.24,8.06,102.24,2026-06-09
TXN-0000409,Justin Herrera,North,Home,Silver,2,2005,143.21,10.33,256.83,2024-11-11
TXN-0000410,Katherine Stone,Central,Clothing,Bronze,2,1945,67.88,0.0,135.76,2025-11-21
TXN-0000411,Michelle Tyler,West,Home,Bronze,3,1996,80.04,0.44,239.06,2025-10-25
TXN-0000412,Paul Sheppard,West,Electronics,Bronze,3,1992,128.42,0.0,385.26,2024-10-22
TXN-0000413,Catherine George,North,Electronics,Silver,3,1998,169.47,5.09,482.53,2023-12-15
TXN-0000414,Justin Mcbride,Central,Home,Platinum,3,1982,62.51,23.56,143.35,2024-02-18
TXN-0000415,Carl Harris,North,Clothing,Bronze,2,1984,74.94,0.32,149.4,2026-06-09
TXN-0000416,Justin York,South,Sports,Silver,3,1949,85.35,6.48,239.46,2025-07-17
TXN-0000417,William Hunter,North,Home,Gold,4,1978,64.14,10.5,229.62,2024-11-30
TXN-0000418,Joshua Henderson,West,Electronics,Gold,3,1958,269.66,15.55,683.18,2023-12-05
TXN-0000419,April Turner,North,Electronics,Bronze,4,1958,104.9,0.0,419.6,2023-10-03
TXN-0000420,Kelly Patton,Central,Grocery,Platinum,4,1953,18.33,24.29,55.51,2025-02-27
TXN-0000421,Jill Ray,West,Electronics,Silver,1,1977,214.22,5.64,202.14,2024-04-18
TXN-0000422,Kelly Andersen,North,Electronics,Silver,3,1991,206.89,15.48,524.59,2026-06-13
TXN-0000423,Joshua Clark,North,Clothing,Gold,3,1950,44.19,17.19,109.78,2024-11-07
TXN-0000424,Robert Young,North,Clothing,Bronze,4,1994,47.61,1.82,186.97,2024-06-05
TXN-0000425,Elijah Wall,East,Home,Gold,3,2005,64.41,13.24,167.65,2025-08-14
TXN-0000426,Lindsey Robinson,West,Home,Silver,2,2006,97.16,11.8,171.39,2026-02-01
TXN-0000427,Carl Dean,South,Electronics,Gold,4,1987,213.19,14.14,732.18,2025-07-23
TXN-0000428,David James,West,Grocery,Gold,2,1993,9.23,15.1,15.67,2026-02-15
TXN-0000429,Jennifer Miller,North,Clothing,Silver,6,1948,66.81,14.4,343.14,2023-10-13
TXN-0000430,Jeffery Neal,West,Home,Bronze,3,1994,75.76,2.72,221.1,2024-03-19
TXN-0000431,Andrea Oconnor,Central,Electronics,Bronze,1,1983,154.88,0.0,154.88,2024-01-22
TXN-0000432,Melissa Lee MD,West,Home,Gold,4,1972,62.0,13.6,214.27,2026-09-05
TXN-0000433,Samantha Jacobs,West,Clothing,Silver,4,1998,44.29,11.1,157.5,2024-05-16
TXN-0000434,Christian Riddle,West,Home,Gold,3,1954,180.75,14.1,465.79,2026-01-22
TXN-0000435,Alexander Munoz,North,Clothing,Bronze,3,1989,48.86,0.0,146.58,2023-11-22
TXN-0000436,Caleb Rodriguez,South,Sports,Silver,6,1971,74.71,6.7,418.23,2025-04-23
TXN-0000437,Andrea Bowman,North,Electronics,Gold,3,1996,116.16,18.19,285.09,2026-03-20
TXN-0000438,Gavin Nelson,East,Sports,Gold,1,1951,185.21,8.03,170.34,2026-02-02
TXN-0000439,Courtney Smith,West,Sports,Bronze,2,1954,88.28,0.0,176.56,2024-05-15
TXN-0000440,Wayne Gray,East,Clothing,Bronze,1,1998,54.59,0.0,54.59,2025-07-26
TXN-0000441,Timothy Thompson,West,Clothing,Gold,1,1983,75.9,17.01,62.99,2024-04-12
TXN-0000442,Elizabeth Nicholson,North,Clothing,Gold,2,1973,62.28,5.83,117.3,2023-12-01
TXN-0000443,Joseph Graves PhD,West,Sports,Silver,3,1990,70.62,7.42,196.14,2025-01-18
TXN-0000444,Lisa Mosley,North,Home,Silver,6,1995,86.05,8.74,471.18,2025-04-16
TXN-0000445,Travis Price,South,Home,Bronze,2,1976,52.51,2.01,102.91,2023-11-28
TXN-0000446,Patrick Faulkner,West,Electronics,Bronze,3,2005,140.78,0.0,422.34,2025-04-05
TXN-0000447,Linda Atkinson,Central,Grocery,Bronze,3,2000,15.08,2.46,44.13,2024-08-19
TXN-0000448,Cameron Smith,East,Electronics,Bronze,3,1967,179.03,0.0,537.09,2026-08-22
TXN-0000449,Brittney Martinez,North,Electronics,Gold,3,1974,148.57,13.51,385.49,2024-10-19
TXN-0000450,Nicolas Brown,East,Clothing,Bronze,7,1958,69.92,0.0,489.44,2026-07-30
TXN-0000451,Vanessa Zimmerman,North,Home,Gold,4,1958,93.2,14.16,320.01,2024-03-05
TXN-0000452,Lee Mann,Central,Sports,Silver,3,1960,55.87,6.83,156.16,2025-03-30
TXN-0000453,William Lindsey,West,Grocery,Bronze,3,1946,30.31,0.0,90.93,2026-02-13
TXN-0000454,Desiree Patterson,North,Electronics,Bronze,1,1991,139.75,3.93,134.26,2025-06-20
TXN-0000455,Sierra Cervantes,North,Clothing,Bronze,2,1952,66.77,1.49,131.55,2026-05-19
TXN-0000456,Scott Meza,North,Grocery,Silver,3,1960,11.38,8.11,31.37,2024-05-25
TXN-0000457,Erik Davis,Central,Home,Gold,3,1971,117.84,13.69,305.12,2024-09-29
TXN-0000458,Nicholas Duffy,East,Electronics,Gold,3,1966,90.25,16.51,226.05,2024-06-06
TXN-0000459,Anthony Paul,West,Clothing,Gold,1,1995,108.34,15.01,92.08,2024-06-29
TXN-0000460,Katherine Baxter,East,Home,Gold,5,1983,114.37,14.41,489.45,2025-06-29
TXN-0000461,Jessica Romero,East,Sports,Gold,5,1950,69.5,6.34,325.47,2023-11-05
TXN-0000462,Karen Robertson,North,Grocery,Silver,3,1973,21.98,5.47,62.33,2024-07-02
TXN-0000463,Dr. Melissa Sullivan DDS,Central,Electronics,Silver,4,1991,102.68,0.0,410.72,2025-02-25
TXN-0000464,Nichole Klein,South,Grocery,Bronze,2,1958,16.77,0.0,33.54,2025-06-28
TXN-0000465,Nicole Sanchez,East,Clothing,Bronze,4,1952,71.38,5.65,269.39,2026-08-03
TXN-0000466,Tiffany Morrow,West,Grocery,Silver,4,1975,22.0,4.95,83.64,2024-10-17
TXN-0000467,Kelsey Lynch,East,Clothing,Silver,7,1974,54.85,10.57,343.37,2024-11-15
TXN-0000468,Traci Craig,Central,Electronics,Bronze,3,1973,178.68,0.0,536.04,2024-06-01
TXN-0000469,Kelly Walker,North,Home,Platinum,5,1984,131.37,19.08,531.52,2026-09-21
TXN-0000470,Ryan Palmer,East,Clothing,Bronze,4,1986,70.84,2.08,277.47,2024-03-13
TXN-0000471,Jenny Gray,South,Electronics,Silver,6,1966,82.9,11.98,437.81,2025-05-14
TXN-0000472,Brian Sloan,East,Home,Platinum,3,1970,89.76,23.07,207.16,2023-11-27
TXN-0000473,Joshua Miranda,North,Grocery,Bronze,1,1998,18.12,0.0,18.12,2025-09-28
TXN-0000474,Edwin Carter,North,Grocery,Gold,5,1995,11.62,10.85,51.8,2024-09-07
TXN-0000475,Oscar Carroll,South,Clothing,Gold,9,1955,38.01,13.24,296.8,2024-08-03
TXN-0000476,Eric Fitzpatrick,South,Electronics,Gold,4,1959,270.21,20.95,854.4,2025-09-12
TXN-0000477,Samantha Johnson,South,Home,Platinum,5,1981,69.81,19.89,279.62,2025-03-24
TXN-0000478,Luke Freeman,East,Clothing,Silver,2,1976,47.42,3.75,91.28,2025-01-14
TXN-0000479,Luis Murphy,East,Electronics,Silver,4,1984,120.94,3.92,464.8,2024-09-15
TXN-0000480,Aaron Zamora,South,Sports,Silver,5,1995,86.67,6.0,407.35,2024-09-08
TXN-0000481,Henry Garcia,South,Sports,Bronze,5,1967,82.7,2.76,402.09,2023-11-03
TXN-0000482,Bradley Robertson Jr.,South,Electronics,Bronze,5,1961,315.33,0.0,1576.65,2026-07-19
TXN-0000483,John Moore,East,Grocery,Bronze,1,1945,14.92,4.97,14.18,2024-07-24
TXN-0000484,Courtney Foster,South,Home,Bronze,3,1959,108.1,0.0,324.3,2025-06-07
TXN-0000485,Jeffrey White,North,Clothing,Gold,2,2005,28.42,17.2,47.06,2025-02-18
TXN-0000486,Ashley Gonzales,South,Home,Platinum,5,1981,54.79,20.56,217.63,2024-12-03
TXN-0000487,Candice Gomez,East,Electronics,Platinum,4,2000,254.98,18.49,831.34,2024-01-13
TXN-0000488,Ian Harrell,South,Electronics,Bronze,5,1978,235.56,0.0,1177.8,2024-12-04
TXN-0000489,Colton Williams,East,Sports,Silver,4,2003,87.61,5.42,331.45,2025-03-26
TXN-0000490,Patrick Santana,East,Home,Silver,3,2004,133.5,6.73,373.55,2026-06-20
TXN-0000491,Cristian Mendoza,West,Clothing,Bronze,3,1965,37.74,1.89,111.08,2025-11-27
TXN-0000492,Deborah Fisher,East,Home,Silver,5,1995,160.49,8.78,731.99,2025-06-09
TXN-0000493,Rebecca Klein,West,Sports,Bronze,3,1952,52.21,0.37,156.05,2026-08-18
TXN-0000494,Phillip Macias,South,Clothing,Platinum,1,1964,61.61,21.83,48.16,2026-01-07
TXN-0000495,Tammy Cameron,West,Sports,Bronze,2,1971,197.88,0.0,395.76,2025-02-23
TXN-0000496,Brian Rodriguez,East,Grocery,Gold,4,1953,13.22,16.25,44.29,2023-11-09
TXN-0000497,Christopher Porter,South,Clothing,Gold,4,1948,88.17,16.3,295.19,2024-03-25
TXN-0000498,Cynthia Gregory,East,Grocery,Silver,3,1960,25.24,7.92,69.72,2024-11-06
TXN-0000499,William Mclaughlin,South,Grocery,Bronze,4,1965,14.93,4.47,57.05,2024-07-01
TXN-0000500,Dylan Tucker,East,Grocery,Bronze,2,1970,37.41,0.74,74.27,2026-03-17
TXN-0000501,Danielle Hernandez,West,Clothing,Platinum,6,1980,39.97,19.18,193.82,2024-11-13
TXN-0000502,Danielle Wang,Central,Electronics,Bronze,4,1950,157.96,0.97,625.71,2023-11-26
TXN-0000503,Wendy Wright,Central,Electronics,Bronze,4,1986,200.28,6.35,750.25,2024-03-14
TXN-0000504,Christina Mccarthy,East,Home,Platinum,6,1961,87.04,20.51,415.13,2026-04-11
TXN-0000505,Meredith Shaw,East,Grocery,Gold,2,1996,53.43,10.13,96.04,2025-08-03
TXN-0000506,Willie Garza,West,Grocery,Gold,5,1995,11.59,12.6,50.65,2025-03-18
TXN-0000507,Crystal Anderson,South,Home,Bronze,4,1982,158.55,0.15,633.25,2025-01-27
TXN-0000508,William Hickman,West,Electronics,Silver,2,1981,72.48,7.44,134.17,2025-08-05
TXN-0000509,Luis Davis,East,Electronics,Gold,4,1968,58.17,12.24,204.2,2026-04-26
TXN-0000510,Jason Torres,North,Grocery,Bronze,5,1947,18.34,0.0,91.7,2025-11-30
TXN-0000511,Crystal Rogers,North,Home,Bronze,5,1982,116.49,0.0,582.45,2024-03-25
TXN-0000512,Jordan Schneider,West,Grocery,Bronze,3,1945,30.32,0.51,90.5,2025-05-18
TXN-0000513,Derrick Ramirez,North,Electronics,Silver,4,1998,280.93,11.64,992.92,2026-03-11
TXN-0000514,Jason Flores,South,Clothing,Bronze,3,1969,58.99,0.0,176.97,2024-07-19
TXN-0000515,Andrew Williams,South,Sports,Gold,2,1979,89.29,14.22,153.19,2024-10-27
TXN-0000516,Christy Kennedy,North,Electronics,Bronze,5,1947,174.2,7.45,806.11,2023-12-05
TXN-0000517,Ashlee Lopez,South,Electronics,Bronze,5,1966,272.94,5.38,1291.28,2025-08-05
TXN-0000518,Heidi Torres,West,Grocery,Platinum,4,1964,11.68,19.91,37.42,2023-09-30
TXN-0000519,Adam Arnold,North,Home,Platinum,5,1980,71.32,19.2,288.13,2025-12-13
TXN-0000520,Erin Figueroa,West,Sports,Silver,2,1959,101.2,9.24,183.7,2026-01-11
TXN-0000521,Richard Rice,West,Sports,Gold,2,1961,108.41,18.28,177.19,2026-08-29
TXN-0000522,Matthew Clark,South,Grocery,Bronze,2,1975,28.83,4.51,55.06,2026-08-04
TXN-0000523,Stephen Anderson,North,Electronics,Silver,5,1980,156.1,7.65,720.79,2024-07-30
TXN-0000524,Barbara Willis,East,Home,Bronze,4,1980,75.6,6.24,283.53,2025-04-15
TXN-0000525,Martha Lee,North,Sports,Silver,3,1965,95.95,7.62,265.92,2025-07-28
TXN-0000526,Tammy Jones,South,Clothing,Gold,5,1988,37.47,13.32,162.39,2024-01-14
TXN-0000527,Grace Swanson,Central,Sports,Gold,6,1953,134.38,15.22,683.56,2026-07-25
TXN-0000528,Christina Le MD,Central,Grocery,Bronze,4,1971,15.09,0.0,60.36,2025-02-21
TXN-0000529,Joshua King,West,Electronics,Bronze,2,2006,145.23,12.47,254.24,2026-05-23
TXN-0000530,Sarah Meadows,South,Home,Platinum,5,1982,117.07,20.55,465.06,2025-01-27
TXN-0000531,Stephanie West,West,Grocery,Silver,4,1954,13.96,6.35,52.29,2026-07-24
TXN-0000532,Susan Jones,West,Electronics,Bronze,5,1983,107.01,4.95,508.57,2024-04-08
TXN-0000533,Timothy Gordon,South,Clothing,Bronze,4,1996,82.34,5.84,310.13,2025-01-06
TXN-0000534,Kyle Horton,East,Grocery,Bronze,4,1965,12.49,0.0,49.96,2025-11-23
TXN-0000535,Angel Knight,North,Electronics,Silver,4,1957,175.23,1.02,693.77,2025-01-20
TXN-0000536,Melissa Yang,South,Clothing,Silver,2,1963,55.42,5.84,104.37,2026-07-29
TXN-0000537,Michael Berg,East,Grocery,Silver,7,1992,9.26,8.0,59.63,2025-06-23
TXN-0000538,Carol Christensen,North,Grocery,Silver,4,1987,12.48,4.4,47.72,2025-02-15
TXN-0000539,Richard Morales,North,Home,Silver,3,1985,101.89,6.91,284.55,2025-06-14
TXN-0000540,Clinton Moore,West,Sports,Bronze,2,1959,115.47,1.55,227.36,2026-09-15
TXN-0000541,Michael Suarez,Central,Sports,Bronze,3,1948,57.44,0.0,172.32,2024-12-30
TXN-0000542,Joy Zimmerman,East,Home,Bronze,3,1948,66.0,4.31,189.47,2026-02-05
TXN-0000543,Elizabeth Robinson,West,Electronics,Gold,4,1976,199.57,16.14,669.44,2024-04-12
TXN-0000544,Kristen Jackson,Central,Grocery,Gold,6,1948,23.83,13.69,123.41,2024-07-22
TXN-0000545,David Williams,North,Clothing,Bronze,1,2004,76.27,3.36,73.71,2025-07-12
TXN-0000546,Stephen Ho,East,Grocery,Silver,4,1966,19.45,4.71,74.14,2026-07-26
TXN-0000547,Richard Day,South,Home,Silver,3,1979,74.75,6.58,209.49,2025-05-08
TXN-0000548,Rodney Nichols,North,Clothing,Silver,1,2006,72.36,9.35,65.59,2026-08-15
TXN-0000549,Gregory Jacobs,West,Home,Silver,2,1976,87.4,2.22,170.92,2024-06-24
TXN-0000550,Bradley Thornton,South,Home,Platinum,4,1976,113.82,16.42,380.52,2026-05-11
TXN-0000551,Miranda Ortiz,East,Sports,Bronze,3,1949,62.55,0.0,187.65,2026-02-28
TXN-0000552,Erika Brown,North,Electronics,Silver,1,1964,148.67,12.89,129.51,2025-01-07
TXN-0000553,Samantha Robinson,North,Sports,Silver,4,1949,90.46,6.03,340.02,2025-06-19
TXN-0000554,Cassandra Bonilla,Central,Electronics,Silver,4,1987,77.88,12.03,274.04,2026-01-26
TXN-0000555,Veronica Osborne,North,Grocery,Bronze,3,1975,28.76,1.74,84.78,2023-09-28
TXN-0000556,Ashley Reese,South,Sports,Silver,1,1953,73.69,13.28,63.9,2025-01-12
TXN-0000557,Matthew Berg,South,Clothing,Bronze,5,2007,20.51,6.31,96.08,2024-12-16
TXN-0000558,Kristen Montoya,East,Electronics,Gold,4,1999,169.75,10.6,607.03,2024-08-19
TXN-0000559,Derrick Perkins,East,Grocery,Silver,3,1947,15.47,7.4,42.98,2025-07-26
TXN-0000560,Nicole Moore,East,Grocery,Bronze,5,2007,12.5,0.0,62.5,2026-03-16
TXN-0000561,Nicholas Richardson,North,Clothing,Platinum,3,1985,109.13,22.32,254.32,2026-04-27
TXN-0000562,Anna White,South,Home,Gold,3,1984,120.63,16.77,301.2,2026-07-11
TXN-0000563,Scott Lopez,West,Grocery,Silver,3,2000,17.03,13.58,44.15,2025-02-09
TXN-0000564,Nicholas Holland Jr.,East,Electronics,Platinum,6,1952,163.08,24.82,735.62,2025-09-19
TXN-0000565,Christopher Long,East,Home,Gold,3,2002,98.82,14.51,253.44,2025-08-14
TXN-0000566,Andrea Jones,West,Clothing,Bronze,2,2003,31.11,3.24,60.2,2025-08-14
TXN-0000567,Terry Waller,West,Electronics,Silver,6,1990,401.52,6.14,2261.2,2026-08-12
TXN-0000568,Joseph Acosta,North,Grocery,Silver,8,1951,18.28,13.38,126.67,2024-08-24
TXN-0000569,Lindsey Gray,South,Clothing,Silver,3,1979,103.58,3.98,298.37,2025-11-30
TXN-0000570,Ronald Hines,East,Sports,Platinum,2,1953,55.74,16.37,93.23,2025-10-02
TXN-0000571,Amanda Wright,South,Home,Silver,5,1963,110.52,3.16,535.14,2024-06-17
TXN-0000572,Charles Burton,West,Home,Bronze,3,1990,59.48,5.76,168.16,2026-07-17
TXN-0000573,Vincent Rosario,East,Clothing,Silver,1,1969,20.06,10.37,17.98,2024-02-06
TXN-0000574,Noah Morgan,West,Clothing,Gold,5,1990,75.48,14.56,322.45,2024-12-11
TXN-0000575,Christina Castillo,West,Grocery,Bronze,6,1975,19.27,3.1,112.04,2025-12-06
TXN-0000576,Jill Martin,East,Grocery,Bronze,3,1959,14.95,0.0,44.85,2026-07-25
TXN-0000577,Christopher Brown,Central,Grocery,Bronze,3,1970,5.52,2.95,16.07,2026-06-07
TXN-0000578,Lori Martinez,East,Clothing,Silver,4,1988,46.65,11.32,165.48,2026-05-16
TXN-0000579,Ashley Phillips,West,Clothing,Bronze,3,1996,60.53,0.0,181.59,2025-03-01
TXN-0000580,Sara Thomas,South,Electronics,Bronze,4,2003,109.74,0.0,438.96,2024-02-20
TXN-0000581,Allison Simmons,East,Grocery,Bronze,3,2003,18.85,3.09,54.8,2024-09-26
TXN-0000582,Matthew Perez,East,Clothing,Silver,4,1997,44.04,9.68,159.11,2026-08-08
TXN-0000583,Janice Henson,North,Home,Bronze,3,1968,59.1,4.86,168.68,2025-01-22
TXN-0000584,Ashley Jackson,South,Home,Bronze,3,1961,85.63,6.24,240.86,2024-09-10
TXN-0000585,Brian Sosa,Central,Clothing,Silver,5,1974,25.74,7.56,118.97,2024-08-02
TXN-0000586,Luis Wilson,East,Grocery,Bronze,5,1966,21.45,0.0,107.25,2024-05-13
TXN-0000587,Tamara Huang,North,Home,Bronze,2,1989,93.15,3.81,179.2,2023-11-04
TXN-0000588,Cassandra Moreno,South,Sports,Silver,5,2006,92.68,11.16,411.68,2023-12-08
TXN-0000589,Meghan Hernandez,North,Electronics,Bronze,3,2005,237.5,0.0,712.5,2024-10-12
TXN-0000590,Elizabeth Roth,North,Home,Bronze,3,1974,82.38,1.52,243.38,2025-10-05
TXN-0000591,Brian Hendricks,Central,Electronics,Silver,2,1974,62.45,0.0,124.9,2026-05-04
TXN-0000592,Tasha Cochran,East,Grocery,Bronze,5,1999,16.45,1.02,81.41,2024-01-19
TXN-0000593,Angela Smith,South,Home,Silver,6,1986,60.28,12.59,316.14,2025-09-04
TXN-0000594,Brittany Rios,East,Clothing,Platinum,6,1946,90.81,18.44,444.39,2025-07-02
TXN-0000595,James Griffith,North,Grocery,Silver,3,1958,15.81,3.3,45.86,2026-06-02
TXN-0000596,Karen Jones,South,Home,Silver,2,1947,120.82,13.86,208.15,2026-03-10
TXN-0000597,Tina Ramirez,West,Electronics,Gold,3,1948,266.81,15.15,679.16,2024-07-26
TXN-0000598,Zachary White,East,Home,Silver,5,1955,69.28,8.67,316.37,2026-09-13
TXN-0000599,Francisco Coleman,Central,Electronics,Gold,1,1973,164.28,13.55,142.02,2025-05-16
TXN-0000600,Jennifer Leon,East,Sports,Silver,2,1962,76.04,4.64,145.02,2025-11-03
TXN-0000601,Robert Valdez,East,Grocery,Silver,2,1982,38.96,6.08,73.18,2025-06-09
TXN-0000602,Jason Crawford,West,Grocery,Platinum,4,2000,28.04,25.81,83.21,2024-10-11
TXN-0000603,Kim Underwood,Central,Grocery,Bronze,3,1950,12.4,0.0,37.2,2024-05-14
TXN-0000604,Kevin Fisher,West,Grocery,Gold,5,1954,14.54,17.78,59.77,2026-07-13
TXN-0000605,Melissa Goodman,Central,Clothing,Silver,5,1981,46.76,8.22,214.58,2026-08-31
TXN-0000606,Cynthia Smith,West,Electronics,Silver,5,1996,120.41,8.24,552.44,2023-10-06
TXN-0000607,Alicia Grant DVM,West,Clothing,Silver,2,1985,49.23,1.15,97.33,2024-03-11
TXN-0000608,Amy Bailey,North,Sports,Bronze,1,1988,62.3,3.49,60.13,2025-07-19
TXN-0000609,Sharon Fuentes,West,Sports,Bronze,1,2003,75.96,1.77,74.62,2024-09-01
TXN-0000610,Charles Castaneda,East,Grocery,Platinum,12,1974,17.29,14.35,177.71,2024-06-27
TXN-0000611,Susan Sanchez,East,Electronics,Silver,3,1963,239.6,7.15,667.41,2026-09-13
TXN-0000612,Amy Taylor,West,Electronics,Gold,2,1978,122.55,11.51,216.89,2025-12-10
TXN-0000613,Michele Bennett,Central,Grocery,Bronze,4,1996,10.04,2.93,38.98,2025-09-18
TXN-0000614,Vincent Watson,Central,Electronics,Bronze,1,1981,134.63,0.0,134.63,2023-12-15
TXN-0000615,Mary Jones,South,Home,Bronze,2,2005,72.62,0.0,145.24,2026-02-09
TXN-0000616,Sheila Johnson,West,Clothing,Bronze,1,1964,92.11,2.33,89.96,2024-10-19
TXN-0000617,Bob Jones,West,Clothing,Silver,1,1986,73.94,5.62,69.78,2024-04-03
TXN-0000618,Robin Hernandez,South,Grocery,Platinum,4,1995,28.35,18.82,92.06,2025-09-06
TXN-0000619,Patrick Adkins,North,Sports,Gold,1,1976,105.05,8.73,95.88,2024-04-22
TXN-0000620,Elizabeth Jenkins,North,Grocery,Silver,1,1955,9.03,6.8,8.42,2025-09-18
TXN-0000621,Richard Dominguez,West,Home,Bronze,2,2002,66.78,4.24,127.9,2026-07-31
TXN-0000622,Christopher Ibarra,East,Clothing,Silver,4,1955,32.55,7.96,119.84,2025-12-31
TXN-0000623,Paul Gordon,Central,Sports,Silver,5,1978,129.8,5.71,611.94,2026-02-12
TXN-0000624,Ronnie Frazier,East,Home,Silver,4,1983,120.76,1.25,477.0,2026-04-10
TXN-0000625,Kristen Gallegos,Central,Home,Silver,3,1958,103.46,4.02,297.9,2025-02-01
TXN-0000626,Kathryn Fletcher,South,Grocery,Bronze,2,1965,14.75,0.0,29.5,2025-08-15
TXN-0000627,Christopher Dudley,West,Electronics,Bronze,2,1984,136.41,4.94,259.34,2026-05-06
TXN-0000628,Vanessa Martinez,North,Electronics,Platinum,3,1945,118.41,22.81,274.2,2025-11-20
TXN-0000629,Manuel Robinson,East,Grocery,Gold,3,1992,22.6,14.09,58.25,2025-07-21
TXN-0000630,Paul Hansen,West,Home,Platinum,7,1985,93.33,18.79,530.55,2026-01-26
TXN-0000631,Rose Mcdonald,Central,Electronics,Bronze,3,1992,203.98,6.56,571.8,2025-08-20
TXN-0000632,Martin Wilcox,West,Clothing,Silver,2,1995,63.68,9.2,115.64,2024-06-01
TXN-0000633,Robert Lucas,North,Sports,Bronze,3,1995,100.13,0.0,300.39,2025-10-04
TXN-0000634,Brian Miller,South,Home,Gold,3,1986,107.84,18.54,263.54,2025-08-27
TXN-0000635,Sarah Johnson,North,Home,Bronze,5,1972,132.36,1.43,652.34,2024-11-03
TXN-0000636,Joshua Jones,North,Electronics,Silver,4,1974,207.28,10.29,743.8,2024-10-16
TXN-0000637,Nicole Parker,West,Sports,Bronze,2,1989,62.65,3.65,120.73,2026-06-14
TXN-0000638,Margaret Johnson,West,Sports,Bronze,6,1988,89.01,0.0,534.06,2024-12-01
TXN-0000639,William Cunningham,West,Home,Bronze,3,1950,100.29,0.36,299.79,2025-12-15
TXN-0000640,Rachel Williams,West,Clothing,Silver,2,1972,51.45,0.26,102.63,2025-10-19
TXN-0000641,Tony Smith,West,Grocery,Gold,3,1992,17.89,10.29,48.15,2026-05-28
TXN-0000642,Douglas Sanders,West,Grocery,Platinum,3,1985,25.6,20.5,61.06,2024-10-03
TXN-0000643,Paul Swanson,North,Grocery,Silver,3,1948,21.75,7.24,60.53,2024-11-27
TXN-0000644,Michele Davis,South,Sports,Silver,2,1971,103.88,4.66,198.08,2025-08-11
TXN-0000645,Patrick Garcia,East,Home,Gold,3,1997,91.28,12.11,240.68,2024-01-26
TXN-0000646,Brittany Matthews,West,Clothing,Bronze,4,1991,82.25,2.39,321.14,2024-12-14
TXN-0000647,Kevin Christian,North,Home,Gold,2,1952,117.98,15.35,199.74,2024-09-26
TXN-0000648,Christian Ford,East,Grocery,Gold,6,2005,13.57,10.81,72.62,2024-11-23
TXN-0000649,Anna Higgins,West,Clothing,Silver,2,1957,48.52,6.47,90.76,2025-03-02
TXN-0000650,Rhonda Pena,North,Electronics,Bronze,3,1992,118.84,0.0,356.52,2025-02-05
TXN-0000651,Candace Stuart,South,Grocery,Bronze,4,1998,12.34,0.0,49.36,2026-01-14
TXN-0000652,Monica Curtis,Central,Clothing,Bronze,5,1982,140.5,5.96,660.63,2024-01-31
TXN-0000653,Gloria Floyd,West,Grocery,Platinum,6,1950,32.27,25.35,144.54,2024-04-29
TXN-0000654,Isaac Chase,South,Electronics,Silver,5,1954,239.77,7.72,1106.3,2024-05-19
TXN-0000655,Steven Schroeder,West,Clothing,Silver,4,1957,64.36,5.86,242.35,2024-09-21
TXN-0000656,Daniel Bishop,South,Clothing,Silver,2,1950,45.5,5.35,86.13,2025-05-15
TXN-0000657,Christian Burton,West,Grocery,Gold,4,1946,12.21,17.27,40.41,2026-09-10
TXN-0000658,Robert Thomas PhD,South,Grocery,Bronze,1,1946,16.73,0.0,16.73,2024-05-22
TXN-0000659,Tracy Harrington,East,Home,Bronze,5,1974,69.94,9.96,314.87,2024-08-25
TXN-0000660,Brandon Edwards,South,Home,Silver,2,1976,115.54,7.28,214.26,2024-01-05
TXN-0000661,Candice Ramirez,South,Electronics,Bronze,4,1967,168.75,0.0,675.0,2025-07-03
TXN-0000662,Brandon White,Central,Grocery,Bronze,2,1962,24.29,10.61,43.43,2025-06-22
TXN-0000663,Deanna Kennedy,North,Sports,Silver,2,1954,81.64,0.0,163.28,2025-02-23
TXN-0000664,Shawn Santos,North,Grocery,Bronze,1,1955,9.96,0.0,9.96,2026-01-17
TXN-0000665,Caleb Carroll,South,Electronics,Gold,3,1973,150.63,9.86,407.33,2025-09-20
TXN-0000666,Scott Morales,West,Home,Gold,2,1961,103.07,12.45,180.48,2025-07-04
TXN-0000667,Sylvia Anderson,West,Clothing,Platinum,9,1978,60.55,24.2,413.07,2024-01-02
TXN-0000668,Ryan Crane,Central,Electronics,Platinum,6,2005,131.77,18.79,642.06,2024-08-14
TXN-0000669,Michael Hunter,South,Electronics,Bronze,1,2006,134.78,0.0,134.78,2025-07-11
TXN-0000670,Shawn Fleming,South,Electronics,Bronze,5,1958,126.77,0.92,628.02,2025-05-25
TXN-0000671,Maria Figueroa,North,Electronics,Silver,4,1974,89.18,5.9,335.67,2026-03-23
TXN-0000672,Roberto Smith,East,Grocery,Bronze,2,1978,17.82,7.04,33.13,2026-09-12
TXN-0000673,Donna Moore,Central,Clothing,Platinum,4,1962,72.24,23.69,220.51,2023-10-28
TXN-0000674,Benjamin Price,West,Grocery,Bronze,5,2006,15.24,0.0,76.2,2026-03-10
TXN-0000675,Brandon Owens,East,Sports,Silver,3,1958,48.56,5.79,137.25,2025-05-10
TXN-0000676,Stephanie Marshall,South,Home,Silver,3,1953,127.46,0.49,380.51,2025-10-07
TXN-0000677,Nicholas Lowery,Central,Home,Gold,5,1953,145.01,15.21,614.77,2023-10-07
TXN-0000678,Patricia Gonzalez,East,Grocery,Silver,9,1960,15.43,6.82,129.4,2025-03-27
TXN-0000679,Evan Davies,North,Electronics,Silver,4,1945,115.23,8.36,422.39,2025-01-03
TXN-0000680,Dr. John Ramirez,South,Clothing,Bronze,3,1982,52.28,4.21,150.24,2025-05-25
TXN-0000681,Christopher Harrison,North,Home,Silver,9,2004,99.3,12.45,782.43,2025-07-09
TXN-0000682,Erica Johnson,South,Grocery,Gold,2,1990,15.38,11.64,27.18,2026-01-11
TXN-0000683,Jamie Mayer,North,Grocery,Silver,2,1992,10.39,7.19,19.29,2026-01-23
TXN-0000684,Jeffrey Kennedy,East,Grocery,Gold,3,1998,25.19,18.48,61.6,2026-04-22
TXN-0000685,Sean Cisneros,East,Grocery,Bronze,2,1980,19.59,1.39,38.64,2024-09-04
TXN-0000686,Debra Reid,South,Home,Bronze,1,1986,154.76,1.68,152.16,2025-10-25
TXN-0000687,Benjamin Sullivan,South,Grocery,Platinum,7,1994,18.27,29.24,90.49,2024-09-02
TXN-0000688,Michael Savage,Central,Grocery,Bronze,3,1946,30.13,1.84,88.73,2024-11-24
TXN-0000689,Mckenzie Green,West,Home,Silver,4,1963,83.14,13.07,289.09,2025-08-05
TXN-0000690,Anna Valenzuela,East,Sports,Silver,4,1958,60.7,5.04,230.56,2025-10-21
TXN-0000691,Paul Martin,South,Grocery,Platinum,5,1981,15.11,18.41,61.64,2023-11-12
TXN-0000692,Jason Alvarez,Central,Home,Bronze,3,1979,170.43,0.0,511.29,2025-05-24
TXN-0000693,Caitlyn Horton,South,Electronics,Bronze,1,1956,149.83,4.14,143.63,2025-03-03
TXN-0000694,Michael Price,South,Electronics,Gold,4,1952,278.31,15.51,940.58,2026-08-02
TXN-0000695,Richard Harper,Central,Grocery,Silver,4,1998,15.32,7.31,56.8,2026-08-18
TXN-0000696,Michael Jensen,East,Electronics,Silver,5,1953,98.55,8.61,450.32,2025-06-17
TXN-0000697,William Mcmillan,West,Home,Bronze,2,1996,114.94,5.06,218.25,2024-06-10
TXN-0000698,Nancy Stewart,East,Home,Bronze,1,1996,71.9,0.0,71.9,2025-09-23
TXN-0000699,Jimmy Hernandez,West,Grocery,Platinum,7,1996,20.02,20.25,111.76,2024-04-13
TXN-0000700,Ashley Cordova,South,Grocery,Silver,3,1992,19.31,12.81,50.51,2026-05-21
TXN-0000701,Joseph Smith,South,Grocery,Gold,1,1995,19.21,12.01,16.9,2026-01-04
TXN-0000702,Ronnie Martinez,South,Clothing,Platinum,2,1957,97.94,15.18,166.15,2023-11-08
TXN-0000703,Wayne Davis,North,Electronics,Silver,7,1967,174.77,10.79,1091.39,2025-06-01
TXN-0000704,William Fisher,Central,Grocery,Silver,4,1976,18.77,7.52,69.43,2026-04-04
TXN-0000705,Carol Gray,South,Electronics,Silver,4,2000,141.32,6.9,526.28,2026-02-20
TXN-0000706,Tristan Bonilla,East,Home,Gold,5,2006,108.64,11.58,480.3,2026-07-23
TXN-0000707,Alexis Cervantes,West,Sports,Silver,2,1968,87.67,10.22,157.42,2023-11-09
TXN-0000708,Steven Shaw,West,Home,Bronze,2,1982,78.2,0.07,156.29,2024-02-05
TXN-0000709,Melissa Banks,South,Home,Platinum,5,2004,125.16,25.06,468.97,2026-06-22
TXN-0000710,Jason Bell,East,Grocery,Silver,3,1990,16.76,7.3,46.61,2025-07-24
TXN-0000711,Kelly Hubbard,Central,Grocery,Gold,3,1975,22.05,16.55,55.2,2024-04-25
TXN-0000712,Christopher Patterson,West,Clothing,Silver,7,1986,34.58,10.14,217.52,2025-09-14
TXN-0000713,Kurt Daniels,West,Home,Silver,2,2002,123.91,2.87,240.71,2024-07-06
TXN-0000714,Ryan Barker,Central,Electronics,Silver,4,1971,124.44,8.67,454.6,2023-12-15
TXN-0000715,Douglas Oliver,West,Home,Gold,2,1986,114.0,12.06,200.5,2024-11-05
TXN-0000716,Shannon Cowan,North,Clothing,Bronze,3,1996,86.11,4.3,247.22,2025-05-08
TXN-0000717,Ashley Banks,East,Home,Bronze,1,1974,103.89,1.79,102.03,2025-02-17
TXN-0000718,Jennifer Crawford,North,Grocery,Gold,4,1949,26.94,6.41,100.85,2024-08-21
TXN-0000719,Tammy Garcia,West,Electronics,Platinum,6,1950,109.7,22.77,508.33,2025-09-03
TXN-0000720,Kevin Johnson,Central,Home,Bronze,1,1983,87.43,0.0,87.43,2025-02-16
TXN-0000721,Jason Walker,East,Electronics,Bronze,5,1947,127.54,2.5,621.76,2025-03-05
TXN-0000722,James Gonzalez,South,Clothing,Silver,6,1970,43.64,13.63,226.15,2025-05-08
TXN-0000723,Caleb Ponce,North,Electronics,Bronze,2,1946,92.1,6.9,171.49,2024-12-03
TXN-0000724,Jennifer Hoover,Central,Electronics,Bronze,3,2000,164.57,3.41,476.87,2025-07-13
TXN-0000725,Natalie Smith,North,Sports,Silver,2,1996,104.24,5.21,197.62,2024-10-23
TXN-0000726,Danny Campbell,North,Sports,Silver,2,1984,116.83,6.78,217.82,2024-02-02
TXN-0000727,Deborah Roberson,South,Grocery,Bronze,2,2000,12.44,5.68,23.47,2025-09-27
TXN-0000728,Jennifer Allen,North,Home,Bronze,2,1962,76.09,0.0,152.18,2023-10-28
TXN-0000729,Jennifer Smith,East,Grocery,Platinum,5,2003,13.89,21.46,54.55,2026-01-12
TXN-0000730,James Montoya,East,Sports,Silver,4,1993,56.5,4.02,216.91,2023-12-17
TXN-0000731,Lindsay Rogers,South,Home,Gold,2,2001,81.13,12.01,142.77,2025-03-24
TXN-0000732,Wendy Allen,North,Electronics,Bronze,3,1969,161.11,0.35,481.64,2024-09-10
TXN-0000733,Cheryl Newman,North,Grocery,Gold,7,1960,16.26,14.45,97.37,2026-07-03
TXN-0000734,Rebecca Lane,South,Sports,Gold,6,1993,46.07,14.92,235.18,2024-01-12
TXN-0000735,Mark Madden,North,Clothing,Bronze,3,1974,77.21,9.54,209.53,2026-07-06
TXN-0000736,Tanner Holmes,West,Home,Silver,3,1952,95.79,6.47,268.78,2023-11-29
TXN-0000737,Brett Owen,South,Clothing,Silver,6,2007,63.12,8.13,347.93,2023-11-15
TXN-0000738,Lynn Mueller,South,Clothing,Silver,3,1968,64.41,11.11,171.76,2024-10-16
TXN-0000739,Lori Green,South,Grocery,Gold,4,1957,22.33,12.91,77.79,2024-08-02
TXN-0000740,Tiffany Harris,South,Clothing,Bronze,2,1980,58.04,2.34,113.36,2023-10-29
TXN-0000741,Jeffrey Fuller,North,Sports,Silver,6,1974,56.03,9.13,305.49,2026-05-20
TXN-0000742,Alyssa Zimmerman,North,Grocery,Platinum,7,1952,30.59,17.63,176.38,2024-05-21
TXN-0000743,Angela Reyes,West,Electronics,Bronze,5,1971,200.06,2.7,973.29,2024-10-02
TXN-0000744,Bianca Chavez,North,Grocery,Bronze,5,1976,13.15,0.0,65.75,2024-04-11
TXN-0000745,Heather Allen,East,Grocery,Bronze,4,1967,13.21,0.88,52.38,2025-10-02
TXN-0000746,Elizabeth Nichols,East,Home,Platinum,7,2000,180.6,27.51,916.42,2026-08-02
TXN-0000747,Richard Hartman,South,Home,Bronze,2,1984,85.03,1.49,167.53,2024-03-23
TXN-0000748,Mary Hill,South,Grocery,Bronze,3,1949,14.2,2.78,41.42,2026-02-20
TXN-0000749,Lori Little,West,Clothing,Silver,5,1979,45.68,0.0,228.4,2024-08-31
TXN-0000750,Ashley Stevens,West,Electronics,Gold,9,1972,187.36,14.54,1441.06,2025-09-19
TXN-0000751,Ashley Campbell,South,Clothing,Silver,1,2002,46.57,13.92,40.09,2026-09-18
TXN-0000752,Anna Snyder,South,Clothing,Platinum,9,1995,57.63,17.03,430.34,2024-10-30
TXN-0000753,Ryan Myers,South,Grocery,Bronze,1,1966,40.39,5.79,38.05,2025-04-23
TXN-0000754,Alex Jones DVM,East,Electronics,Silver,4,1952,92.32,4.83,351.44,2024-06-14
TXN-0000755,Michael Brooks,West,Home,Silver,6,1986,78.08,1.21,462.81,2026-04-26
TXN-0000756,Terry Stokes,South,Home,Bronze,3,1948,91.95,0.47,274.55,2026-04-28
TXN-0000757,Adam White,South,Grocery,Gold,4,1958,9.71,10.61,34.72,2024-03-23
TXN-0000758,Lisa Johnson,Central,Home,Silver,4,1975,107.85,7.4,399.48,2024-06-08
TXN-0000759,Wendy Webb,North,Sports,Bronze,2,2002,102.6,0.94,203.27,2025-01-23
TXN-0000760,Kimberly Moore,East,Sports,Bronze,3,2004,46.13,0.0,138.39,2024-03-13
TXN-0000761,Tammy Lee,West,Electronics,Bronze,2,1949,155.51,3.86,299.01,2026-03-14
TXN-0000762,Alexander Hunt,North,Grocery,Gold,5,1986,19.19,17.11,79.53,2023-11-06
TXN-0000763,Sean Wilson,North,Electronics,Bronze,5,1969,195.65,4.27,936.48,2025-01-24
TXN-0000764,Garrett Robinson,North,Grocery,Gold,7,1999,45.81,13.62,276.99,2026-03-10
TXN-0000765,Teresa Adams,Central,Home,Bronze,5,2000,69.43,1.73,341.14,2026-08-15
TXN-0000766,Dr. Gregory Arnold,North,Clothing,Platinum,5,2004,66.38,22.05,258.72,2025-05-03
TXN-0000767,Patrick Simpson,North,Clothing,Gold,2,1990,52.6,11.07,93.55,2025-06-05
TXN-0000768,Jennifer Lee,North,Clothing,Bronze,4,1977,49.55,4.94,188.41,2024-08-01
TXN-0000769,Michael Clay,North,Grocery,Bronze,1,1951,18.1,0.0,18.1,2024-01-24
TXN-0000770,James Silva,East,Grocery,Gold,5,1949,20.78,6.89,96.74,2026-04-04
TXN-0000771,Emily Bauer,South,Electronics,Bronze,5,1974,160.54,4.15,769.39,2026-09-04
TXN-0000772,Katherine Andrade,East,Clothing,Bronze,4,1951,60.56,0.0,242.24,2026-05-29
TXN-0000773,Paul Cabrera,East,Clothing,Gold,6,1978,53.47,10.36,287.58,2024-10-09
TXN-0000774,Lisa Patterson,West,Home,Gold,3,1990,64.84,9.37,176.29,2024-03-04
TXN-0000775,Jacqueline Chen,North,Electronics,Gold,7,1980,213.6,15.09,1269.57,2026-09-15
TXN-0000776,Christopher Johnson,West,Clothing,Gold,3,1986,78.78,10.21,212.21,2025-01-08
TXN-0000777,Laurie Carter,East,Sports,Silver,2,1990,105.73,11.87,186.36,2026-08-25
TXN-0000778,Maria Sanford,North,Home,Gold,2,1959,113.96,15.69,192.16,2026-04-17
TXN-0000779,Allen White,West,Grocery,Bronze,2,1973,13.72,2.93,26.64,2024-04-03
TXN-0000780,Richard Howard,West,Home,Gold,4,1992,64.46,18.6,209.88,2026-02-23
TXN-0000781,Matthew Watson,South,Home,Silver,3,1980,124.01,3.73,358.15,2023-11-30
TXN-0000782,Barbara Flores,Central,Home,Silver,4,1960,59.05,7.46,218.58,2025-03-20
TXN-0000783,Gary Marshall,East,Clothing,Platinum,3,1967,43.27,11.99,114.25,2026-01-02
TXN-0000784,Stephanie Hoffman,East,Clothing,Silver,5,1980,116.57,5.15,552.83,2025-07-24
TXN-0000785,Lance Rose,Central,Sports,Silver,6,1952,89.59,2.39,524.69,2026-07-21
TXN-0000786,Donald Franklin,South,Grocery,Silver,9,1968,19.03,10.18,153.83,2025-04-25
TXN-0000787,Shannon Jones,West,Grocery,Bronze,2,1974,9.41,6.41,17.61,2024-01-13
TXN-0000788,Jennifer Avila,South,Electronics,Bronze,4,1989,126.5,1.05,500.69,2025-11-21
TXN-0000789,Francisco Gonzalez,West,Electronics,Platinum,10,1975,214.39,28.0,1543.61,2026-06-29
TXN-0000790,Kathleen Mooney,East,Electronics,Bronze,3,1988,95.2,0.0,285.6,2025-03-11
TXN-0000791,Caleb Jackson,South,Sports,Silver,6,1998,86.35,2.84,503.39,2023-10-17
TXN-0000792,James Ray,South,Grocery,Silver,4,1996,11.1,5.11,42.13,2025-07-11
TXN-0000793,Mason Chase,South,Home,Gold,5,1961,72.35,14.34,309.88,2025-10-28
TXN-0000794,Susan Mitchell DVM,North,Sports,Gold,3,1962,43.24,16.31,108.56,2024-03-09
TXN-0000795,Steven Hull,North,Electronics,Bronze,2,2007,165.42,4.78,315.03,2025-08-01
TXN-0000796,Matthew Jones,South,Home,Bronze,3,1970,49.63,0.81,147.68,2025-04-12
TXN-0000797,Robert Cummings,North,Electronics,Silver,4,1953,155.38,10.93,553.59,2026-06-11
TXN-0000798,Paul Ross,North,Clothing,Bronze,2,1959,68.78,0.18,137.31,2025-09-11
TXN-0000799,Emily Salazar,West,Sports,Silver,3,1957,80.43,17.18,199.84,2024-05-22
TXN-0000800,Michael Gibson,West,Grocery,Bronze,1,1978,21.18,5.76,19.96,2025-08-04
TXN-0000801,Tracy Martinez,West,Electronics,Bronze,2,1988,173.16,0.0,346.32,2024-06-27
TXN-0000802,Luke Johnson,South,Clothing,Platinum,4,1947,53.28,18.3,174.12,2025-12-16
TXN-0000803,Adam Garcia,Central,Home,Gold,6,1988,87.87,10.35,472.65,2026-07-04
TXN-0000804,Michael Graham,East,Electronics,Gold,5,2001,177.28,20.42,705.4,2024-11-20
TXN-0000805,Corey Barrera,North,Home,Bronze,2,1966,61.42,0.0,122.84,2026-05-11
TXN-0000806,Steven Mayo,North,Home,Platinum,3,1966,78.35,12.12,206.56,2026-01-11
TXN-0000807,Shawna Green,West,Clothing,Silver,5,1999,112.08,10.56,501.22,2025-10-18
TXN-0000808,Ashley Valentine,North,Clothing,Platinum,4,1965,65.17,9.94,234.77,2025-09-19
TXN-0000809,Gary Salazar,East,Electronics,Bronze,3,1995,247.74,0.78,737.42,2025-08-04
TXN-0000810,Debra Jackson,Central,Sports,Bronze,2,1970,84.49,4.85,160.78,2026-04-05
TXN-0000811,Joe Martinez,North,Clothing,Silver,7,1952,42.57,5.68,281.06,2024-11-17
TXN-0000812,Nicole Barron,North,Home,Gold,9,1965,80.9,18.02,596.9,2025-02-09
TXN-0000813,Jennifer Griffin,Central,Clothing,Bronze,4,2006,29.89,3.42,115.47,2024-10-13
TXN-0000814,Joseph Lane,East,Grocery,Bronze,4,1986,29.12,0.0,116.48,2024-02-09
TXN-0000815,Vanessa Morris,North,Electronics,Silver,4,1990,218.89,7.81,807.18,2024-12-04
TXN-0000816,Courtney Baker,Central,Electronics,Platinum,4,2004,119.39,26.15,352.68,2025-08-28
TXN-0000817,Bradley Hansen,Central,Grocery,Gold,4,1972,23.52,13.91,80.99,2024-10-10
TXN-0000818,Mary Moss,East,Grocery,Gold,3,1977,22.79,14.89,58.19,2025-09-18
TXN-0000819,Blake Bonilla,East,Clothing,Silver,4,1991,56.51,8.68,206.42,2026-03-01
TXN-0000820,Adam Robinson,South,Clothing,Gold,1,1995,64.97,10.52,58.14,2026-05-03
TXN-0000821,Chelsea Garcia,North,Sports,Silver,4,1970,91.56,1.24,361.7,2026-07-31
TXN-0000822,Kevin Rose,East,Electronics,Bronze,3,1965,183.05,3.4,530.48,2025-05-08
TXN-0000823,Paige Collins,South,Electronics,Silver,4,1966,168.69,12.14,592.84,2025-03-03
TXN-0000824,Christian Wagner,West,Clothing,Silver,1,1971,56.68,9.14,51.5,2023-11-11
TXN-0000825,Colleen Cox,West,Clothing,Silver,6,1948,45.1,2.35,264.24,2025-11-03
TXN-0000826,Shawna Palmer,North,Home,Bronze,3,2001,123.68,3.54,357.91,2025-02-13
TXN-0000827,Chelsea Ramirez,East,Grocery,Gold,4,1973,36.01,16.36,120.48,2024-07-06
TXN-0000828,Eric Kane,South,Home,Gold,3,1948,60.81,17.24,150.98,2025-10-24
TXN-0000829,Bridget Walter,Central,Home,Bronze,5,2007,91.09,4.23,436.18,2024-08-22
TXN-0000830,Cynthia Shannon,South,Clothing,Gold,3,1976,43.75,13.97,112.91,2025-04-01
TXN-0000831,Allen Stanley,East,Grocery,Bronze,2,2003,21.82,0.0,43.64,2024-11-02
TXN-0000832,Derek Mcintosh,East,Electronics,Bronze,3,1997,185.76,1.42,549.37,2025-03-09
TXN-0000833,Jeffrey Hernandez,South,Clothing,Bronze,3,1997,57.66,5.56,163.36,2024-12-05
TXN-0000834,Katie Brown,West,Grocery,Silver,2,1983,14.63,4.11,28.06,2026-04-11
TXN-0000835,Brent Wong,West,Clothing,Bronze,2,1985,46.61,0.0,93.22,2026-09-21
TXN-0000836,Jenny Carter,East,Electronics,Silver,3,1951,122.6,9.57,332.6,2024-11-30
TXN-0000837,Kirk Moreno,West,Clothing,Gold,5,1949,30.11,14.39,128.89,2026-02-07
TXN-0000838,Jeffrey Maldonado DDS,Central,Grocery,Silver,4,1948,27.68,12.19,97.22,2023-10-13
TXN-0000839,Colleen Brown,South,Electronics,Gold,4,1981,202.19,16.25,677.34,2025-12-08
TXN-0000840,Derek Jones,East,Grocery,Platinum,5,2000,28.27,18.13,115.72,2024-07-20
TXN-0000841,Darrell Oliver,North,Grocery,Silver,2,1970,15.93,12.48,27.88,2024-02-07
TXN-0000842,Jenna Garcia,West,Home,Bronze,3,1970,106.84,3.14,310.46,2024-10-06
TXN-0000843,Sherry Adams,East,Clothing,Bronze,3,1985,40.88,4.54,117.07,2025-06-20
TXN-0000844,Richard Bailey,South,Grocery,Silver,4,1974,14.75,5.84,55.55,2025-10-25
TXN-0000845,Kyle Gross,North,Electronics,Bronze,5,1995,327.82,3.87,1575.67,2026-02-06
TXN-0000846,Jonathan Graves,Central,Sports,Silver,3,1956,65.82,5.26,187.07,2024-10-05
TXN-0000847,Eric Knox,South,Grocery,Silver,2,1995,25.08,0.0,50.16,2026-09-04
TXN-0000848,Ethan Jones,West,Electronics,Silver,4,1974,174.7,13.45,604.81,2025-10-06
TXN-0000849,Steven Thomas,North,Grocery,Bronze,1,1954,11.05,0.0,11.05,2026-06-27
TXN-0000850,John Cook,Central,Home,Bronze,2,1971,85.86,0.14,171.48,2025-10-29
TXN-0000851,Dennis Jones,North,Home,Bronze,2,1991,102.72,0.0,205.44,2025-08-24
TXN-0000852,Sarah Wheeler,North,Clothing,Gold,3,1994,70.51,19.47,170.35,2023-10-24
TXN-0000853,Lauren Freeman,West,Home,Silver,3,1995,48.15,8.81,131.72,2024-02-19
TXN-0000854,Brian Fuentes,Central,Grocery,Silver,2,1950,12.84,9.33,23.28,2024-12-28
TXN-0000855,Wanda Conley,South,Sports,Silver,5,1957,83.61,10.5,374.15,2024-09-06
TXN-0000856,Carol Thomas,East,Clothing,Silver,3,1985,39.57,9.77,107.11,2025-06-17
TXN-0000857,Eric Fitzgerald,West,Home,Bronze,4,2000,137.89,2.9,535.56,2026-09-06
TXN-0000858,Nicholas Fritz,Central,Grocery,Bronze,2,2006,17.61,2.78,34.24,2024-10-09
TXN-0000859,John Diaz,South,Grocery,Bronze,2,1954,21.34,7.37,39.53,2025-01-15
TXN-0000860,Harold Mckinney,East,Home,Bronze,3,1963,141.65,0.0,424.95,2026-07-25
TXN-0000861,Patricia Vincent,West,Clothing,Bronze,1,1997,35.95,0.0,35.95,2026-03-19
TXN-0000862,Linda Rodriguez,West,Grocery,Gold,3,1990,21.16,15.39,53.71,2025-04-23
TXN-0000863,Monica Smith,West,Clothing,Bronze,2,1966,57.66,3.28,111.54,2025-10-02
TXN-0000864,Selena Hopkins,East,Electronics,Bronze,2,1951,169.52,0.91,335.95,2026-02-03
TXN-0000865,Jonathan Sanchez,North,Home,Bronze,6,1949,83.22,10.44,447.19,2025-12-30
TXN-0000866,Valerie Howard,Central,Clothing,Bronze,3,1975,58.15,0.0,174.45,2025-03-15
TXN-0000867,Cheryl Blevins,West,Electronics,Bronze,2,1951,57.46,2.28,112.3,2025-07-19
TXN-0000868,Tracie Wiley,West,Electronics,Bronze,2,1967,247.31,3.09,479.34,2026-01-29
TXN-0000869,Stephanie Cole,North,Grocery,Bronze,1,1960,11.28,0.68,11.2,2025-02-22
TXN-0000870,Kelsey Baker,South,Sports,Platinum,4,1990,139.57,17.76,459.13,2025-03-27
TXN-0000871,Stacy Myers,West,Home,Bronze,4,1987,64.56,1.02,255.61,2026-09-23
TXN-0000872,Xavier Parker,North,Electronics,Bronze,3,2005,113.04,7.66,313.14,2025-09-01
TXN-0000873,Joseph Cooper,Central,Grocery,Silver,6,1964,20.74,5.75,117.28,2024-11-21
TXN-0000874,Jessica Gibson,South,Clothing,Bronze,5,1993,60.48,3.45,291.97,2025-01-16
TXN-0000875,Rebecca Roberts,West,Sports,Silver,4,1947,87.82,4.96,333.86,2024-10-22
TXN-0000876,Kathryn Jennings,Central,Home,Bronze,3,1956,102.15,4.57,292.45,2024-09-20
TXN-0000877,Chris Levy,South,Electronics,Gold,6,1991,152.32,16.85,759.92,2024-04-02
TXN-0000878,Mary Torres,South,Home,Gold,6,1996,79.13,12.41,415.86,2024-07-23
TXN-0000879,Robert Smith,East,Clothing,Silver,4,1985,67.43,9.48,244.15,2025-01-30
TXN-0000880,Douglas Watkins,East,Grocery,Bronze,4,1946,14.13,1.62,55.6,2024-03-31
TXN-0000881,Eric Jordan,South,Electronics,Silver,1,1947,166.82,7.17,154.86,2026-01-07
TXN-0000882,April King,East,Grocery,Bronze,4,1988,9.95,3.59,38.37,2026-09-04
TXN-0000883,Douglas Trevino,Central,Grocery,Gold,2,1948,19.67,14.11,33.79,2024-07-11
TXN-0000884,Patricia Moore,East,Grocery,Bronze,2,1947,18.63,2.84,36.2,2024-07-21
TXN-0000885,Devin Ferrell,North,Sports,Silver,2,1996,73.93,1.85,145.12,2024-08-29
TXN-0000886,Kevin Miller,South,Electronics,Bronze,5,1997,290.71,0.0,1453.55,2025-10-19
TXN-0000887,John Gomez,South,Home,Silver,1,1969,151.87,0.95,150.43,2024-11-30
TXN-0000888,Mandy Henderson,North,Grocery,Bronze,6,2001,24.79,0.0,148.74,2026-03-31
TXN-0000889,Annette Green,North,Clothing,Bronze,1,1956,75.17,3.61,72.46,2025-12-20
TXN-0000890,Eric Elliott,West,Electronics,Silver,3,1985,166.03,5.76,469.4,2026-04-12
TXN-0000891,Erica Lane,South,Clothing,Silver,4,1982,61.25,4.79,233.26,2024-12-10
TXN-0000892,Christina Taylor,Central,Clothing,Bronze,3,1960,63.99,8.31,176.02,2024-03-02
TXN-0000893,Elizabeth Miller,South,Grocery,Bronze,3,1993,22.23,6.21,62.55,2024-07-25
TXN-0000894,Lori Gardner,North,Home,Gold,3,1957,92.28,7.44,256.24,2024-12-31
TXN-0000895,Shawn Kim,West,Grocery,Silver,3,1989,21.76,3.96,62.69,2024-09-15
TXN-0000896,Jeremy Edwards,Central,Sports,Silver,5,1958,76.71,3.68,369.44,2025-04-10
TXN-0000897,Michelle Mcdonald,South,Clothing,Silver,2,1957,63.75,7.22,118.29,2024-07-02
TXN-0000898,Jason Jenkins,South,Grocery,Silver,7,1964,24.82,2.48,169.43,2025-01-09
TXN-0000899,Justin Bernard,North,Electronics,Silver,5,1969,127.17,4.62,606.47,2023-10-19
TXN-0000900,Peter Gilbert,East,Electronics,Bronze,3,1976,167.58,3.46,485.35,2026-01-04
TXN-0000901,David Hunt,East,Electronics,Silver,4,1961,164.31,6.53,614.32,2024-04-11
TXN-0000902,Joshua Cunningham,South,Clothing,Silver,6,1948,38.51,2.41,225.49,2024-11-27
TXN-0000903,Pedro Long,North,Clothing,Bronze,4,1958,89.5,2.36,349.55,2023-12-07
TXN-0000904,Aaron Aguirre,East,Home,Gold,6,1993,67.41,13.45,350.06,2023-12-21
TXN-0000905,Julia Brown,Central,Clothing,Bronze,1,1959,90.81,2.75,88.31,2026-02-03
TXN-0000906,Ronald Santos,West,Electronics,Bronze,4,1976,100.02,0.0,400.08,2024-12-24
TXN-0000907,Brent Roberts,East,Grocery,Gold,3,1978,10.66,16.43,26.73,2026-09-15
TXN-0000908,Mr. Antonio Yang,North,Electronics,Gold,3,1980,142.24,11.26,378.67,2024-04-11
TXN-0000909,Nancy Brown,South,Grocery,Bronze,7,1958,20.69,0.0,144.83,2026-06-14
TXN-0000910,Charles Yang,South,Sports,Silver,3,1985,86.04,7.25,239.41,2025-10-29
TXN-0000911,Danny Lowe PhD,West,Grocery,Bronze,1,1963,28.3,4.32,27.08,2024-03-05
TXN-0000912,Eric Hays,Central,Home,Silver,5,1955,68.74,9.09,312.46,2023-10-17
TXN-0000913,John Watts,Central,Grocery,Silver,1,1945,24.89,11.5,22.03,2026-03-07
TXN-0000914,Aaron Munoz,Central,Grocery,Gold,5,1982,10.07,10.78,44.92,2024-12-12
TXN-0000915,Brent Harris,Central,Sports,Bronze,4,1953,53.47,0.0,213.88,2025-09-26
TXN-0000916,Ross Wallace,Central,Sports,Bronze,2,1970,68.4,0.85,135.64,2025-10-10
TXN-0000917,Bryan Sullivan,North,Clothing,Gold,3,1956,37.42,3.1,108.78,2025-08-12
TXN-0000918,Dr. Sarah Payne,North,Home,Bronze,3,1974,108.99,0.0,326.97,2025-03-10
TXN-0000919,Melanie Villarreal,South,Grocery,Bronze,5,1995,14.33,0.83,71.06,2024-07-10
TXN-0000920,Jessica Fields,East,Electronics,Bronze,3,1982,227.29,0.27,680.03,2023-12-16
TXN-0000921,Robert Sandoval,North,Home,Silver,4,1988,121.97,8.78,445.04,2024-10-24
TXN-0000922,Patrick Payne,West,Grocery,Bronze,1,1960,14.21,1.93,13.94,2025-10-09
TXN-0000923,Dylan Contreras,East,Grocery,Silver,2,1962,15.91,8.57,29.09,2024-03-23
TXN-0000924,Katherine Contreras,East,Clothing,Bronze,3,1950,53.31,2.98,155.16,2024-01-07
TXN-0000925,Michael Rodriguez,North,Clothing,Silver,3,1995,88.36,1.8,260.31,2025-06-11
TXN-0000926,Jeffery Johnson,South,Electronics,Gold,6,1971,115.04,15.11,585.94,2025-10-30
TXN-0000927,Justin Smith,North,Home,Silver,6,2005,39.21,5.11,223.24,2024-01-21
TXN-0000928,Matthew Barry,West,Sports,Silver,5,1954,64.67,7.75,298.29,2026-03-12
TXN-0000929,Amanda Meadows,East,Sports,Silver,5,2000,54.36,8.62,248.37,2026-06-01
TXN-0000930,Julie Sharp,West,Clothing,Bronze,1,1949,32.18,0.0,32.18,2026-08-29
TXN-0000931,William Howard,South,Clothing,Gold,4,1973,54.3,10.58,194.22,2023-12-20
TXN-0000932,Kathy Bailey,South,Grocery,Gold,5,1990,11.94,13.12,51.87,2024-05-20
TXN-0000933,Jeanette Brown,South,Grocery,Gold,6,1985,20.26,11.31,107.81,2024-05-16
TXN-0000934,Heather Ball,West,Home,Platinum,5,1983,59.08,26.02,218.54,2026-02-18
TXN-0000935,Mike Buchanan,West,Clothing,Silver,1,1992,154.62,7.04,143.73,2025-01-11
TXN-0000936,Phillip Turner,South,Electronics,Silver,2,1954,231.81,2.93,450.04,2024-02-07
TXN-0000937,Thomas Brewer,Central,Grocery,Bronze,2,1964,13.93,9.3,25.27,2024-10-17
TXN-0000938,John Hopkins,North,Home,Platinum,2,1975,68.71,21.23,108.25,2024-03-30
TXN-0000939,Tammy Rowe,Central,Clothing,Silver,1,1977,51.46,6.87,47.92,2026-02-10
TXN-0000940,Beverly Nguyen,North,Sports,Bronze,4,2002,97.04,7.31,359.79,2025-07-05
TXN-0000941,Hannah Williamson,South,Grocery,Gold,2,1998,15.39,14.08,26.45,2026-04-26
TXN-0000942,Andrew Christian,West,Sports,Silver,6,2002,49.94,6.71,279.53,2026-04-11
TXN-0000943,Brent Rodriguez,North,Home,Platinum,5,1961,54.16,14.4,231.8,2026-05-15
TXN-0000944,Karen Wolf,South,Home,Gold,3,1972,89.41,4.98,254.87,2024-09-12
TXN-0000945,Dr. Morgan Young,East,Sports,Gold,6,1993,58.2,17.27,288.89,2025-12-17
TXN-0000946,Carrie Stafford,South,Sports,Silver,2,2002,82.81,8.05,152.29,2025-05-10
TXN-0000947,Jennifer Brown,West,Sports,Silver,2,1969,35.63,6.3,66.77,2025-08-27
TXN-0000948,Ashley Bradford,West,Grocery,Gold,3,1998,21.24,12.51,55.75,2025-08-15
TXN-0000949,Phillip Obrien,Central,Home,Bronze,3,1959,80.44,3.07,233.91,2025-01-01
TXN-0000950,Tammy Morris,South,Electronics,Bronze,2,1952,86.59,4.22,165.87,2026-03-30
TXN-0000951,Jamie Zhang,East,Clothing,Platinum,6,1985,62.43,17.28,309.85,2025-07-25
TXN-0000952,Christina King,South,Sports,Gold,7,1962,89.3,13.68,539.59,2025-01-14
TXN-0000953,Dustin Harris,South,Clothing,Platinum,4,1977,41.47,21.84,129.65,2026-02-27
TXN-0000954,Robert Stokes,North,Grocery,Bronze,4,1961,22.57,0.25,90.05,2026-05-19
TXN-0000955,Kevin Soto,Central,Sports,Bronze,3,1964,46.5,0.0,139.5,2023-12-30
TXN-0000956,Christina Patrick,Central,Sports,Gold,3,1947,33.59,10.31,90.38,2026-05-02
TXN-0000957,Heather Russell,West,Sports,Bronze,1,1986,70.67,0.0,70.67,2024-02-29
TXN-0000958,Andrea Lopez,East,Home,Silver,3,1979,65.98,11.15,175.87,2024-08-15
TXN-0000959,Susan May,East,Home,Bronze,3,1970,58.19,0.0,174.57,2026-05-26
TXN-0000960,Ronnie Hudson MD,East,Sports,Gold,2,1983,91.58,9.51,165.74,2024-08-20
TXN-0000961,Luke Hansen,East,Electronics,Silver,3,1971,172.49,4.73,492.99,2024-11-12
TXN-0000962,Austin Patterson,South,Electronics,Bronze,4,1948,284.08,4.92,1080.41,2026-07-19
TXN-0000963,Benjamin Miller,North,Sports,Silver,3,1978,86.79,10.08,234.12,2024-02-01
TXN-0000964,Elizabeth Wilson,North,Grocery,Bronze,5,1982,21.84,0.0,109.2,2024-05-28
TXN-0000965,Kyle Rivera,Central,Home,Silver,5,1986,66.3,5.42,313.53,2024-10-04
TXN-0000966,Todd Nielsen,East,Electronics,Silver,3,1958,75.65,6.38,212.47,2024-06-24
TXN-0000967,Michael Jones,Central,Home,Silver,6,1966,179.84,11.87,950.96,2026-02-01
TXN-0000968,Tracy Jones,North,Sports,Silver,5,1961,89.12,0.0,445.6,2024-01-22
TXN-0000969,Sarah Frederick,East,Home,Bronze,1,1978,157.77,0.0,157.77,2024-05-28
TXN-0000970,Jennifer Brown,South,Clothing,Bronze,4,1946,36.37,10.51,130.19,2023-10-02
TXN-0000971,Ashley Ruiz,South,Home,Platinum,6,1947,128.01,24.12,582.8,2025-06-23
TXN-0000972,Deborah Johnson,North,Sports,Bronze,2,1945,82.98,0.0,165.96,2025-08-27
TXN-0000973,Dean Cook,North,Sports,Silver,4,1997,108.78,17.97,356.93,2026-09-02
TXN-0000974,Brenda Payne,Central,Clothing,Bronze,2,1986,67.39,4.23,129.08,2026-04-07
TXN-0000975,Tammy Alvarado,South,Home,Platinum,5,1968,83.07,20.4,330.62,2025-09-26
TXN-0000976,Cynthia Jones,East,Clothing,Gold,2,1958,60.68,18.17,99.31,2024-12-23
TXN-0000977,Sue Warner,East,Home,Bronze,5,1994,79.54,0.0,397.7,2023-11-17
TXN-0000978,Amanda Zavala,South,Electronics,Silver,6,2005,214.47,5.3,1218.62,2024-09-21
TXN-0000979,Linda Salazar,East,Home,Silver,6,1998,68.12,7.27,379.01,2024-12-18
TXN-0000980,Juan Potts,North,Home,Gold,7,2001,70.38,14.77,419.89,2024-12-10
TXN-0000981,Andrew Johnson,Central,Clothing,Platinum,4,1955,51.99,21.18,163.91,2026-09-24
TXN-0000982,Marie Reynolds,West,Clothing,Gold,4,1947,68.21,13.72,235.41,2025-09-02
TXN-0000983,Samuel Mata,West,Electronics,Gold,5,1964,163.01,11.61,720.42,2024-01-16
TXN-0000984,Anthony Ayala,East,Electronics,Silver,3,1997,142.69,8.23,392.84,2026-08-30
TXN-0000985,Kimberly Dalton,North,Grocery,Bronze,4,2000,26.05,2.94,101.14,2024-09-24
TXN-0000986,Nancy Tran,Central,Electronics,Silver,3,1987,196.6,6.96,548.75,2024-11-11
TXN-0000987,Ralph Dominguez,South,Electronics,Gold,4,1979,136.24,12.07,479.18,2026-05-25
TXN-0000988,Jeffery Taylor,North,Sports,Bronze,4,1970,52.07,0.18,207.91,2026-04-01
TXN-0000989,Steven Haas,South,Clothing,Silver,5,1985,51.72,1.88,253.74,2026-07-21
TXN-0000990,Cory Kim,West,Sports,Bronze,1,1959,60.29,6.98,56.08,2024-07-31
TXN-0000991,David Chapman,East,Home,Bronze,2,1958,68.69,4.62,131.03,2025-07-19
TXN-0000992,Paul Beasley,West,Grocery,Gold,2,1980,23.4,16.52,39.07,2024-03-24
TXN-0000993,Laura Ritter,West,Home,Bronze,4,1973,133.53,0.0,534.12,2026-01-20
TXN-0000994,Nathan Hess,South,Electronics,Gold,3,2002,156.71,11.25,417.24,2024-09-11
TXN-0000995,Cameron White,Central,Grocery,Bronze,2,1953,17.96,1.75,35.29,2026-06-30
TXN-0000996,Gregory Rios,South,Grocery,Silver,6,1952,13.89,8.25,76.46,2024-05-16
TXN-0000997,Eduardo Obrien,East,Clothing,Gold,3,1988,37.91,10.31,102.0,2024-11-13
TXN-0000998,Bryan Jones,North,Grocery,Gold,6,2002,23.78,19.07,115.47,2024-05-05
TXN-0000999,Joshua Simpson,Central,Home,Gold,3,1980,57.69,16.08,145.24,2024-01-16
TXN-0001000,Heather Herman,South,Sports,Bronze,6,1987,60.38,2.63,352.75,2023-12-29
TXN-0001001,Micheal Pugh,North,Grocery,Bronze,4,1950,14.33,3.06,55.57,2024-06-11
TXN-0001002,Eileen Valdez,East,Electronics,Silver,3,1949,185.6,6.23,522.11,2025-01-17
TXN-0001003,Debra Wolfe,North,Grocery,Gold,7,1949,16.8,10.61,105.12,2026-04-09
TXN-0001004,Amy Mccullough,North,Sports,Gold,1,1976,61.44,4.56,58.64,2026-02-28
TXN-0001005,Lisa Ramirez,East,Grocery,Gold,3,1973,28.97,16.07,72.94,2024-12-19
TXN-0001006,Chad Daugherty,South,Electronics,Bronze,2,1948,283.09,2.2,553.72,2025-08-10
TXN-0001007,Patrick Clark,Central,Grocery,Bronze,3,2006,20.63,6.14,58.09,2024-04-08
TXN-0001008,Robert Thomas,South,Home,Platinum,10,1988,94.64,22.04,737.81,2025-09-25
TXN-0001009,Melissa Santos,West,Clothing,Silver,4,1978,46.12,6.9,171.75,2026-09-01
TXN-0001010,Brian Porter,East,Sports,Gold,5,1949,74.52,13.32,322.97,2025-01-12
TXN-0001011,Donald Cruz,West,Home,Silver,4,1945,59.03,4.43,225.66,2026-09-18
TXN-0001012,Angela Ramirez,East,Grocery,Gold,4,1969,25.44,8.82,92.78,2025-06-14
TXN-0001013,Kathleen Roy,East,Grocery,Gold,2,1963,17.19,9.54,31.1,2024-11-23
TXN-0001014,Andrew Harris,Central,Clothing,Bronze,5,1951,43.24,0.0,216.2,2025-11-13
TXN-0001015,Jeffrey Williams,South,Sports,Gold,4,1965,66.78,12.32,234.21,2026-01-13
TXN-0001016,Joshua Bailey,North,Home,Bronze,7,2005,115.24,4.74,768.44,2025-11-03
TXN-0001017,Lee Barry,West,Home,Silver,4,1990,82.27,9.4,298.15,2025-08-08
TXN-0001018,Susan Patrick,West,Clothing,Gold,6,1962,41.75,7.69,231.24,2024-01-30
TXN-0001019,Nicole Peterson,North,Electronics,Bronze,2,1991,77.01,5.01,146.3,2026-04-14
TXN-0001020,Jessica Patterson,East,Grocery,Bronze,5,1976,17.52,2.5,85.41,2023-11-28
TXN-0001021,Nancy Brown,Central,Clothing,Silver,5,1989,62.73,9.45,284.01,2025-07-30
TXN-0001022,James Griffith,West,Sports,Platinum,2,1959,63.17,21.8,98.8,2025-02-09
TXN-0001023,Shannon Hurley,Central,Sports,Bronze,3,1946,56.8,0.0,170.4,2026-04-22
TXN-0001024,Kenneth Carroll,East,Grocery,Silver,2,1980,12.14,7.69,22.41,2024-10-20
TXN-0001025,Carla James,West,Clothing,Silver,4,2005,48.22,12.15,169.45,2023-11-07
TXN-0001026,Tammy Anderson,South,Grocery,Bronze,3,1951,12.19,0.0,36.57,2024-02-16
TXN-0001027,Robert Tapia,Central,Electronics,Gold,4,1973,108.08,9.76,390.13,2024-09-17
TXN-0001028,David Daniels,South,Grocery,Silver,4,1989,15.22,0.04,60.86,2026-08-10
TXN-0001029,James Gilbert,West,Home,Gold,3,2001,174.01,11.42,462.41,2026-03-09
TXN-0001030,Matthew Patton,South,Sports,Gold,3,1955,169.83,7.85,469.5,2026-03-28
TXN-0001031,Lisa Martinez,East,Clothing,Platinum,5,1998,83.06,16.99,344.74,2023-10-30
TXN-0001032,Erica Baker,West,Clothing,Gold,10,2005,68.91,13.86,593.59,2026-08-07
TXN-0001033,Joel Gonzales,East,Sports,Bronze,5,1954,38.06,4.86,181.05,2024-11-19
TXN-0001034,Vincent Castillo,Central,Home,Gold,3,1981,229.63,6.21,646.11,2026-03-11
TXN-0001035,Claudia Brown,South,Grocery,Silver,2,1969,20.65,5.39,39.07,2023-11-29
TXN-0001036,Destiny Bishop,East,Sports,Bronze,1,2002,51.04,1.18,50.44,2024-06-26
TXN-0001037,Austin White,South,Home,Silver,2,1990,230.45,6.55,430.71,2025-09-27
TXN-0001038,Desiree Booth,South,Home,Gold,2,1950,86.95,15.8,146.42,2025-12-12
TXN-0001039,Mark Thomas,East,Home,Bronze,3,2003,120.52,4.81,344.17,2026-07-06
TXN-0001040,Amber Wilson,North,Grocery,Silver,1,1964,16.12,10.1,14.49,2025-08-14
TXN-0001041,Michael Valencia,North,Sports,Silver,4,1987,91.48,7.85,337.2,2024-12-03
TXN-0001042,Amanda Love,West,Clothing,Bronze,2,1979,69.93,1.12,138.29,2024-07-05
TXN-0001043,Miguel Green,West,Grocery,Gold,4,1966,24.32,11.22,86.37,2026-03-25
TXN-0001044,Michael Mathews,West,Clothing,Bronze,3,1982,86.19,4.11,247.94,2025-08-05
TXN-0001045,Nathan Burke,North,Home,Gold,3,2002,95.03,10.05,256.44,2026-06-10
TXN-0001046,Billy Wallace,South,Grocery,Gold,3,1995,19.37,10.08,52.25,2025-10-30
TXN-0001047,Cynthia Nguyen,North,Sports,Silver,1,2005,73.75,8.75,67.3,2024-02-16
TXN-0001048,Rodney Perry,West,Clothing,Silver,3,1945,38.16,9.62,103.47,2025-09-27
TXN-0001049,Sherri Thomas,West,Clothing,Bronze,3,1979,40.07,2.01,117.79,2025-03-21
TXN-0001050,Richard Rogers,South,Clothing,Bronze,2,1989,49.38,4.22,94.59,2025-06-23
TXN-0001051,Matthew Ruiz,West,Electronics,Silver,3,1964,248.88,6.06,701.39,2025-02-26
TXN-0001052,Lisa Martin,North,Clothing,Bronze,3,1979,64.85,1.48,191.67,2025-02-07
TXN-0001053,Timothy Buck,South,Grocery,Gold,2,1995,17.42,14.28,29.86,2026-08-04
TXN-0001054,Lee Morton,North,Clothing,Silver,5,2005,50.15,4.25,240.09,2024-03-08
TXN-0001055,Priscilla Romero,South,Clothing,Bronze,5,1961,36.56,4.51,174.56,2024-06-03
TXN-0001056,Hailey Lewis,West,Grocery,Bronze,1,1995,13.14,1.15,12.99,2025-02-21
TXN-0001057,Amanda Barber,Central,Electronics,Gold,1,1975,168.91,12.38,148.0,2025-06-28
TXN-0001058,Zachary Miller,South,Clothing,Bronze,5,1964,55.16,2.31,269.43,2026-09-09
TXN-0001059,Timothy Walker,East,Sports,Silver,1,1971,98.48,9.91,88.72,2025-11-05
TXN-0001060,Laura Kelley,West,Electronics,Bronze,2,1946,148.33,0.0,296.66,2024-12-18
TXN-0001061,Nicholas Abbott,Central,Clothing,Platinum,3,1960,67.08,15.56,169.93,2026-07-23
TXN-0001062,Amber Kennedy,East,Home,Silver,2,1980,52.66,10.59,94.17,2025-06-11
TXN-0001063,Jessica Adams,South,Electronics,Silver,1,1992,114.76,8.71,104.76,2026-01-29
TXN-0001064,Eileen Sanchez,East,Clothing,Silver,5,1977,60.32,5.46,285.13,2023-11-24
TXN-0001065,Randall Cox,South,Electronics,Bronze,2,1992,160.92,2.24,314.63,2025-09-03
TXN-0001066,Paul Wilson,Central,Clothing,Silver,6,1999,71.2,9.09,388.37,2024-02-11
TXN-0001067,Nicholas Beard,South,Sports,Bronze,3,1977,113.18,7.44,314.28,2025-01-28
TXN-0001068,Harold Wagner,West,Clothing,Bronze,5,1951,84.33,0.53,419.42,2024-10-24
TXN-0001069,Martha Jacobs,North,Clothing,Bronze,3,1998,95.82,6.61,268.46,2025-02-11
TXN-0001070,Jason Hudson,South,Clothing,Silver,3,1981,104.03,8.99,284.03,2024-03-26
TXN-0001071,Beth Medina,Central,Sports,Gold,2,1969,66.21,9.77,119.48,2025-06-16
TXN-0001072,Jennifer Richards,East,Electronics,Bronze,2,2007,357.82,0.0,715.64,2025-12-05
TXN-0001073,David Mitchell,East,Grocery,Gold,6,1986,49.48,17.23,245.73,2023-09-29
TXN-0001074,Brad Fisher,Central,Clothing,Gold,6,1946,34.87,17.95,171.67,2026-07-15
TXN-0001075,Ms. Mackenzie Barton,West,Sports,Bronze,3,2004,61.03,1.83,179.74,2026-01-17
TXN-0001076,Sherri Smith,South,Clothing,Bronze,4,1948,62.39,5.85,234.96,2025-09-14
TXN-0001077,Dennis Spencer,East,Electronics,Bronze,5,1999,173.54,3.24,839.59,2025-06-30
TXN-0001078,Natalie Martinez,East,Home,Bronze,1,1945,49.88,1.77,49.0,2023-12-21
TXN-0001079,Jeffrey Vaughn,East,Electronics,Gold,4,1987,114.75,13.66,396.3,2024-07-15
TXN-0001080,Brandi Camacho DVM,South,Grocery,Silver,2,1948,19.42,2.12,38.02,2025-12-11
TXN-0001081,Heather Morales,South,Grocery,Bronze,4,1948,16.68,1.05,66.02,2025-04-12
TXN-0001082,Michelle Wilson,Central,Grocery,Silver,2,1959,22.37,5.16,42.43,2026-05-22
TXN-0001083,Stephanie Vargas,Central,Electronics,Bronze,8,1960,317.25,5.51,2398.16,2025-11-10
TXN-0001084,Wendy Williams,West,Grocery,Gold,7,1986,11.64,13.87,70.18,2026-05-26
TXN-0001085,Heather Cole,Central,Clothing,Silver,4,1951,123.63,6.17,464.01,2025-08-14
TXN-0001086,Jerry Davenport,West,Sports,Bronze,3,1976,144.88,5.9,409.0,2023-12-17
TXN-0001087,John Taylor,West,Grocery,Silver,5,2007,9.84,1.71,48.36,2024-08-09
TXN-0001088,Ralph Hendricks,West,Home,Bronze,3,1950,59.26,0.0,177.78,2024-11-15
TXN-0001089,Angela Huang,East,Grocery,Platinum,4,2003,15.63,24.42,47.25,2026-01-28
TXN-0001090,Jacqueline Banks,East,Home,Silver,3,1967,64.46,9.25,175.49,2024-04-18
TXN-0001091,Jeffrey Romero,South,Home,Gold,3,1960,110.33,7.46,306.3,2024-12-18
TXN-0001092,Theresa Davis,East,Electronics,Platinum,2,1970,199.82,20.76,316.67,2025-08-08
TXN-0001093,Glenn Elliott,South,Grocery,Silver,3,1957,18.91,2.57,55.27,2026-09-16
TXN-0001094,Lauren Anthony,South,Clothing,Silver,4,1984,62.69,5.51,236.94,2025-10-19
TXN-0001095,Frank Flores,East,Electronics,Silver,3,1957,152.68,8.6,418.65,2024-04-03
TXN-0001096,Charles Cervantes,South,Grocery,Bronze,2,1961,20.68,1.88,40.58,2023-11-11
TXN-0001097,Virginia Clark,South,Electronics,Platinum,5,1974,312.52,19.76,1253.83,2026-06-02
TXN-0001098,Laura Gilbert,West,Grocery,Silver,2,1945,7.81,4.12,14.98,2026-04-30
TXN-0001099,Dustin Wilson,West,Electronics,Gold,5,1946,161.01,17.04,667.87,2024-10-03
TXN-0001100,Jeffrey Mcclure,North,Clothing,Silver,2,1949,64.72,8.74,118.13,2024-05-31
TXN-0001101,Thomas Zhang,North,Grocery,Bronze,5,1950,17.39,0.0,86.95,2025-01-22
TXN-0001102,Tammy Estrada,South,Electronics,Bronze,1,1948,178.52,2.43,174.18,2026-01-30
TXN-0001103,Daniel Roberson,West,Grocery,Bronze,2,1960,27.38,0.92,54.26,2023-10-19
TXN-0001104,Alyssa Orr,West,Home,Bronze,1,1996,75.12,0.08,75.06,2026-02-01
TXN-0001105,Kimberly Lloyd,North,Grocery,Silver,5,1982,39.0,7.51,180.36,2025-06-22
TXN-0001106,Ronnie Johnson,West,Electronics,Bronze,5,1946,95.15,7.85,438.4,2024-02-19
TXN-0001107,Tom Duncan,North,Grocery,Platinum,4,1946,22.37,16.97,74.3,2024-09-11
TXN-0001108,Kelly Guerra,South,Home,Silver,2,1962,89.57,8.97,163.07,2024-03-22
TXN-0001109,Brian Mccarthy,Central,Clothing,Silver,5,1947,60.24,9.99,271.11,2025-09-13
TXN-0001110,Jill Reynolds,North,Clothing,Bronze,3,1966,71.8,3.71,207.41,2024-03-28
TXN-0001111,Sean Kaiser,North,Clothing,Bronze,4,1987,44.3,5.19,168.0,2026-06-30
TXN-0001112,Audrey Gomez,South,Home,Silver,3,1996,132.37,6.76,370.27,2024-05-24
TXN-0001113,Ricky Luna,East,Electronics,Bronze,3,1978,319.4,3.72,922.55,2025-11-10
TXN-0001114,Jonathon Hill,Central,Clothing,Silver,2,1993,49.69,7.43,92.0,2024-12-24
TXN-0001115,Kayla Waters,Central,Grocery,Silver,5,1983,15.02,2.51,73.21,2025-11-26
TXN-0001116,Emily Middleton,North,Home,Bronze,5,1990,140.15,0.0,700.75,2026-09-27
TXN-0001117,Timothy Bauer,North,Electronics,Silver,3,1959,225.66,10.69,604.61,2024-11-25
TXN-0001118,Ryan Guerrero,West,Clothing,Bronze,2,1985,31.8,0.39,63.35,2025-07-04
TXN-0001119,Amanda Walters,South,Clothing,Bronze,3,2004,66.74,0.86,198.5,2025-10-16
TXN-0001120,Chad Bennett,Central,Grocery,Gold,3,1982,23.61,15.68,59.72,2025-09-30
TXN-0001121,Megan Baker,West,Sports,Bronze,1,2002,73.58,1.57,72.42,2024-10-10
TXN-0001122,Robert Gross,North,Home,Bronze,2,2005,152.17,4.49,290.68,2025-09-06
TXN-0001123,Craig Liu,West,Grocery,Silver,3,1986,10.27,6.63,28.77,2026-01-31
TXN-0001124,Shannon Curry,North,Electronics,Silver,4,1945,75.38,3.4,291.27,2024-05-09
TXN-0001125,Austin Grant,South,Sports,Platinum,1,1974,108.88,23.56,83.23,2025-05-15
TXN-0001126,Christopher Barnes,East,Clothing,Gold,1,1976,41.38,10.12,37.19,2024-07-20
TXN-0001127,James Silva,East,Clothing,Gold,3,1958,54.34,17.42,134.62,2026-04-16
TXN-0001128,Kari Sandoval,West,Electronics,Silver,2,1986,107.62,9.01,195.85,2025-11-25
TXN-0001129,Eric Hall,West,Electronics,Silver,5,1959,215.61,5.17,1022.31,2024-04-27
TXN-0001130,John Robles,Central,Grocery,Bronze,2,1984,20.28,4.08,38.91,2024-01-14
TXN-0001131,Howard Castillo,Central,Clothing,Gold,5,1963,52.51,11.37,232.7,2024-11-30
TXN-0001132,Brian Ibarra,East,Clothing,Silver,3,2006,35.7,4.32,102.47,2025-07-03
TXN-0001133,Donna Montes,North,Electronics,Bronze,1,2001,151.27,2.74,147.13,2025-03-08
TXN-0001134,Matthew Wilson,West,Sports,Silver,2,1992,84.29,9.72,152.19,2025-11-24
TXN-0001135,Francis Wilson,Central,Grocery,Gold,7,1967,14.94,13.97,89.97,2024-11-16
TXN-0001136,Michele Ayala,South,Sports,Silver,3,1982,63.01,4.42,180.67,2023-10-01
TXN-0001137,Dr. John Jenkins,East,Grocery,Bronze,6,1997,18.07,0.0,108.42,2024-12-10
TXN-0001138,Earl Romero,South,Sports,Gold,5,1962,94.95,12.38,415.98,2025-01-03
TXN-0001139,Rachel Brown,North,Home,Bronze,5,1962,104.4,0.0,522.0,2026-03-27
TXN-0001140,Deborah Stewart,West,Electronics,Platinum,2,2001,241.48,19.65,388.06,2026-03-16
TXN-0001141,Jeremy Ross,South,Clothing,Silver,3,1972,53.3,6.88,148.9,2026-07-19
TXN-0001142,Debra Chandler,West,Clothing,Platinum,4,1965,78.4,22.49,243.07,2025-10-27
TXN-0001143,Robert Parker,West,Grocery,Gold,5,1978,11.97,15.26,50.72,2024-05-15
TXN-0001144,Kenneth Jackson,West,Electronics,Bronze,6,1989,183.93,5.44,1043.55,2025-08-21
TXN-0001145,Mario Gould,South,Electronics,Gold,7,1945,180.54,12.94,1100.25,2026-01-11
TXN-0001146,Erin Jacobs,South,Grocery,Bronze,3,1966,41.08,0.59,122.51,2025-10-19
TXN-0001147,Nathan Lang,West,Electronics,Bronze,2,1996,126.55,3.54,244.14,2025-03-17
TXN-0001148,Michael Barr,West,Electronics,Bronze,3,1982,105.09,3.48,304.3,2025-02-25
TXN-0001149,Kristen Pena,East,Electronics,Silver,3,1982,122.19,8.33,336.03,2026-02-01
TXN-0001150,Heidi Gonzalez,Central,Grocery,Bronze,3,1972,14.43,8.68,39.53,2026-01-19
TXN-0001151,Joseph Heath,North,Electronics,Silver,3,1950,184.68,9.33,502.35,2025-05-05
TXN-0001152,Robert Lozano,Central,Electronics,Platinum,6,1974,102.92,24.14,468.45,2025-09-04
TXN-0001153,Daniel Quinn,North,Electronics,Gold,6,1946,180.56,9.21,983.58,2025-02-08
TXN-0001154,Amanda Smith,North,Grocery,Bronze,4,1970,18.22,0.0,72.88,2024-07-17
TXN-0001155,Ashley Sanders,East,Electronics,Silver,6,1951,220.35,4.29,1265.38,2026-09-15
TXN-0001156,Mr. Eric Hall,North,Electronics,Bronze,2,1994,198.72,2.05,389.29,2024-10-02
TXN-0001157,Danielle Nelson,North,Sports,Bronze,4,1992,100.22,1.5,394.87,2026-03-04
TXN-0001158,Richard Rios,North,Grocery,Gold,6,1982,21.38,13.92,110.42,2025-05-14
TXN-0001159,Patrick Nelson,South,Electronics,Platinum,4,1995,240.78,25.78,714.83,2024-09-24
TXN-0001160,Benjamin Bowen,West,Clothing,Bronze,2,1976,32.64,1.69,64.18,2025-06-27
TXN-0001161,Jennifer Smith,North,Electronics,Bronze,2,2003,96.13,3.69,185.17,2023-12-04
TXN-0001162,Lisa Hernandez,West,Grocery,Bronze,1,1976,17.87,2.27,17.46,2025-02-03
TXN-0001163,Rebecca Lee,West,Clothing,Silver,3,1947,56.65,10.79,151.61,2025-10-01
TXN-0001164,Emily Morris,North,Sports,Bronze,7,1974,52.41,4.23,351.35,2026-09-27
TXN-0001165,Allison Hill,North,Grocery,Bronze,4,1951,21.9,1.82,86.01,2025-05-12
TXN-0001166,Dennis Douglas,West,Home,Silver,7,1996,57.01,10.36,357.73,2025-05-19
TXN-0001167,Eddie Davis,West,Electronics,Bronze,4,1979,145.67,4.14,558.56,2026-07-25
TXN-0001168,Kristina Webb,East,Sports,Gold,3,1976,74.53,16.02,187.77,2026-07-06
TXN-0001169,Kim Sanchez,West,Grocery,Gold,8,1964,21.99,13.16,152.77,2024-05-21
TXN-0001170,Jonathan Long,North,Grocery,Silver,1,1976,15.09,9.33,13.68,2025-11-05
TXN-0001171,Joshua Rodriguez,South,Electronics,Silver,2,2007,244.85,6.2,459.34,2023-11-24
TXN-0001172,William Sanders,West,Grocery,Gold,5,1953,32.41,9.44,146.75,2024-04-11
TXN-0001173,Jacob Hart,South,Grocery,Bronze,1,1961,30.84,0.4,30.72,2025-11-16
TXN-0001174,Evelyn Pacheco,West,Sports,Gold,4,1960,141.21,15.14,479.32,2026-04-01
TXN-0001175,Anna Jackson,East,Home,Bronze,3,1953,130.71,3.87,376.95,2025-02-24
TXN-0001176,Katherine Wright,West,Home,Gold,3,1995,111.62,10.6,299.36,2024-03-01
TXN-0001177,Luis Wells,East,Clothing,Bronze,3,1996,42.31,6.82,118.27,2025-08-11
TXN-0001178,Lacey Hall,South,Grocery,Gold,3,1996,14.77,9.52,40.09,2024-02-29
TXN-0001179,Darlene Collins,South,Sports,Bronze,3,1972,104.54,2.58,305.53,2025-12-23
TXN-0001180,Chris Morris,South,Home,Gold,4,1967,48.25,11.55,170.71,2025-09-06
TXN-0001181,Jennifer Smith,West,Electronics,Silver,5,1962,254.28,7.68,1173.76,2023-10-21
TXN-0001182,Nicole Norton,North,Electronics,Bronze,7,1957,129.41,0.0,905.87,2024-05-08
TXN-0001183,Emily Pearson,North,Home,Gold,5,1968,74.65,7.17,346.49,2025-06-25
TXN-0001184,Michael Robertson,North,Grocery,Bronze,2,1994,23.62,0.0,47.24,2026-07-11
TXN-0001185,Wendy Miller,North,Electronics,Silver,3,1949,176.5,9.38,479.83,2024-05-24
TXN-0001186,Michael Bennett,West,Clothing,Bronze,4,2002,47.49,2.66,184.91,2024-01-22
TXN-0001187,Carla Goodman,South,Sports,Gold,5,1967,54.53,8.26,250.13,2025-09-26
TXN-0001188,Jeffrey Stanton,Central,Home,Gold,5,1989,53.22,16.39,222.49,2024-11-12
TXN-0001189,Jeff Jackson,North,Electronics,Silver,3,1980,75.04,7.77,207.63,2025-03-06
TXN-0001190,Katelyn Curry,West,Clothing,Gold,6,1968,91.78,15.64,464.55,2026-05-23
TXN-0001191,Jennifer Phillips,East,Clothing,Gold,5,1981,50.99,11.82,224.81,2026-09-08
TXN-0001192,Edward Weeks,South,Electronics,Silver,5,1976,117.23,0.73,581.87,2025-06-06
TXN-0001193,Kelly Gilbert,Central,Grocery,Bronze,1,1958,23.42,7.21,21.73,2026-07-03
TXN-0001194,Matthew Thomas,Central,Home,Silver,2,2000,68.52,6.4,128.27,2024-01-30
TXN-0001195,Christine Mendez,Central,Home,Bronze,3,1978,68.99,5.46,195.67,2025-02-19
TXN-0001196,Kelly King,North,Home,Silver,3,1954,136.48,5.65,386.31,2026-08-10
TXN-0001197,Timothy Ho,South,Electronics,Bronze,3,1985,207.41,2.33,607.73,2026-01-03
TXN-0001198,Sarah Taylor,West,Electronics,Gold,2,1948,170.59,7.31,316.24,2025-05-10
TXN-0001199,Sandra Smith,South,Electronics,Silver,6,1972,131.79,4.1,758.32,2025-01-31
TXN-0001200,Chris Jones,West,Electronics,Silver,3,2002,173.63,12.19,457.39,2026-05-28
TXN-0001201,Emily Lopez,East,Grocery,Bronze,2,1971,22.06,5.06,41.89,2025-10-25
TXN-0001202,Kimberly Rivera,East,Electronics,Bronze,7,1981,175.12,6.15,1150.45,2026-01-15
TXN-0001203,John Moore,West,Grocery,Gold,7,1947,27.53,14.7,164.38,2023-11-22
TXN-0001204,Justin Perez,West,Electronics,Silver,3,1985,112.7,7.88,311.46,2026-05-14
TXN-0001205,Tanya Hill,North,Electronics,Platinum,3,1979,146.18,23.34,336.18,2024-01-12
TXN-0001206,Shawna Silva,North,Electronics,Silver,4,1953,194.44,10.2,698.43,2024-09-26
TXN-0001207,Marcus Powell,East,Home,Bronze,3,1992,73.65,3.06,214.19,2026-06-04
TXN-0001208,Joshua Hopkins,East,Home,Silver,6,1990,125.63,7.34,698.45,2026-08-26
TXN-0001209,Christian Cross,South,Grocery,Silver,2,1970,28.8,10.35,51.64,2024-12-17
TXN-0001210,Dennis Garcia,South,Electronics,Bronze,2,1980,163.36,0.0,326.72,2024-09-15
TXN-0001211,Laurie Miranda,West,Home,Silver,4,1971,102.9,5.95,387.11,2024-02-15
TXN-0001212,Raymond Vargas,West,Grocery,Bronze,5,1966,16.73,0.0,83.65,2025-08-02
TXN-0001213,Robert Savage,East,Clothing,Bronze,2,1949,49.65,0.0,99.3,2024-02-27
TXN-0001214,Kara Jackson,South,Electronics,Bronze,2,1987,250.72,2.74,487.7,2026-06-08
TXN-0001215,Virginia Davis,South,Electronics,Silver,2,1957,119.4,9.71,215.61,2026-09-25
TXN-0001216,Brianna Martin,East,Electronics,Silver,2,2002,213.69,13.39,370.15,2024-03-02
TXN-0001217,Erica Huang,South,Sports,Bronze,1,2006,63.12,1.61,62.1,2025-08-17
TXN-0001218,Jorge Gonzales,East,Clothing,Gold,7,2002,40.91,11.59,253.18,2024-06-12
TXN-0001219,Erin Mason,West,Home,Gold,5,1981,128.07,12.74,558.77,2026-09-10
TXN-0001220,Justin Bennett,North,Grocery,Bronze,2,1947,22.97,2.85,44.63,2025-01-05
TXN-0001221,John Collins,North,Clothing,Bronze,2,1991,43.76,8.31,80.25,2023-11-11
TXN-0001222,Kerry Ware,South,Home,Bronze,2,1950,84.85,2.03,166.26,2023-12-08
TXN-0001223,Tina Dougherty,Central,Electronics,Bronze,5,1996,153.18,0.0,765.9,2025-02-12
TXN-0001224,Michelle Larsen,East,Home,Platinum,5,1979,97.72,21.35,384.28,2023-12-24
TXN-0001225,Katherine Mccormick,North,Electronics,Gold,4,1981,134.81,13.3,467.52,2024-12-26
TXN-0001226,Kristin Graham,Central,Clothing,Bronze,2,1984,101.0,1.87,198.22,2025-04-06
TXN-0001227,Alexander Diaz,East,Clothing,Silver,4,1992,37.31,6.06,140.2,2025-05-02
TXN-0001228,Michael Chandler,East,Grocery,Bronze,1,2003,10.59,9.25,9.61,2025-07-28
TXN-0001229,Justin Cuevas,Central,Grocery,Bronze,1,1977,17.28,0.23,17.24,2024-05-11
TXN-0001230,Janet White,North,Grocery,Bronze,1,1983,8.98,0.0,8.98,2024-10-11
TXN-0001231,Alexandra Ramos,South,Electronics,Bronze,1,1996,121.91,0.0,121.91,2025-12-31
TXN-0001232,Abigail Collins,East,Sports,Bronze,3,1995,60.1,0.28,179.8,2025-06-29
TXN-0001233,Jacob King,North,Electronics,Bronze,4,1973,160.85,0.0,643.4,2026-02-23
TXN-0001234,Lisa Johnson,West,Grocery,Bronze,2,1989,16.8,1.34,33.15,2026-08-22
TXN-0001235,John Williams,South,Grocery,Silver,4,1951,19.55,12.65,68.31,2024-07-03
TXN-0001236,Dawn Garrett,North,Home,Silver,3,1972,68.5,2.55,200.26,2024-06-18
TXN-0001237,Samantha Roy,South,Clothing,Bronze,4,1950,48.18,0.0,192.72,2024-06-25
TXN-0001238,Yolanda Chen,South,Grocery,Silver,3,1966,22.04,9.61,59.77,2024-01-28
TXN-0001239,John Golden DDS,North,Grocery,Bronze,7,1976,8.13,1.3,56.17,2026-05-01
TXN-0001240,Amanda Johnson,North,Electronics,Platinum,6,1985,185.38,18.66,904.73,2025-05-14
TXN-0001241,Brittany Fitzgerald,West,Grocery,Bronze,4,1970,8.5,5.78,32.03,2026-05-17
TXN-0001242,Bonnie Barnes,South,Electronics,Silver,1,1985,160.59,5.06,152.46,2026-08-24
TXN-0001243,Amy Walsh,South,Home,Bronze,4,1948,107.96,0.0,431.84,2024-10-06
TXN-0001244,Brent Stephens,North,Home,Bronze,8,1967,100.23,4.8,763.35,2025-11-09
TXN-0001245,Mrs. Lisa Smith,South,Grocery,Silver,1,1949,14.49,6.79,13.51,2026-03-21
TXN-0001246,Sarah Stewart,South,Home,Gold,2,1964,98.47,12.6,172.13,2024-05-07
TXN-0001247,Susan Matthews,East,Electronics,Platinum,2,1963,115.05,13.18,199.77,2024-09-22
TXN-0001248,Kelli Shepard,South,Home,Silver,6,1952,145.99,3.5,845.28,2025-09-13
TXN-0001249,Ryan Caldwell,Central,Clothing,Bronze,4,1971,73.57,1.3,290.45,2026-06-14
TXN-0001250,Roger Mason,Central,Home,Gold,3,1951,64.56,9.27,175.73,2024-10-26
TXN-0001251,Angela Ramos,North,Home,Bronze,2,1987,145.72,5.34,275.88,2025-09-10
TXN-0001252,Craig Wagner,North,Grocery,Silver,4,1950,19.27,6.77,71.86,2024-10-28
TXN-0001253,Paul Massey,North,Clothing,Gold,4,2000,37.04,12.16,130.14,2026-07-29
TXN-0001254,Donald Bell,East,Electronics,Bronze,4,1989,240.77,5.41,910.98,2023-10-12
TXN-0001255,Keith Horton,North,Home,Silver,4,1967,159.98,4.96,608.18,2025-09-19
TXN-0001256,Julie Wilson,West,Electronics,Bronze,2,1978,146.3,3.35,282.8,2024-12-17
TXN-0001257,Nicholas Lopez,West,Electronics,Bronze,4,1976,181.87,2.0,712.93,2026-08-15
TXN-0001258,Tracy Wang,West,Clothing,Platinum,4,2000,54.75,22.94,168.76,2026-01-24
TXN-0001259,Claudia Brooks,East,Home,Bronze,2,1957,110.23,3.53,212.68,2024-05-30
TXN-0001260,Nathaniel Wright,Central,Clothing,Bronze,3,1952,72.64,4.19,208.79,2024-01-20
TXN-0001261,Maria Valenzuela,North,Home,Silver,2,1972,127.09,5.22,240.91,2025-08-14
TXN-0001262,Peter Anderson,South,Grocery,Bronze,2,2007,9.43,0.04,18.85,2025-03-17
TXN-0001263,Michael Thompson,South,Home,Bronze,1,1963,75.07,1.69,73.8,2026-03-28
TXN-0001264,Ethan Perez,Central,Clothing,Bronze,2,1973,77.11,4.17,147.79,2025-01-04
TXN-0001265,Stephen Thompson,East,Electronics,Silver,4,1997,125.31,8.33,459.49,2026-06-16
TXN-0001266,Michael Baker,West,Electronics,Silver,3,1994,180.67,9.73,489.27,2025-07-18
TXN-0001267,Kenneth Bailey DDS,North,Home,Gold,2,1957,65.3,10.06,117.46,2026-09-04
TXN-0001268,Mark Decker,Central,Grocery,Bronze,3,1959,22.82,0.0,68.46,2024-10-20
TXN-0001269,Ruben Cruz,East,Electronics,Platinum,6,1955,162.11,18.33,794.37,2025-09-06
TXN-0001270,Christine Park,East,Electronics,Bronze,3,1965,197.66,0.0,592.98,2025-01-09
TXN-0001271,Robert Hogan,Central,Clothing,Bronze,5,1960,63.15,0.0,315.75,2024-08-02
TXN-0001272,Michael Gordon,South,Clothing,Platinum,3,1952,33.63,19.27,81.45,2025-05-17
TXN-0001273,Rebecca Davis,South,Sports,Gold,3,1948,156.13,8.53,428.44,2025-10-17
TXN-0001274,Deanna Mcdonald,East,Electronics,Bronze,5,1967,101.23,0.05,505.9,2024-03-11
TXN-0001275,Brian Barrett,North,Electronics,Bronze,4,1961,381.86,0.0,1527.44,2024-09-30
TXN-0001276,Charles Willis,South,Clothing,Gold,2,1968,25.82,8.91,47.04,2025-05-12
TXN-0001277,James Chapman,North,Electronics,Bronze,2,1963,163.86,0.0,327.72,2026-03-04
TXN-0001278,Michael Soto,North,Electronics,Bronze,3,1965,97.76,0.0,293.28,2025-04-07
TXN-0001279,Aimee Fisher,West,Clothing,Silver,6,1951,96.82,8.8,529.8,2026-03-08
TXN-0001280,Matthew Garcia,East,Clothing,Gold,3,2002,38.56,12.01,101.79,2024-12-30
TXN-0001281,Elizabeth Owens,South,Electronics,Silver,2,1960,109.06,7.39,202.0,2026-09-18
TXN-0001282,Alex Lamb,South,Home,Silver,5,1998,91.08,6.28,426.8,2024-12-29
TXN-0001283,Kenneth Graham,South,Home,Platinum,4,1991,148.47,22.23,461.86,2023-11-01
TXN-0001284,Roy King,East,Electronics,Bronze,2,1951,246.33,3.75,474.19,2026-07-16
TXN-0001285,George Gregory,Central,Grocery,Gold,2,1973,16.65,14.86,28.35,2025-06-03
TXN-0001286,Wesley Rich,Central,Clothing,Bronze,3,1969,49.16,1.35,145.49,2024-11-27
TXN-0001287,Stephanie Hunter,South,Sports,Silver,3,1975,90.02,6.87,251.51,2023-10-10
TXN-0001288,Raymond Finley,South,Sports,Silver,5,1964,73.49,2.87,356.9,2026-02-23
TXN-0001289,Allen Hunt,East,Clothing,Bronze,6,1985,56.57,0.0,339.42,2026-08-28
TXN-0001290,Stacie Sanford,East,Electronics,Silver,3,2003,152.26,9.57,413.07,2023-12-13
TXN-0001291,Christina Compton,East,Grocery,Gold,4,1964,22.29,11.06,79.3,2026-04-27
TXN-0001292,Beverly Cook,West,Clothing,Silver,6,1982,64.4,6.11,362.79,2025-11-07
TXN-0001293,Tracy Parker,East,Electronics,Bronze,2,1964,272.51,4.09,522.73,2024-12-15
TXN-0001294,Rebecca Ellis,South,Home,Bronze,5,2001,72.02,2.82,349.95,2024-09-19
TXN-0001295,Aaron Hernandez,South,Home,Silver,3,1964,71.79,7.01,200.27,2026-04-28
TXN-0001296,Elizabeth Miller,South,Grocery,Silver,3,1971,17.43,6.13,49.08,2025-03-28
TXN-0001297,Dalton Davis,North,Grocery,Bronze,2,1965,16.77,4.82,31.92,2024-09-02
TXN-0001298,Michael Singleton,North,Grocery,Bronze,1,1983,24.35,0.0,24.35,2026-06-12
TXN-0001299,John Cooper,West,Grocery,Silver,2,2004,12.44,8.1,22.86,2024-07-19
TXN-0001300,Michael Hale,South,Home,Bronze,3,1953,140.38,1.0,416.93,2026-05-19
TXN-0001301,Mary Guerra,South,Home,Bronze,5,1965,81.47,3.86,391.63,2024-10-21
TXN-0001302,Pamela Davis,East,Sports,Bronze,4,1952,113.4,4.17,434.68,2026-08-15
TXN-0001303,Phillip Anderson,West,Sports,Silver,5,1979,181.89,7.37,842.42,2026-07-18
TXN-0001304,Stephanie Weiss,South,Grocery,Platinum,6,1983,25.78,23.65,118.1,2026-08-20
TXN-0001305,Jessica Long,West,Grocery,Silver,4,1988,22.4,9.4,81.18,2024-04-27
TXN-0001306,John Yang,Central,Home,Bronze,1,1980,132.99,0.97,131.7,2026-05-30
TXN-0001307,Connie Franklin,East,Clothing,Gold,4,1992,49.62,13.73,171.23,2024-02-25
TXN-0001308,Jackie Morgan,West,Grocery,Bronze,4,2001,19.74,2.88,76.69,2026-05-29
TXN-0001309,Lisa Walton,North,Electronics,Platinum,12,1947,126.46,23.3,1163.94,2026-06-28
TXN-0001310,Maria Taylor,Central,Electronics,Bronze,1,1988,129.3,0.0,129.3,2023-11-28
TXN-0001311,Daniel Graham,South,Clothing,Gold,9,1996,61.27,16.73,459.18,2025-01-19
TXN-0001312,Matthew Simmons,Central,Home,Gold,6,1958,93.07,7.54,516.32,2025-08-12
TXN-0001313,James Nicholson,East,Home,Gold,4,1950,104.67,14.53,357.85,2023-11-18
TXN-0001314,Tyler Fisher,North,Electronics,Bronze,3,1977,167.7,3.51,485.44,2026-03-16
TXN-0001315,Michael Flowers,North,Electronics,Gold,8,1977,144.94,12.28,1017.13,2025-04-16
TXN-0001316,Bradley Parks,West,Electronics,Silver,1,1947,221.07,9.03,201.11,2024-04-19
TXN-0001317,Scott Lara,East,Clothing,Bronze,3,1966,44.31,0.0,132.93,2024-02-15
TXN-0001318,Francis Andrews,North,Electronics,Silver,3,1986,174.7,4.21,502.04,2024-12-29
TXN-0001319,Jesse Tucker,West,Grocery,Silver,2,1951,26.9,3.29,52.03,2025-02-16
TXN-0001320,Jennifer Wise,West,Clothing,Platinum,5,1952,70.5,17.68,290.18,2025-07-04
TXN-0001321,David Walters,East,Clothing,Gold,4,1961,54.45,16.61,181.62,2024-06-26
TXN-0001322,Rebekah Cole,East,Clothing,Silver,2,1971,29.33,11.29,52.04,2024-08-04
TXN-0001323,John Rogers,North,Home,Silver,2,1972,79.9,6.66,149.16,2024-04-20
TXN-0001324,Holly Floyd,West,Grocery,Bronze,2,1947,37.86,2.63,73.73,2026-01-12
TXN-0001325,Ms. Janet Leonard,South,Electronics,Silver,5,1966,146.69,13.67,633.19,2025-04-18
TXN-0001326,George Villa,Central,Clothing,Gold,4,1987,54.9,11.54,194.26,2025-12-30
TXN-0001327,Christina Hess,South,Grocery,Silver,6,1974,19.1,4.63,109.29,2025-11-15
TXN-0001328,Jordan Williams,East,Electronics,Gold,3,1988,185.81,16.18,467.24,2024-11-24
TXN-0001329,Bryan Burns,South,Grocery,Silver,5,1978,14.31,5.15,67.87,2024-06-09
TXN-0001330,Stephen Parks,North,Sports,Bronze,2,1954,97.79,0.0,195.58,2024-10-31
TXN-0001331,George Phillips,West,Home,Gold,1,1959,103.84,16.03,87.19,2025-10-15
TXN-0001332,Kimberly White,East,Sports,Bronze,1,1956,41.04,6.74,38.27,2024-12-29
TXN-0001333,Alan Nguyen,East,Clothing,Platinum,3,1985,22.58,18.27,55.36,2025-03-07
TXN-0001334,Linda Howard,Central,Clothing,Platinum,2,1965,45.58,19.88,73.04,2024-03-24
TXN-0001335,Parker Wright,Central,Electronics,Gold,6,1976,104.73,16.1,527.21,2025-09-24
TXN-0001336,Brandon Acosta,West,Electronics,Gold,4,2007,178.29,10.34,639.42,2024-01-22
TXN-0001337,Jessica Hill,North,Clothing,Silver,5,1952,48.25,10.27,216.47,2024-05-03
TXN-0001338,Melissa Sanchez,East,Home,Silver,4,2000,106.1,12.07,373.17,2024-09-12
TXN-0001339,Sandy Oconnor,Central,Home,Gold,6,1981,106.58,8.68,583.97,2026-08-13
TXN-0001340,Judy Jones,South,Electronics,Bronze,3,1974,112.52,0.0,337.56,2026-08-10
TXN-0001341,Charles Davila,North,Home,Gold,1,1986,79.23,7.35,73.41,2025-06-06
TXN-0001342,Sonia Reyes,West,Electronics,Bronze,4,1995,131.83,0.18,526.37,2026-02-09
TXN-0001343,Mrs. Tammy Curry,East,Clothing,Gold,4,1986,76.24,8.59,278.76,2025-04-18
TXN-0001344,Alex Clements,East,Electronics,Silver,2,1945,150.46,10.8,268.42,2024-02-15
TXN-0001345,Matthew Andrade,Central,Grocery,Gold,5,2002,27.89,9.63,126.02,2025-06-01
TXN-0001346,Jessica Wilson,East,Home,Silver,3,1952,142.18,5.58,402.74,2023-10-19
TXN-0001347,Dean Turner,South,Grocery,Silver,3,1974,17.17,8.26,47.26,2024-11-11
TXN-0001348,Sarah Sanchez,South,Electronics,Gold,2,1990,130.04,10.11,233.79,2026-01-08
TXN-0001349,Jacqueline Kennedy,South,Clothing,Bronze,2,1995,40.48,2.03,79.32,2024-04-06
TXN-0001350,Jessica Burgess,North,Sports,Bronze,1,2001,96.16,4.26,92.06,2025-09-03
TXN-0001351,Destiny Powers,West,Electronics,Bronze,3,1984,154.48,12.84,403.93,2025-04-22
TXN-0001352,Susan Gregory,West,Clothing,Silver,2,1952,42.62,8.32,78.15,2026-08-08
TXN-0001353,Jason Smith,South,Electronics,Silver,5,1968,219.02,1.46,1079.11,2026-08-07
TXN-0001354,Carlos Adams,South,Electronics,Silver,2,1994,220.43,9.41,399.38,2024-11-08
TXN-0001355,Vanessa Flores,Central,Home,Bronze,5,1997,64.58,3.07,312.99,2026-03-24
TXN-0001356,Albert Nguyen,North,Electronics,Bronze,4,1948,181.58,3.75,699.08,2025-05-11
TXN-0001357,Dwayne Joseph,East,Home,Gold,6,1968,110.59,12.65,579.6,2026-06-15
TXN-0001358,Leah Walters,East,Sports,Silver,2,1966,136.05,10.07,244.7,2025-04-27
TXN-0001359,James Spears,West,Electronics,Bronze,4,1999,151.02,1.12,597.31,2024-03-14
TXN-0001360,Gilbert Reed,North,Electronics,Bronze,2,1993,160.01,3.07,310.2,2026-08-11
TXN-0001361,Joel Newton,West,Grocery,Bronze,2,1987,22.69,2.71,44.15,2024-09-25
TXN-0001362,Michael Chambers,South,Home,Gold,3,1975,140.32,13.37,364.68,2025-09-29
TXN-0001363,Andrew Phelps,East,Sports,Silver,5,1949,86.29,5.85,406.21,2023-11-05
TXN-0001364,Lynn Hoffman,North,Clothing,Silver,4,1991,59.52,10.91,212.11,2026-05-17
TXN-0001365,Daniel Mercer,East,Home,Silver,7,1985,73.95,11.82,456.46,2026-02-16
TXN-0001366,Edgar Stewart,East,Sports,Gold,2,1962,66.97,19.76,107.47,2025-02-18
TXN-0001367,Alyssa Weber,South,Electronics,Bronze,5,1966,151.87,2.46,740.67,2026-05-02
TXN-0001368,Guy Reynolds,North,Grocery,Bronze,4,1987,23.01,2.8,89.46,2024-09-05
TXN-0001369,Allison Mcpherson DDS,North,Home,Silver,5,1947,105.31,8.01,484.37,2026-06-30
TXN-0001370,David Morse Jr.,South,Grocery,Platinum,6,1994,14.14,17.24,70.21,2024-01-04
TXN-0001371,Sarah Davis,North,Electronics,Silver,2,1982,215.42,10.1,387.33,2026-06-11
TXN-0001372,Willie Duncan,Central,Clothing,Silver,2,1957,51.84,6.08,97.38,2025-09-18
TXN-0001373,Christopher Waters,South,Electronics,Gold,5,1978,151.56,15.08,643.52,2026-09-21
TXN-0001374,Jennifer Ortiz,West,Sports,Bronze,2,1956,98.13,0.0,196.26,2025-01-09
TXN-0001375,Jennifer Greene,Central,Electronics,Bronze,1,1963,218.69,4.0,209.94,2026-07-02
TXN-0001376,Jack Garcia,North,Electronics,Silver,2,1947,180.59,11.51,319.61,2025-06-23
TXN-0001377,Toni Gill,West,Sports,Platinum,10,1997,144.39,17.75,1187.61,2024-03-27
TXN-0001378,Joseph Myers,Central,Clothing,Bronze,2,1969,28.54,0.52,56.78,2024-05-02
TXN-0001379,Kathleen Marshall,East,Home,Silver,5,1987,126.19,5.42,596.75,2023-12-07
TXN-0001380,Joanna Bradshaw,South,Clothing,Gold,5,1945,38.77,11.42,171.71,2023-11-24
TXN-0001381,Dylan Patel,South,Home,Silver,3,1999,89.47,11.78,236.79,2025-01-12
TXN-0001382,John Jackson,North,Electronics,Silver,3,1978,161.38,7.52,447.73,2025-11-01
TXN-0001383,Janet Delgado,East,Home,Bronze,3,1955,88.45,0.0,265.35,2024-03-26
TXN-0001384,Jennifer Fields,Central,Home,Bronze,6,1962,65.62,0.0,393.72,2024-02-25
TXN-0001385,Brenda Harvey,Central,Clothing,Bronze,1,1970,34.3,0.0,34.3,2024-09-26
TXN-0001386,Ms. Monique Dougherty MD,North,Clothing,Bronze,1,2007,28.15,0.0,28.15,2026-01-10
TXN-0001387,Keith Kennedy,West,Electronics,Gold,2,2001,149.22,8.75,272.33,2024-04-25
TXN-0001388,Jacob Paul,South,Grocery,Silver,2,1999,18.93,2.91,36.76,2025-05-23
TXN-0001389,Martha Arnold,Central,Electronics,Gold,4,1956,197.59,11.67,698.12,2025-09-01
TXN-0001390,Sarah Martin,North,Clothing,Bronze,3,1979,82.83,0.0,248.49,2025-04-26
TXN-0001391,Shaun Thompson,Central,Clothing,Bronze,6,1947,74.03,1.58,437.16,2026-08-04
TXN-0001392,Tammy Morris,West,Home,Gold,8,2001,127.57,14.39,873.7,2026-09-13
TXN-0001393,Steven Clark,North,Grocery,Bronze,2,1948,12.72,3.16,24.64,2026-01-14
TXN-0001394,David Morrison,North,Clothing,Bronze,3,2005,81.19,2.87,236.58,2025-07-10
TXN-0001395,Rebecca Kaufman DDS,West,Grocery,Bronze,3,1956,20.58,0.0,61.74,2026-03-28
TXN-0001396,Larry Rivera,North,Grocery,Bronze,6,1982,11.46,0.35,68.52,2024-05-25
TXN-0001397,Caitlin Ford,East,Grocery,Bronze,4,1996,26.26,6.48,98.23,2025-07-03
TXN-0001398,Adriana Johnson,Central,Grocery,Bronze,1,1967,13.26,9.48,12.0,2026-07-11
TXN-0001399,Sharon Cowan,East,Electronics,Gold,6,1963,111.68,15.83,564.01,2024-02-28
TXN-0001400,Andrea Butler,South,Sports,Bronze,3,2000,129.08,2.21,378.68,2025-10-27
TXN-0001401,Mike Martinez,East,Grocery,Silver,5,1987,19.63,4.09,94.14,2026-05-11
TXN-0001402,Maria Ferguson,North,Home,Silver,3,1961,62.67,11.38,166.61,2025-06-22
TXN-0001403,John Barber,Central,Electronics,Silver,4,1945,132.94,6.46,497.41,2024-12-05
TXN-0001404,James Short,South,Electronics,Silver,2,1965,232.39,6.13,436.29,2023-11-17
TXN-0001405,Heidi Moran,North,Home,Bronze,1,1960,59.29,6.02,55.72,2026-09-04
TXN-0001406,Marie Patterson,South,Clothing,Bronze,4,1985,52.49,0.0,209.96,2025-04-25
TXN-0001407,Charles Baker,Central,Grocery,Silver,4,1969,17.18,6.75,64.08,2024-08-30
TXN-0001408,Nicole Rodriguez,North,Clothing,Platinum,5,1947,143.03,14.84,609.02,2025-08-16
TXN-0001409,Jason Morgan,West,Home,Bronze,3,1986,54.19,3.94,156.16,2025-08-18
TXN-0001410,Rebecca Clark,West,Electronics,Silver,3,1952,97.74,12.66,256.1,2024-09-28
TXN-0001411,Martin Jones,West,Electronics,Platinum,6,1952,131.56,21.73,617.83,2025-04-13
TXN-0001412,Katherine Sanchez,Central,Electronics,Gold,2,1979,128.24,19.9,205.44,2024-02-29
TXN-0001413,Edward Wallace,West,Grocery,Gold,5,1964,18.27,13.73,78.81,2026-08-28
TXN-0001414,Melissa Carroll,Central,Home,Silver,5,1953,76.52,12.05,336.5,2025-04-20
TXN-0001415,Pam Hernandez,North,Sports,Gold,1,1985,101.15,7.43,93.63,2026-01-20
TXN-0001416,Daniel Wood,West,Grocery,Silver,6,1998,18.61,7.74,103.02,2026-06-25
TXN-0001417,Eddie Duffy,East,Grocery,Silver,5,1954,12.87,2.37,62.82,2025-04-07
TXN-0001418,Mark Alvarez,East,Home,Gold,3,2000,83.05,14.34,213.42,2023-12-31
TXN-0001419,Edward Manning,Central,Grocery,Bronze,5,1949,16.42,0.88,81.38,2025-06-07
TXN-0001420,Bridget Carter,Central,Sports,Platinum,3,1977,112.26,19.31,271.75,2024-11-29
TXN-0001421,Mark Johnson,West,Grocery,Platinum,4,1990,24.44,19.25,78.94,2024-07-18
TXN-0001422,Eric Silva,East,Electronics,Silver,4,1950,206.06,10.67,736.29,2024-04-04
TXN-0001423,Nathan Mcgee,East,Grocery,Bronze,2,2003,14.0,2.68,27.25,2025-09-03
TXN-0001424,Jennifer Montgomery MD,South,Electronics,Gold,4,1962,179.13,13.66,618.64,2024-02-17
TXN-0001425,Christopher Farrell,South,Electronics,Bronze,3,1993,107.29,2.06,315.24,2026-07-23
TXN-0001426,James Grimes,South,Grocery,Silver,8,1981,22.7,9.51,164.33,2024-08-22
TXN-0001427,Mr. Joseph Thompson,North,Grocery,Bronze,2,1967,27.65,1.23,54.62,2026-06-20
TXN-0001428,Alexis Arroyo,North,Electronics,Gold,1,1948,77.34,9.13,70.28,2026-06-17
TXN-0001429,Eric Walker,West,Electronics,Platinum,6,1999,155.91,23.36,716.94,2026-04-12
TXN-0001430,Richard Mccormick,East,Sports,Bronze,2,1967,73.05,0.46,145.43,2023-10-31
TXN-0001431,Heather Stevens,Central,Electronics,Silver,3,1976,220.93,7.98,609.9,2023-12-15
TXN-0001432,Susan Larsen,East,Electronics,Gold,1,1956,130.85,15.67,110.35,2025-02-27
TXN-0001433,Rachel Warren,North,Grocery,Bronze,4,1970,14.65,0.0,58.6,2024-10-10
TXN-0001434,Dale Beck,North,Grocery,Bronze,1,1981,19.16,0.0,19.16,2024-04-10
TXN-0001435,Brett Rivera,South,Home,Bronze,3,2006,112.08,0.0,336.24,2026-02-21
TXN-0001436,Juan Nichols,Central,Home,Gold,6,1999,97.39,11.78,515.5,2024-08-11
TXN-0001437,Shelia Waller,South,Clothing,Silver,2,2004,75.39,10.7,134.65,2024-01-12
TXN-0001438,Keith Wright,East,Electronics,Bronze,6,2001,205.05,1.91,1206.8,2026-02-04
TXN-0001439,Patrick Norris,Central,Grocery,Bronze,2,1960,15.13,6.95,28.16,2024-08-14
TXN-0001440,Danielle Norris,Central,Grocery,Silver,3,1951,18.28,8.14,50.38,2026-03-26
TXN-0001441,Andrew Lynch,South,Clothing,Bronze,3,1973,67.15,0.01,201.43,2024-08-28
TXN-0001442,Anna Lee,North,Clothing,Silver,2,1950,41.99,4.61,80.11,2024-09-23
TXN-0001443,Amy Leach,North,Clothing,Bronze,3,1987,43.68,7.54,121.16,2025-02-19
TXN-0001444,Amy Perez,North,Electronics,Gold,5,1990,96.75,15.73,407.66,2024-05-14
TXN-0001445,Lauren Marshall,North,Clothing,Silver,3,1991,83.78,6.37,235.33,2026-04-10
TXN-0001446,Rachael Flores,East,Electronics,Gold,4,1945,344.41,13.47,1192.07,2023-10-02
TXN-0001447,Christina Wilson,Central,Grocery,Bronze,3,1945,14.32,0.44,42.77,2024-12-01
TXN-0001448,Craig Daniels,East,Clothing,Silver,1,1976,67.83,0.0,67.83,2024-05-09
TXN-0001449,John Hudson,East,Grocery,Gold,3,1971,28.1,13.3,73.09,2024-04-16
TXN-0001450,Shannon Rodriguez,South,Home,Silver,3,1986,60.32,2.64,176.18,2026-01-14
TXN-0001451,Paula Lee,West,Grocery,Bronze,2,1989,20.51,0.73,40.72,2024-10-21
TXN-0001452,Lisa Bryant,East,Sports,Bronze,3,1969,120.41,0.0,361.23,2024-06-25
TXN-0001453,Paul Guzman,West,Clothing,Silver,4,1995,50.63,6.35,189.66,2024-03-16
TXN-0001454,Christopher Hunter MD,Central,Electronics,Silver,3,1971,157.17,3.51,454.96,2026-07-20
TXN-0001455,Elizabeth Camacho,South,Grocery,Gold,7,1988,29.5,13.24,179.16,2023-11-07
TXN-0001456,Donald Hoffman,North,Electronics,Gold,7,1972,139.49,15.43,825.77,2024-04-19
TXN-0001457,Jeremiah Rowland,South,Electronics,Silver,2,1950,132.36,8.1,243.28,2023-10-21
TXN-0001458,Katherine Flores,South,Electronics,Platinum,4,1963,151.74,14.84,516.89,2025-04-06
TXN-0001459,Julie Martin,Central,Sports,Silver,4,2005,143.6,1.17,567.68,2024-10-01
TXN-0001460,Jeffrey Torres,South,Electronics,Bronze,3,1971,214.29,0.0,642.87,2026-03-30
TXN-0001461,Jessica Little,West,Home,Bronze,4,1981,110.15,5.59,415.97,2025-02-11
TXN-0001462,Catherine Maxwell,East,Clothing,Gold,5,1995,67.07,20.66,266.07,2023-10-22
TXN-0001463,Cindy Shaw,North,Grocery,Bronze,3,1979,12.36,0.0,37.08,2024-06-24
TXN-0001464,Joseph Garcia,South,Clothing,Gold,3,1997,68.02,9.42,184.84,2024-11-13
TXN-0001465,Leon Duncan,West,Grocery,Bronze,2,1953,15.78,6.85,29.4,2023-12-18
TXN-0001466,Christopher Miranda,West,Grocery,Bronze,5,1982,17.14,0.54,85.24,2024-04-11
TXN-0001467,Sarah Bishop,South,Clothing,Gold,2,1969,51.44,12.72,89.79,2025-07-12
TXN-0001468,Tyler Zavala,South,Clothing,Gold,5,1964,78.08,13.57,337.42,2025-12-23
TXN-0001469,Rachel Chan,West,Grocery,Gold,5,1969,34.89,10.6,155.96,2024-03-22
TXN-0001470,Timothy Kennedy,North,Grocery,Bronze,3,1970,13.37,0.0,40.11,2024-01-04
TXN-0001471,Elizabeth Thomas,Central,Clothing,Bronze,4,1971,81.85,1.73,321.74,2025-10-06
TXN-0001472,Hector Mcgee,North,Clothing,Silver,3,1989,53.47,5.56,151.49,2025-08-24
TXN-0001473,Jeffery Long,North,Electronics,Gold,5,2000,216.32,6.77,1008.38,2025-04-12
TXN-0001474,Philip Powell,East,Electronics,Bronze,1,1974,184.3,0.0,184.3,2025-12-03
TXN-0001475,Heather Trujillo,East,Electronics,Silver,5,1980,133.86,6.52,625.66,2026-04-07
TXN-0001476,Pamela Smith,East,Electronics,Bronze,4,1952,133.15,0.06,532.28,2024-03-15
TXN-0001477,Christine Moran,South,Electronics,Gold,4,1971,154.12,14.74,525.61,2025-08-30
TXN-0001478,James Morris,Central,Grocery,Bronze,1,1986,21.2,0.0,21.2,2025-11-18
TXN-0001479,Erika Castro,East,Grocery,Platinum,7,1995,22.25,26.34,114.73,2024-09-06
TXN-0001480,Daniel Shaw,East,Grocery,Bronze,2,1950,52.9,2.18,103.49,2026-05-10
TXN-0001481,Ashley Sanchez,South,Home,Silver,3,1978,113.26,7.26,315.11,2023-12-04
TXN-0001482,John Griffith,North,Home,Gold,7,2007,59.45,11.2,369.54,2026-07-17
TXN-0001483,Wesley Williams,East,Electronics,Bronze,3,1971,258.61,1.07,767.53,2025-12-16
TXN-0001484,Melissa Stout,South,Grocery,Bronze,4,1965,23.09,0.0,92.36,2025-01-08
TXN-0001485,Mr. Lawrence Brooks,East,Clothing,Silver,6,1989,54.1,7.0,301.88,2025-09-08
TXN-0001486,Mark Hill,North,Home,Silver,3,1954,63.59,13.89,164.27,2026-06-23
TXN-0001487,Thomas Rodriguez,Central,Sports,Silver,2,1983,70.85,10.14,127.33,2023-11-15
TXN-0001488,Paul Nguyen,East,Grocery,Silver,6,1982,28.25,1.29,167.31,2023-12-31
TXN-0001489,Jennifer Hernandez,Central,Electronics,Bronze,1,1969,198.46,3.02,192.47,2025-10-11
TXN-0001490,Edwin Gonzalez,East,Grocery,Gold,5,1992,30.15,14.56,128.8,2025-06-12
TXN-0001491,David Armstrong,North,Electronics,Bronze,3,1962,263.09,7.31,731.57,2025-07-21
TXN-0001492,Debbie Schmidt,West,Electronics,Silver,3,1990,179.13,4.24,514.6,2026-08-28
TXN-0001493,Alex Barton,East,Electronics,Gold,3,1978,55.35,21.0,131.18,2024-03-13
TXN-0001494,Richard Dawson,West,Electronics,Gold,7,1961,121.52,13.39,736.74,2025-10-28
TXN-0001495,Scott Stein,South,Grocery,Bronze,1,2006,10.93,0.0,10.93,2025-08-17
TXN-0001496,Stephen Lopez,East,Clothing,Bronze,3,1979,94.07,0.0,282.21,2024-01-20
TXN-0001497,Joel Cook,West,Electronics,Silver,6,1989,199.49,6.58,1118.18,2024-01-31
TXN-0001498,Michele Scott,East,Sports,Bronze,3,1988,72.4,2.72,211.29,2025-02-09
TXN-0001499,Allison Wilson,South,Home,Silver,4,2002,78.07,3.0,302.91,2026-04-29
TXN-0001500,James Tucker,West,Clothing,Silver,3,1996,83.66,9.18,227.94,2024-05-15
TXN-0001501,Joseph Durham,West,Home,Bronze,3,1956,68.38,3.84,197.26,2024-01-08
TXN-0001502,Alexis Kim,Central,Home,Bronze,1,1975,59.61,2.03,58.4,2024-04-11
TXN-0001503,Jonathan Yates,South,Home,Silver,4,1988,57.84,3.99,222.13,2024-11-28
TXN-0001504,Katherine Andrews,South,Home,Gold,4,1945,97.23,13.07,338.09,2026-05-24
TXN-0001505,Morgan Cunningham,West,Sports,Bronze,3,1962,58.65,8.45,161.08,2026-06-07
TXN-0001506,Phyllis Schmidt,East,Clothing,Bronze,6,1971,81.09,0.0,486.54,2026-03-25
TXN-0001507,Sarah Miller,West,Home,Bronze,3,1956,93.03,0.0,279.09,2026-01-26
TXN-0001508,Lisa Kaiser,East,Electronics,Silver,3,1983,101.62,5.7,287.48,2025-02-14
TXN-0001509,Pamela Jordan,South,Grocery,Gold,4,1963,17.1,10.16,61.45,2025-05-11
TXN-0001510,Jerry Gilmore,West,Clothing,Gold,7,1953,40.32,6.51,263.87,2026-04-13
TXN-0001511,Marie Jones,North,Clothing,Platinum,4,1975,54.21,21.43,170.37,2025-12-30
TXN-0001512,Gina Rose,North,Sports,Silver,5,2003,112.99,2.38,551.5,2024-12-29
TXN-0001513,Samantha Reynolds,East,Home,Gold,4,1954,87.61,8.02,322.33,2025-09-01
TXN-0001514,Kenneth Smith,West,Electronics,Bronze,2,1956,130.02,4.87,247.38,2025-11-21
TXN-0001515,Alicia Perez,Central,Clothing,Silver,2,1952,65.89,11.9,116.1,2026-04-25
TXN-0001516,David Walker,South,Clothing,Silver,4,1954,48.55,16.05,163.03,2025-07-27
TXN-0001517,Erin Ellis,North,Sports,Gold,4,1972,92.66,7.55,342.66,2024-02-29
TXN-0001518,Patricia Andrews,Central,Clothing,Gold,8,1945,63.18,14.38,432.76,2026-09-22
TXN-0001519,Spencer Camacho,North,Electronics,Bronze,5,1953,113.29,0.0,566.45,2024-03-23
TXN-0001520,Raymond Harris,North,Home,Gold,6,1960,58.18,13.25,302.83,2026-07-11
TXN-0001521,Alexander Guzman,South,Clothing,Gold,4,1945,49.44,12.45,173.14,2026-07-05
TXN-0001522,Penny Fernandez,East,Electronics,Platinum,10,1997,188.94,12.5,1653.22,2026-01-31
TXN-0001523,Erin Stewart,Central,Grocery,Silver,3,1964,33.72,8.85,92.21,2024-08-27
TXN-0001524,Daniel Turner,West,Electronics,Platinum,5,1990,110.0,19.99,440.06,2025-07-27
TXN-0001525,Devin Mayer,West,Sports,Gold,7,1987,53.8,15.12,319.66,2025-08-29
TXN-0001526,Henry Taylor,North,Grocery,Silver,2,1954,25.81,2.59,50.28,2024-09-16
TXN-0001527,Jessica Flowers,South,Electronics,Silver,3,1954,174.19,14.4,447.32,2025-07-01
TXN-0001528,Jeremy Manning,East,Grocery,Gold,6,2003,17.19,13.92,88.78,2025-03-07
TXN-0001529,Jamie Griffin,North,Grocery,Gold,7,1976,23.15,14.17,139.09,2025-09-01
TXN-0001530,Daniel James,South,Home,Silver,2,1985,141.24,11.83,249.06,2025-06-08
TXN-0001531,Anna Thompson,South,Home,Platinum,8,1988,131.51,19.95,842.19,2025-07-05
TXN-0001532,Misty Martinez,North,Electronics,Bronze,4,1976,127.15,0.0,508.6,2024-02-22
TXN-0001533,Barbara Burns,East,Electronics,Silver,1,1986,189.58,10.81,169.09,2025-01-25
TXN-0001534,Nicole Stewart,West,Grocery,Bronze,3,1952,27.17,1.47,80.31,2025-07-21
TXN-0001535,William Marsh,North,Electronics,Silver,4,2002,146.92,10.38,526.68,2025-01-25
TXN-0001536,David Rodriguez,East,Clothing,Bronze,3,2001,63.7,1.59,188.06,2026-07-27
TXN-0001537,Adam Lara,West,Home,Bronze,4,1992,74.49,9.6,269.36,2024-10-27
TXN-0001538,Scott Gomez,West,Electronics,Bronze,3,1982,116.49,1.8,343.18,2025-05-01
TXN-0001539,Sara Hamilton,West,Grocery,Bronze,2,1972,21.15,0.0,42.3,2024-05-22
TXN-0001540,Elizabeth Key,East,Grocery,Bronze,5,1953,25.29,3.14,122.48,2026-08-29
TXN-0001541,Mason Price,West,Grocery,Silver,5,1967,23.92,5.3,113.26,2025-10-03
TXN-0001542,Trevor Hill,South,Electronics,Bronze,1,1975,101.95,0.0,101.95,2024-01-10
TXN-0001543,Erica Taylor,South,Clothing,Bronze,1,1993,88.64,6.66,82.74,2024-02-16
TXN-0001544,Justin Anderson,North,Grocery,Bronze,6,1947,22.47,0.0,134.82,2024-02-07
TXN-0001545,Michael Farmer,East,Clothing,Bronze,6,1972,83.16,5.55,471.27,2024-02-19
TXN-0001546,Robert Cline,South,Grocery,Bronze,5,1949,13.26,7.55,61.29,2025-07-29
TXN-0001547,Jacqueline Perry,South,Home,Platinum,6,1984,123.27,18.75,600.94,2024-02-25
TXN-0001548,Christopher Mayer,West,Clothing,Silver,4,1956,70.24,7.88,258.82,2025-04-28
TXN-0001549,Natalie Patrick,South,Clothing,Bronze,3,1976,36.08,0.0,108.24,2024-04-17
TXN-0001550,Shawn Rodriguez,South,Grocery,Silver,4,1971,21.46,10.94,76.45,2026-02-08
TXN-0001551,Jonathan Torres,North,Electronics,Bronze,4,1978,114.02,0.0,456.08,2023-12-30
TXN-0001552,Susan Baker,South,Grocery,Silver,3,1996,18.51,10.42,49.74,2026-03-27
TXN-0001553,Richard Rivera,South,Home,Platinum,3,1956,207.19,19.95,497.57,2026-02-16
TXN-0001554,Amanda Wiggins,South,Electronics,Bronze,3,1987,181.13,0.0,543.39,2026-02-16
TXN-0001555,Amber Bennett,South,Grocery,Bronze,2,1968,17.69,0.0,35.38,2025-02-21
TXN-0001556,Kelly Moore,West,Clothing,Silver,5,1988,33.47,8.63,152.91,2026-08-03
TXN-0001557,Steven Davis,Central,Electronics,Bronze,3,1964,181.18,0.0,543.54,2024-04-04
TXN-0001558,Ashley Alvarez DVM,East,Sports,Bronze,5,1949,72.77,3.84,349.88,2025-06-27
TXN-0001559,Kimberly Taylor,East,Grocery,Silver,2,1965,9.11,7.51,16.85,2025-03-30
TXN-0001560,Mallory Collins,West,Home,Silver,2,1957,62.87,5.53,118.79,2026-07-27
TXN-0001561,Steven Anderson,Central,Grocery,Bronze,3,1978,25.16,3.62,72.75,2025-07-16
TXN-0001562,Holly Austin,East,Home,Gold,3,1972,144.74,10.11,390.32,2023-12-16
TXN-0001563,Karen Goodman,Central,Clothing,Bronze,2,2000,57.76,0.94,114.43,2024-12-17
TXN-0001564,Christina Robinson,Central,Electronics,Bronze,1,2004,233.31,0.56,232.0,2026-04-17
TXN-0001565,Tom Perez,West,Electronics,Silver,3,1955,165.73,2.47,484.91,2025-01-25
TXN-0001566,Brandon Powell,East,Clothing,Silver,3,1984,43.22,5.74,122.22,2025-03-27
TXN-0001567,Ashley Perez,North,Home,Silver,4,1953,199.08,1.42,785.01,2024-03-06
TXN-0001568,Matthew Murphy,North,Grocery,Silver,5,1958,11.24,4.96,53.41,2026-03-13
TXN-0001569,Mary Meyer,East,Clothing,Silver,1,1960,65.31,0.86,64.75,2025-11-24
TXN-0001570,Sophia Wolf,East,Home,Gold,3,1945,73.38,9.33,199.6,2024-08-23
TXN-0001571,Javier Stanley,South,Grocery,Silver,3,1973,17.13,3.68,49.5,2024-05-25
TXN-0001572,Taylor Johnson,East,Sports,Bronze,5,1949,133.92,3.36,647.1,2026-07-14
TXN-0001573,Janice Williams,East,Clothing,Gold,3,1968,57.21,9.55,155.24,2025-10-16
TXN-0001574,Christopher Thomas,West,Sports,Bronze,4,1956,68.57,0.0,274.28,2024-09-10
TXN-0001575,Robert Martin,North,Grocery,Gold,9,2007,15.22,11.57,121.13,2024-03-14
TXN-0001576,Kenneth Webb,South,Electronics,Bronze,5,1984,199.44,8.55,911.94,2025-03-24
TXN-0001577,Mark Montoya,West,Clothing,Silver,2,1949,40.43,1.1,79.97,2026-02-08
TXN-0001578,Jodi Lewis,West,Electronics,Silver,2,1954,169.33,9.36,306.96,2025-04-20
TXN-0001579,Kimberly Wilson,Central,Grocery,Silver,2,1999,17.58,8.15,32.29,2024-03-24
TXN-0001580,Randy Bradshaw,Central,Home,Bronze,4,1947,70.07,9.23,254.41,2024-12-03
TXN-0001581,Steven Scott,Central,Home,Silver,5,1980,55.82,7.95,256.91,2026-03-07
TXN-0001582,Katherine Dunn,South,Grocery,Gold,6,1981,18.65,13.08,97.26,2024-09-13
TXN-0001583,Mary Peterson,South,Clothing,Platinum,9,1989,49.43,20.06,355.63,2025-07-25
TXN-0001584,Amy Diaz,South,Clothing,Silver,3,1956,60.9,6.8,170.28,2026-02-15
TXN-0001585,Traci Martinez,East,Grocery,Bronze,4,2007,8.63,4.39,33.0,2026-05-20
TXN-0001586,Jim Rodriguez,Central,Sports,Bronze,2,1959,65.39,0.05,130.71,2026-05-08
TXN-0001587,Elizabeth Marks,South,Grocery,Silver,3,1951,24.84,17.56,61.43,2026-08-11
TXN-0001588,Jeffrey Joyce,East,Electronics,Bronze,3,2005,91.97,4.94,262.28,2026-06-22
TXN-0001589,Sean Wagner,South,Electronics,Gold,2,1994,315.69,12.26,553.97,2026-02-08
TXN-0001590,Todd Lutz,North,Electronics,Silver,4,1996,185.97,6.06,698.8,2023-11-07
TXN-0001591,Ryan Walker,North,Clothing,Bronze,3,2001,53.57,1.87,157.7,2026-05-01
TXN-0001592,Nicholas Gomez,North,Electronics,Bronze,7,1997,170.03,1.78,1169.02,2026-07-15
TXN-0001593,Brittany Heath,Central,Sports,Bronze,2,2006,56.94,4.19,109.11,2026-09-09
TXN-0001594,Rebecca Cox,South,Grocery,Silver,6,1946,30.27,7.98,167.13,2024-11-16
TXN-0001595,Travis Schmidt,West,Clothing,Silver,6,1961,59.9,12.07,316.02,2023-11-11
TXN-0001596,Brett Martin,West,Clothing,Bronze,2,2006,57.59,0.0,115.18,2024-07-04
TXN-0001597,Lisa Bridges,North,Clothing,Silver,4,1976,79.93,6.83,297.88,2024-11-25
TXN-0001598,Brittany Dunlap,North,Home,Bronze,1,1975,105.45,0.0,105.45,2026-09-23
TXN-0001599,Shannon Ramirez,West,Grocery,Silver,4,1974,14.52,5.3,55.0,2025-01-19
TXN-0001600,Tiffany Phillips,South,Electronics,Gold,7,1950,161.78,11.16,1006.08,2025-03-08
TXN-0001601,Valerie English,Central,Grocery,Bronze,3,1979,22.46,4.7,64.21,2025-03-26
TXN-0001602,Chad Hurley,North,Electronics,Bronze,4,1964,167.07,0.0,668.28,2023-10-07
TXN-0001603,David Peters,West,Clothing,Gold,4,1964,35.11,17.87,115.34,2024-07-05
TXN-0001604,Thomas Austin,West,Sports,Bronze,5,1951,125.22,7.07,581.83,2024-05-07
TXN-0001605,Amy Jenkins,South,Electronics,Silver,2,1993,173.09,9.49,313.33,2026-02-23
TXN-0001606,Rodney Duran,South,Electronics,Gold,3,1965,142.48,8.99,389.01,2026-07-15
TXN-0001607,Tiffany Sanchez,Central,Home,Silver,5,1977,115.57,12.02,508.39,2025-06-11
TXN-0001608,Maria Myers,South,Clothing,Platinum,6,1953,47.3,18.48,231.35,2024-01-14
TXN-0001609,Ruben Jones,South,Electronics,Silver,4,1950,95.69,5.82,360.48,2024-05-05
TXN-0001610,Desiree Stafford,South,Electronics,Silver,4,1960,163.29,8.8,595.68,2026-06-07
TXN-0001611,Patrick Blackburn,South,Electronics,Bronze,1,1956,206.68,0.0,206.68,2023-11-14
TXN-0001612,Jeremy Chambers,West,Home,Bronze,4,1949,83.65,6.36,313.32,2024-02-17
TXN-0001613,Alexandra Wilson,West,Electronics,Silver,3,1984,150.74,9.78,407.99,2025-12-30
TXN-0001614,Brian Fuller,South,Grocery,Bronze,6,1961,17.23,12.39,90.57,2024-08-27
TXN-0001615,Matthew Evans,West,Grocery,Silver,4,1981,17.73,8.05,65.21,2025-05-04
TXN-0001616,Patrick Gibson,South,Electronics,Bronze,2,1966,172.0,1.53,338.74,2025-07-11
TXN-0001617,William Lozano,North,Clothing,Bronze,3,1992,74.25,9.02,202.66,2025-09-01
TXN-0001618,Dillon Travis,East,Electronics,Silver,3,2002,211.38,0.47,631.16,2025-03-10
TXN-0001619,Steven Rodriguez,Central,Clothing,Silver,3,2005,114.37,7.8,316.35,2024-05-29
TXN-0001620,Kevin Walter,North,Electronics,Bronze,2,1956,300.73,1.52,592.32,2025-04-24
TXN-0001621,Rebecca Blake,South,Grocery,Gold,7,1986,13.59,17.31,78.66,2025-01-24
TXN-0001622,Brian Bright,East,Clothing,Bronze,5,1997,51.82,12.87,225.75,2025-02-12
TXN-0001623,Linda Cox,West,Home,Bronze,7,1987,118.25,0.0,827.75,2026-02-25
TXN-0001624,Mary Copeland,North,Grocery,Platinum,1,1996,9.81,24.05,7.45,2026-04-11
TXN-0001625,Jennifer Little,South,Grocery,Gold,3,1957,20.5,17.87,50.51,2024-02-06
TXN-0001626,Diana Ramsey,West,Clothing,Bronze,5,1980,41.59,6.6,194.23,2023-12-18
TXN-0001627,David Romero,South,Electronics,Bronze,5,1946,160.22,2.86,778.19,2024-05-26
TXN-0001628,Russell Bird,North,Sports,Gold,2,1972,76.83,15.5,129.84,2024-05-29
TXN-0001629,Brian Shaffer,North,Clothing,Silver,1,1951,30.2,3.67,29.09,2026-05-14
TXN-0001630,Jon Garza,South,Grocery,Bronze,2,1970,42.81,8.21,78.59,2023-12-14
TXN-0001631,Ashley Norman,East,Grocery,Bronze,3,1988,15.2,0.0,45.6,2026-08-09
TXN-0001632,Kristina Monroe,West,Home,Bronze,6,2002,151.87,0.0,911.22,2024-02-01
TXN-0001633,Joseph Schaefer,East,Electronics,Gold,2,1957,92.09,12.01,162.06,2024-11-23
TXN-0001634,Kyle Garza,West,Electronics,Silver,3,2005,129.71,5.0,369.67,2025-08-16
TXN-0001635,Tiffany Johnston,Central,Home,Bronze,5,1951,120.69,3.52,582.21,2026-07-22
TXN-0001636,Phillip Ward,South,Home,Bronze,4,1989,83.86,0.89,332.45,2025-07-17
TXN-0001637,Stephanie Fisher,South,Grocery,Bronze,2,2002,24.14,0.0,48.28,2025-10-21
TXN-0001638,Patrick Reed,Central,Grocery,Gold,1,1999,22.78,9.08,20.71,2026-04-28
TXN-0001639,Sarah Berry,South,Sports,Gold,3,1968,56.86,17.16,141.31,2025-08-14
TXN-0001640,Teresa Li,West,Sports,Silver,2,1994,116.66,8.85,212.67,2025-07-02
TXN-0001641,Paula Caldwell,West,Grocery,Gold,2,1987,22.3,8.45,40.83,2024-11-25
TXN-0001642,Keith Johnson,North,Electronics,Bronze,4,1990,97.67,4.23,374.15,2024-08-27
TXN-0001643,Annette Knapp,East,Clothing,Silver,2,1992,57.74,5.88,108.69,2025-12-01
TXN-0001644,Monica Atkinson,South,Home,Silver,5,1960,114.46,1.48,563.83,2024-03-22
TXN-0001645,Robert Cooper,North,Home,Bronze,4,1969,87.95,0.0,351.8,2025-03-17
TXN-0001646,Danielle Griffin,East,Electronics,Silver,4,1971,164.67,10.56,589.12,2025-07-26
TXN-0001647,Jimmy Ritter,South,Home,Gold,4,1984,107.96,17.73,355.27,2024-03-18
TXN-0001648,Riley Clark,West,Clothing,Bronze,3,1960,31.41,4.46,90.03,2024-12-11
TXN-0001649,Kimberly Morris,Central,Clothing,Silver,2,1953,51.87,4.44,99.13,2026-08-16
TXN-0001650,Gregory Ochoa,West,Grocery,Gold,4,1992,15.97,14.8,54.43,2026-08-16
TXN-0001651,Shannon Cook,South,Clothing,Gold,3,1968,72.49,14.72,185.46,2026-04-06
TXN-0001652,Natalie Huff,South,Home,Silver,4,1963,74.75,0.0,299.0,2025-10-22
TXN-0001653,Ronald Garcia,South,Home,Bronze,5,2007,180.01,4.04,863.69,2025-12-24
TXN-0001654,Margaret Edwards,North,Home,Gold,7,1989,74.14,13.67,448.04,2026-07-30
TXN-0001655,Cody Reyes III,Central,Electronics,Bronze,3,1989,109.07,10.21,293.8,2025-01-19
TXN-0001656,Heather Shaffer,South,Home,Bronze,4,1965,139.83,8.96,509.2,2023-12-07
TXN-0001657,Nicole Chung,South,Clothing,Bronze,2,1953,68.47,1.73,134.57,2024-09-04
TXN-0001658,Brian Perkins,West,Grocery,Silver,2,1948,20.79,8.56,38.02,2025-06-03
TXN-0001659,Melody Castro,South,Electronics,Silver,5,1993,148.28,7.43,686.31,2026-04-16
TXN-0001660,Kimberly Sanders,North,Sports,Gold,3,2001,66.85,11.36,177.77,2023-12-22
TXN-0001661,Christina Davis,North,Grocery,Silver,4,1998,21.32,2.23,83.38,2023-10-09
TXN-0001662,Sherri Sullivan,East,Clothing,Platinum,7,1971,45.47,17.66,262.08,2024-08-10
TXN-0001663,Mike Patel,West,Clothing,Silver,4,1968,103.38,5.41,391.15,2025-01-08
TXN-0001664,Thomas Garcia,South,Clothing,Silver,3,1959,60.27,11.18,160.6,2024-08-21
TXN-0001665,Robin Clay,Central,Grocery,Bronze,3,1999,16.51,2.75,48.17,2024-04-28
TXN-0001666,Kelly Miller,West,Grocery,Bronze,3,1978,15.7,0.02,47.09,2024-10-28
TXN-0001667,Mrs. Amanda Kelley DDS,West,Grocery,Silver,4,1952,11.85,4.42,45.3,2024-12-20
TXN-0001668,Johnny Whitaker,South,Sports,Silver,3,1953,96.82,8.54,265.65,2025-02-18
TXN-0001669,Mrs. Courtney Wong,North,Home,Bronze,4,1948,68.79,0.9,272.68,2024-04-01
TXN-0001670,Adam Sanchez,West,Grocery,Silver,3,1945,17.21,3.31,49.92,2023-10-10
TXN-0001671,Logan Massey,South,Clothing,Bronze,3,1989,134.15,0.0,402.45,2025-11-08
TXN-0001672,Juan Carroll,East,Home,Silver,6,1946,47.87,13.17,249.39,2025-07-27
TXN-0001673,Ryan Carpenter,West,Home,Bronze,3,1991,86.92,1.56,256.69,2024-06-26
TXN-0001674,Stacy Werner,North,Grocery,Bronze,6,2007,11.15,5.85,62.99,2024-04-15
TXN-0001675,Michelle Holden,West,Electronics,Bronze,3,1997,132.57,0.0,397.71,2025-05-10
TXN-0001676,Deborah Wood,Central,Electronics,Gold,5,1995,152.22,17.14,630.65,2026-01-02
TXN-0001677,Taylor Flores,West,Clothing,Gold,5,1994,34.85,15.72,146.86,2026-09-25
TXN-0001678,Tyler Taylor,East,Sports,Bronze,3,1998,86.55,5.12,246.36,2024-09-19
TXN-0001679,Victoria Wright,Central,Home,Bronze,5,1949,150.47,0.0,752.35,2025-11-13
TXN-0001680,Betty Pollard,East,Clothing,Silver,5,1975,61.8,7.11,287.03,2026-02-11
TXN-0001681,Katie Alvarez,West,Clothing,Bronze,3,1965,73.8,0.0,221.4,2026-07-31
TXN-0001682,Robert Munoz,West,Home,Gold,3,1978,158.9,8.9,434.27,2025-03-31
TXN-0001683,Michelle Newman,West,Grocery,Silver,3,1968,22.26,0.42,66.5,2024-01-17
TXN-0001684,Victoria Marshall,South,Sports,Gold,7,1956,32.89,9.23,208.98,2025-06-05
TXN-0001685,Amy Montgomery,North,Grocery,Bronze,3,1983,19.16,0.0,57.48,2023-12-02
TXN-0001686,Jeffrey Benton Jr.,South,Grocery,Platinum,2,1976,7.5,22.75,11.59,2025-08-05
TXN-0001687,Kristin Brown,East,Electronics,Gold,6,1958,124.26,10.88,664.44,2023-10-27
TXN-0001688,Sean Hernandez,East,Clothing,Silver,2,1981,32.55,6.46,60.89,2025-09-11
TXN-0001689,Ana Higgins,East,Home,Platinum,4,1954,99.02,24.2,300.23,2024-01-26
TXN-0001690,Theresa Luna,South,Grocery,Silver,5,1996,13.15,7.25,60.98,2025-01-26
TXN-0001691,Katherine Padilla,West,Electronics,Bronze,3,1983,177.74,0.0,533.22,2026-03-10
TXN-0001692,Victoria Lewis,Central,Grocery,Silver,4,1998,23.66,7.71,87.34,2025-07-25
TXN-0001693,Joshua Leonard,South,Electronics,Gold,7,1974,114.41,10.26,718.7,2026-03-06
TXN-0001694,Kelly Liu,West,Clothing,Gold,4,1996,60.06,6.85,223.78,2025-06-17
TXN-0001695,Brianna Ryan,West,Clothing,Silver,4,1960,21.99,8.31,80.65,2026-06-18
TXN-0001696,Emily Smith,East,Grocery,Silver,2,2005,10.68,9.27,19.38,2025-07-07
TXN-0001697,Michelle Howard,North,Grocery,Bronze,2,2006,28.05,1.32,55.36,2024-12-20
TXN-0001698,William Austin,West,Home,Bronze,2,2002,66.1,1.54,130.16,2024-03-24
TXN-0001699,Monica Oconnor,Central,Grocery,Silver,5,1992,14.98,5.52,70.77,2025-06-18
TXN-0001700,Kyle Blake,West,Grocery,Silver,2,1962,13.52,12.41,23.68,2023-10-30
TXN-0001701,Christopher Banks,Central,Clothing,Bronze,3,1984,29.99,3.05,87.23,2025-02-13
TXN-0001702,Bryan Davis DVM,Central,Grocery,Gold,2,1957,12.53,12.55,21.91,2024-06-20
TXN-0001703,Tiffany Hughes,South,Electronics,Silver,6,1968,159.68,10.39,858.54,2026-05-15
TXN-0001704,Michael Taylor,East,Home,Silver,2,1968,78.65,10.71,140.45,2025-09-11
TXN-0001705,Brendan Kelly,East,Electronics,Bronze,3,1954,232.95,3.55,674.04,2026-09-03
TXN-0001706,Sherry Porter,Central,Clothing,Bronze,4,1950,44.29,5.38,167.63,2025-04-12
TXN-0001707,James Perez,North,Home,Silver,5,1958,89.62,8.95,408.0,2024-02-11
TXN-0001708,Miss Gina Walton,South,Electronics,Gold,5,1997,132.26,13.17,574.21,2025-08-06
TXN-0001709,Alicia Obrien,Central,Home,Bronze,1,1979,124.8,5.48,117.96,2024-03-10
TXN-0001710,Mrs. Jacqueline Jackson,South,Grocery,Gold,3,1974,10.9,9.73,29.52,2024-10-09
TXN-0001711,Kendra Smith,West,Home,Gold,5,2003,106.38,9.66,480.52,2025-08-04
TXN-0001712,Alexander Stein,South,Electronics,Gold,3,1952,184.36,14.74,471.56,2026-03-30
TXN-0001713,Shannon Sosa,Central,Electronics,Silver,3,1953,120.03,4.63,343.42,2025-06-11
TXN-0001714,Marc White,Central,Clothing,Bronze,6,1973,53.12,4.88,303.17,2025-12-19
TXN-0001715,Gregory Wiggins,South,Grocery,Gold,6,1988,20.61,13.88,106.5,2024-01-28
TXN-0001716,Linda Berry,West,Grocery,Silver,3,1979,14.13,14.25,36.35,2025-06-03
TXN-0001717,Michelle Hobbs,South,Clothing,Bronze,1,1999,42.86,0.0,42.86,2025-01-21
TXN-0001718,Charles Fuentes,East,Grocery,Bronze,3,1967,11.7,5.26,33.25,2025-03-08
TXN-0001719,Andrew Medina,West,Home,Silver,4,1988,182.66,5.27,692.14,2024-09-06
TXN-0001720,Teresa Aguirre,West,Sports,Silver,4,1964,63.69,8.03,234.3,2025-02-26
TXN-0001721,Eddie Bailey,North,Electronics,Gold,5,1961,104.17,15.55,439.86,2024-06-15
TXN-0001722,Joseph Mccullough,South,Home,Bronze,3,1972,48.47,3.39,140.48,2024-01-24
TXN-0001723,Mr. Zachary Mora DVM,West,Home,Bronze,2,1981,67.95,3.77,130.78,2025-11-29
TXN-0001724,Kimberly Price,East,Clothing,Platinum,4,1960,60.39,21.47,189.7,2026-06-07
TXN-0001725,Bruce Spencer,East,Electronics,Bronze,6,2005,146.32,1.16,867.74,2024-03-23
TXN-0001726,Jacob Allen,North,Electronics,Bronze,5,1968,180.89,5.0,859.23,2025-12-30
TXN-0001727,Chelsea Powell,South,Home,Gold,3,1976,115.6,16.19,290.65,2025-11-28
TXN-0001728,Thomas Morse,West,Grocery,Platinum,4,1989,17.07,18.84,55.42,2024-07-25
TXN-0001729,Susan Zimmerman,North,Grocery,Silver,1,1964,17.21,4.26,16.48,2025-03-23
TXN-0001730,Annette Meyer,South,Electronics,Bronze,5,2001,276.77,2.97,1342.75,2025-03-26
TXN-0001731,Erica Rose,Central,Grocery,Silver,1,1992,23.29,7.74,21.49,2026-06-26
TXN-0001732,Kim Long,North,Clothing,Gold,3,1948,62.92,7.39,174.81,2024-05-14
TXN-0001733,Christina Flores,West,Sports,Gold,4,1970,66.51,13.81,229.3,2024-09-29
TXN-0001734,Craig Raymond,South,Electronics,Bronze,5,2006,202.67,0.0,1013.35,2024-03-05
TXN-0001735,Jeffrey Miller,West,Grocery,Gold,1,1992,20.36,6.3,19.08,2024-05-12
TXN-0001736,Brian Hoffman,West,Sports,Silver,8,1971,83.73,8.38,613.71,2024-10-29
TXN-0001737,Elizabeth Gay,Central,Grocery,Bronze,2,2005,23.14,0.0,46.28,2024-07-30
TXN-0001738,Patricia Hale,South,Grocery,Bronze,3,1998,20.18,6.52,56.59,2024-06-23
TXN-0001739,Amanda Arroyo,East,Clothing,Bronze,8,1977,32.32,4.75,246.28,2026-04-20
TXN-0001740,Kevin Mccullough,West,Grocery,Platinum,7,1986,18.35,20.86,101.66,2024-05-22
TXN-0001741,Margaret Stevenson,South,Home,Silver,6,1989,60.92,11.87,322.13,2026-07-12
TXN-0001742,Amber Turner,South,Clothing,Silver,1,1996,68.65,10.38,61.52,2024-01-23
TXN-0001743,Victor Williams,North,Sports,Bronze,4,1955,43.32,0.0,173.28,2024-06-29
TXN-0001744,Shelly Rodgers,Central,Clothing,Gold,4,1954,54.41,16.55,181.62,2026-05-30
TXN-0001745,Cassandra Wood,West,Clothing,Silver,4,1968,56.12,4.61,214.13,2025-11-03
TXN-0001746,Susan Garcia,East,Sports,Gold,1,1952,50.2,16.22,42.06,2025-09-17
TXN-0001747,Stephanie Joseph,West,Clothing,Silver,3,1958,53.46,5.53,151.51,2026-02-19
TXN-0001748,Dalton Clark,East,Electronics,Gold,3,1947,209.32,8.59,574.02,2026-03-16
TXN-0001749,Alexis Weeks,East,Clothing,Silver,2,2003,45.26,8.49,82.83,2025-08-25
TXN-0001750,Michael Glass,East,Grocery,Silver,3,1958,19.92,5.31,56.59,2026-08-21
TXN-0001751,David Cervantes,East,Grocery,Platinum,5,1961,21.5,23.78,81.94,2026-02-20
TXN-0001752,Victoria Benitez,South,Electronics,Silver,4,1985,110.12,11.57,389.52,2026-06-22
TXN-0001753,Jacqueline Monroe,Central,Home,Gold,8,1966,91.31,6.95,679.71,2026-06-10
TXN-0001754,Charles Sanchez,West,Home,Bronze,3,1976,83.6,2.0,245.78,2026-05-25
TXN-0001755,Sonia Henderson,South,Grocery,Silver,3,1945,17.91,9.28,48.74,2025-02-11
TXN-0001756,Sharon Sims,East,Grocery,Gold,4,1986,10.27,13.44,35.56,2026-05-29
TXN-0001757,Shawn Doyle,North,Sports,Gold,3,2004,45.83,13.51,118.92,2025-01-31
TXN-0001758,Michael Perry,Central,Clothing,Silver,2,2006,84.3,7.95,155.2,2024-05-19
TXN-0001759,Donald Santana,Central,Clothing,Silver,2,2002,71.67,1.39,141.35,2025-08-11
TXN-0001760,Katherine Greene,Central,Home,Gold,5,1955,97.21,18.59,395.69,2024-01-12
TXN-0001761,Jennifer Dominguez,South,Clothing,Bronze,2,1959,75.41,4.31,144.32,2025-09-25
TXN-0001762,Matthew Walker,North,Home,Platinum,7,1958,56.59,17.72,325.94,2025-08-14
TXN-0001763,Ashley Barrera,South,Electronics,Bronze,5,1995,147.78,0.0,738.9,2026-06-04
TXN-0001764,Clifford Murphy DVM,North,Electronics,Bronze,4,1959,143.0,5.03,543.23,2025-01-10
TXN-0001765,Michael Arias,North,Sports,Gold,2,1989,57.28,13.92,98.61,2024-11-27
TXN-0001766,Joshua Mitchell,North,Electronics,Bronze,3,1990,107.6,3.27,312.24,2026-04-03
TXN-0001767,Ashley Wilson,Central,Home,Bronze,3,2004,142.66,3.94,411.12,2023-12-24
TXN-0001768,Stacey Clements,North,Grocery,Bronze,2,1946,14.44,2.8,28.07,2025-03-27
TXN-0001769,Kathleen Martinez,North,Electronics,Platinum,5,1952,187.33,13.42,810.95,2025-11-24
TXN-0001770,Julie Rodriguez MD,West,Electronics,Silver,2,1966,179.73,5.57,339.44,2024-01-21
TXN-0001771,Cathy Farmer,East,Clothing,Platinum,4,1991,79.3,21.96,247.54,2025-01-22
TXN-0001772,Dana Gilbert,West,Home,Bronze,5,1979,116.37,4.26,557.06,2025-09-14
TXN-0001773,Charles Harper,East,Clothing,Bronze,4,1965,49.39,0.34,196.89,2025-08-30
TXN-0001774,Timothy Wang,Central,Home,Bronze,3,1945,57.8,1.88,170.14,2023-11-25
TXN-0001775,Daniel Stewart,East,Electronics,Silver,6,1946,218.65,11.07,1166.67,2023-12-25
TXN-0001776,Tiffany Peterson,East,Electronics,Bronze,1,2003,245.39,6.92,228.41,2025-04-22
TXN-0001777,Tammy Bell,West,Electronics,Bronze,4,2007,378.9,3.16,1467.71,2024-12-16
TXN-0001778,Mathew Myers,East,Clothing,Silver,4,2005,77.45,10.11,278.48,2024-01-25
TXN-0001779,Edgar Brown,South,Clothing,Gold,4,1991,43.98,14.24,150.87,2026-06-25
TXN-0001780,Cory Barrett,East,Sports,Silver,4,1996,62.76,9.47,227.27,2024-02-15
TXN-0001781,Seth Jones,North,Electronics,Silver,7,1976,77.36,6.97,503.78,2026-05-10
TXN-0001782,Joseph Hawkins,West,Home,Silver,3,1974,67.74,4.89,193.28,2026-04-07
TXN-0001783,Victor Brown,South,Home,Silver,1,2005,57.73,13.48,49.95,2025-11-23
TXN-0001784,Jennifer Ferguson,North,Grocery,Gold,4,1981,22.11,19.3,71.37,2025-05-17
TXN-0001785,Carolyn Cantu,South,Home,Gold,4,1993,125.83,13.1,437.39,2025-09-15
TXN-0001786,Charles Garcia,West,Electronics,Gold,6,1946,352.67,14.39,1811.52,2026-03-17
TXN-0001787,James Hart,South,Home,Bronze,3,1957,265.17,2.6,774.83,2026-02-05
TXN-0001788,Patricia Wilson,West,Clothing,Silver,6,1995,60.0,7.19,334.12,2023-11-30
TXN-0001789,Mark Elliott,West,Grocery,Gold,3,1973,14.68,13.34,38.17,2025-08-26
TXN-0001790,Matthew Bartlett,North,Electronics,Platinum,3,1945,139.53,24.11,317.67,2026-03-04
TXN-0001791,Maria Campbell,West,Grocery,Silver,4,1983,14.13,3.26,54.68,2026-07-06
TXN-0001792,Joanna Adkins,South,Home,Silver,2,1984,204.41,4.86,388.95,2024-07-16
TXN-0001793,Lisa Reed,South,Grocery,Gold,5,1962,6.83,16.27,28.59,2025-02-08
TXN-0001794,Jordan Calhoun MD,West,Electronics,Platinum,4,1950,282.1,20.65,895.39,2026-04-24
TXN-0001795,Heather Thomas,Central,Grocery,Silver,4,1970,12.98,11.54,45.93,2025-10-05
TXN-0001796,Carrie Coffey,South,Grocery,Bronze,2,1994,15.7,2.39,30.65,2025-11-14
TXN-0001797,Dr. Isabel Smith PhD,East,Home,Gold,4,1945,36.48,14.39,124.92,2024-05-19
TXN-0001798,Joe Page,South,Clothing,Silver,3,1978,79.57,6.42,223.38,2024-01-02
TXN-0001799,Crystal Morales,East,Electronics,Bronze,3,1979,211.19,6.88,589.98,2025-08-27
TXN-0001800,Heather Mcmahon,East,Clothing,Bronze,3,1954,37.51,5.19,106.69,2024-03-06
TXN-0001801,Jason Quinn,East,Grocery,Silver,4,1973,26.52,3.19,102.7,2025-03-14
TXN-0001802,James Cox,East,Clothing,Silver,5,1949,75.76,9.32,343.5,2024-02-06
TXN-0001803,James Cummings,North,Grocery,Gold,2,1967,14.95,16.77,24.89,2025-11-19
TXN-0001804,Daniel Lee,West,Grocery,Bronze,2,1960,8.78,2.03,17.2,2026-06-27
TXN-0001805,Shane Hopkins,West,Grocery,Bronze,2,1976,16.67,4.59,31.81,2024-06-22
TXN-0001806,Stephanie Kelley,West,Grocery,Gold,6,2006,25.92,17.7,127.99,2023-11-27
TXN-0001807,Jennifer Schneider,North,Home,Bronze,7,1958,65.34,1.81,449.1,2024-10-16
TXN-0001808,Charles Rodriguez,East,Home,Silver,4,1952,131.4,8.35,481.71,2025-08-08
TXN-0001809,Elizabeth Wall,South,Electronics,Silver,1,1980,118.39,5.48,111.9,2025-08-10
TXN-0001810,Loretta Williams,North,Grocery,Bronze,1,1973,17.44,4.03,16.74,2025-12-20
TXN-0001811,Juan Moore,South,Sports,Gold,7,1947,57.96,9.86,365.72,2025-12-18
TXN-0001812,Joseph White,East,Home,Bronze,1,1962,95.07,4.5,90.79,2026-05-02
TXN-0001813,Michael Cruz,West,Sports,Gold,1,1985,99.98,18.55,81.43,2024-05-31
TXN-0001814,Denise Reese,South,Sports,Silver,8,1986,132.72,4.09,1018.33,2025-04-15
TXN-0001815,Brittney Morales,West,Home,Silver,3,1996,96.81,11.86,255.99,2025-04-29
TXN-0001816,Christina Jenkins,East,Grocery,Gold,6,1993,10.43,13.13,54.36,2024-12-10
TXN-0001817,Sean Anderson,West,Home,Bronze,3,1969,112.28,0.0,336.84,2025-05-21
TXN-0001818,Emily Fitzpatrick,East,Electronics,Gold,5,2004,144.16,12.52,630.56,2025-06-24
TXN-0001819,Nancy Liu,East,Electronics,Bronze,5,1970,143.08,2.37,698.45,2025-03-06
TXN-0001820,Rachel Miller,East,Home,Platinum,7,1974,93.4,18.89,530.3,2026-08-17
TXN-0001821,Scott Brown,Central,Grocery,Bronze,4,1953,21.89,6.26,82.08,2026-04-13
TXN-0001822,Emily Winters,East,Clothing,Silver,3,1974,47.59,6.31,133.76,2023-12-18
TXN-0001823,Chris Lewis,East,Grocery,Bronze,7,2004,22.06,3.38,149.2,2026-06-04
TXN-0001824,Heidi Blankenship,East,Grocery,Bronze,3,1962,20.74,9.69,56.19,2026-06-29
TXN-0001825,Sandra Alvarez,West,Grocery,Bronze,5,2007,22.06,1.67,108.46,2025-02-28
TXN-0001826,Donna Garcia,North,Clothing,Bronze,3,1992,74.83,0.57,223.21,2024-01-08
TXN-0001827,Stephanie Hernandez,East,Home,Bronze,7,1958,41.58,0.94,288.32,2025-02-21
TXN-0001828,Joseph Montgomery,East,Electronics,Bronze,2,2007,139.45,6.17,261.69,2024-02-21
TXN-0001829,Juan Harrison,Central,Clothing,Silver,4,1997,52.14,6.93,194.11,2026-02-10
TXN-0001830,Miss Stephanie Cherry,East,Electronics,Silver,2,1967,146.64,8.17,269.32,2026-08-16
TXN-0001831,Bridget Wallace,East,Electronics,Bronze,6,2000,118.16,0.0,708.96,2025-05-20
TXN-0001832,Brandy James,Central,Electronics,Platinum,7,1989,127.33,19.2,720.18,2024-12-12
TXN-0001833,Christopher Smith,East,Home,Silver,3,1945,108.01,10.61,289.65,2024-10-23
TXN-0001834,Sabrina Galvan,North,Clothing,Bronze,4,1993,64.63,0.0,258.52,2026-07-13
TXN-0001835,Catherine Shannon,South,Clothing,Silver,4,2000,55.63,1.01,220.27,2026-04-21
TXN-0001836,Theresa Knight,North,Grocery,Silver,5,1996,12.67,5.47,59.88,2024-05-18
TXN-0001837,Victoria Tanner,North,Home,Silver,4,1973,121.59,5.81,458.1,2025-02-26
TXN-0001838,Chad Evans,South,Sports,Gold,2,1983,98.8,12.26,173.37,2024-02-01
TXN-0001839,Chase Haney,West,Home,Silver,4,1992,132.84,6.36,497.57,2026-03-21
TXN-0001840,Maureen Nixon,West,Electronics,Platinum,5,1970,121.71,20.24,485.38,2026-07-24
TXN-0001841,Michael Rush,North,Sports,Silver,4,1969,266.92,5.75,1006.29,2024-05-04
TXN-0001842,Larry Lloyd,East,Grocery,Platinum,3,1982,19.44,24.95,43.77,2025-03-24
TXN-0001843,Steven Butler,North,Home,Silver,3,1946,69.04,10.07,186.26,2025-01-21
TXN-0001844,Samuel Lee,Central,Home,Silver,5,1951,206.94,6.77,964.65,2026-07-13
TXN-0001845,Joseph Moon,North,Home,Silver,3,1999,116.92,10.38,314.35,2026-09-17
TXN-0001846,Taylor Williams II,East,Home,Gold,5,2006,96.62,4.13,463.15,2026-07-22
TXN-0001847,Jerry Hamilton,South,Grocery,Bronze,1,1973,20.16,3.37,19.48,2025-05-28
TXN-0001848,Paul Wolf,East,Home,Bronze,3,1954,140.98,5.19,400.99,2024-04-15
TXN-0001849,Bobby Arnold,South,Electronics,Bronze,6,1952,174.77,0.21,1046.42,2026-04-09
TXN-0001850,William Weber,West,Electronics,Bronze,7,1958,87.49,4.05,587.63,2024-02-06
TXN-0001851,Alicia James,South,Electronics,Gold,5,1969,158.99,10.97,707.74,2025-01-20
TXN-0001852,Jamie Johnson,Central,Clothing,Silver,4,1982,75.35,8.36,276.2,2026-02-12
TXN-0001853,Melissa Rogers,East,Clothing,Bronze,3,1962,54.09,0.0,162.27,2025-05-05
TXN-0001854,Sarah Mueller,West,Sports,Silver,5,1978,53.13,10.35,238.16,2026-06-23
TXN-0001855,Gordon Hahn,West,Electronics,Bronze,2,1987,157.98,2.2,309.01,2025-02-19
TXN-0001856,Kristen Burns,Central,Clothing,Gold,7,1949,74.43,14.0,448.07,2024-04-13
TXN-0001857,Thomas Sellers,South,Electronics,Gold,2,1980,250.08,12.93,435.49,2026-08-03
TXN-0001858,Melvin Flores,South,Home,Bronze,3,1980,61.04,5.98,172.17,2026-09-23
TXN-0001859,Ashley Cochran,South,Home,Bronze,4,1990,59.6,3.07,231.08,2026-08-27
TXN-0001860,Ashley Jones,South,Home,Platinum,5,1986,88.16,23.49,337.26,2025-12-23
TXN-0001861,Christian Solis,East,Sports,Silver,3,2006,58.85,5.28,167.23,2024-02-20
TXN-0001862,Sharon Smith,Central,Sports,Gold,3,1975,61.26,15.17,155.9,2026-06-27
TXN-0001863,Robert Berg,Central,Grocery,Bronze,3,1960,16.38,7.69,45.36,2026-08-04
TXN-0001864,Brooke Sims,East,Grocery,Bronze,2,1981,23.54,7.84,43.39,2025-07-16
TXN-0001865,Julia Marks,East,Clothing,Silver,6,1956,40.94,0.0,245.64,2025-11-25
TXN-0001866,Ashley Martinez,West,Home,Bronze,2,1952,59.84,2.75,116.39,2025-04-12
TXN-0001867,Christina Reese,Central,Clothing,Gold,3,1987,42.46,8.01,117.18,2023-10-26
TXN-0001868,Brandon Bean,South,Grocery,Gold,4,2001,10.6,11.82,37.39,2025-04-13
TXN-0001869,Rickey Hall,East,Electronics,Bronze,3,1980,162.97,0.26,487.64,2025-01-19
TXN-0001870,Bobby Flores,West,Electronics,Silver,2,2007,166.23,9.29,301.57,2024-07-04
TXN-0001871,Karen Gonzalez,South,Electronics,Gold,4,1980,227.85,12.69,795.74,2024-08-25
TXN-0001872,Lisa Lopez MD,South,Home,Platinum,6,1983,62.13,17.59,307.21,2025-03-11
TXN-0001873,Sharon Brown,Central,Grocery,Bronze,2,1984,18.79,4.03,36.07,2025-10-22
TXN-0001874,Aaron Thompson,Central,Electronics,Gold,1,1979,179.9,9.54,162.74,2024-07-22
TXN-0001875,Charles Weaver,Central,Home,Bronze,2,1961,52.35,0.0,104.7,2024-09-13
TXN-0001876,Melissa Warner,West,Clothing,Gold,2,1989,59.38,11.84,104.7,2024-04-28
TXN-0001877,Cody Morris,South,Grocery,Silver,5,1978,19.69,6.47,92.08,2024-05-25
TXN-0001878,Carla Reid DDS,South,Electronics,Bronze,2,2000,152.99,2.79,297.44,2024-01-25
TXN-0001879,Katie Mitchell,East,Electronics,Silver,4,1953,102.18,7.83,376.72,2024-12-30
TXN-0001880,Roger Moss,East,Home,Silver,6,1956,87.63,4.99,499.54,2024-03-03
TXN-0001881,Mary Donaldson,East,Home,Gold,3,1985,45.38,14.0,117.08,2025-11-24
TXN-0001882,Paul Brown,East,Grocery,Bronze,3,1976,20.17,2.44,59.03,2026-01-13
TXN-0001883,Gregory Quinn,South,Home,Silver,2,1970,116.67,7.18,216.59,2025-12-23
TXN-0001884,Sabrina Miller,West,Sports,Gold,6,1970,69.47,7.77,384.43,2023-11-25
TXN-0001885,Michelle Smith,South,Clothing,Bronze,5,1986,86.07,3.71,414.38,2026-07-22
TXN-0001886,Anita Chapman,South,Clothing,Bronze,5,1955,43.09,4.16,206.49,2025-03-04
TXN-0001887,Heather Becker,North,Sports,Gold,4,1975,58.13,15.72,195.97,2026-05-15
TXN-0001888,Andrea Baker,North,Electronics,Silver,7,1970,145.14,7.6,938.77,2024-04-18
TXN-0001889,Joanne Harmon,West,Grocery,Silver,5,1980,39.75,10.8,177.28,2026-04-12
TXN-0001890,Mr. Phillip Edwards,East,Electronics,Gold,3,2000,144.85,14.75,370.45,2025-05-05
TXN-0001891,Mrs. Laurie Williams MD,South,Home,Bronze,3,1947,190.56,0.61,568.19,2024-05-24
TXN-0001892,Joel Mclean,West,Electronics,Gold,1,1952,157.86,12.84,137.59,2024-06-06
TXN-0001893,Valerie Ford,East,Home,Silver,4,1975,67.85,5.05,257.69,2024-07-04
TXN-0001894,Jodi Thomas,North,Grocery,Bronze,4,1956,35.66,0.0,142.64,2026-09-08
TXN-0001895,Jennifer Johnson,South,Electronics,Platinum,4,1980,170.69,22.49,529.21,2026-05-25
TXN-0001896,Eugene Fritz,North,Electronics,Gold,5,1985,144.35,12.15,634.06,2024-06-11
TXN-0001897,Jennifer Smith,West,Clothing,Bronze,4,2006,74.34,4.46,284.1,2025-08-07
TXN-0001898,Mary Thompson,South,Clothing,Gold,7,1958,85.1,19.57,479.12,2023-12-04
TXN-0001899,Catherine Davis,North,Clothing,Platinum,1,1955,44.88,23.7,34.24,2025-06-27
TXN-0001900,Chris Rogers,North,Sports,Gold,3,1955,102.83,9.67,278.66,2025-04-15
TXN-0001901,James Torres,East,Electronics,Bronze,3,1991,147.8,0.06,443.13,2026-08-13
TXN-0001902,Kirsten Perez,North,Clothing,Bronze,4,2003,39.01,4.04,149.74,2024-09-30
TXN-0001903,Dr. Jeffrey Valentine,West,Home,Gold,7,1964,70.26,14.5,420.51,2025-08-18
TXN-0001904,Wayne Brown,North,Clothing,Gold,4,1972,36.49,17.68,120.15,2026-05-03
TXN-0001905,Andrea Morris,East,Clothing,Bronze,2,2007,56.7,0.76,112.54,2024-12-13
TXN-0001906,Dylan Young,East,Grocery,Silver,4,1958,18.58,2.62,72.37,2025-08-25
TXN-0001907,Regina Butler,East,Home,Bronze,2,1948,134.23,0.0,268.46,2024-09-25
TXN-0001908,Eric Moore,North,Grocery,Silver,4,1976,24.39,11.2,86.63,2026-01-04
TXN-0001909,Melinda Patterson,West,Clothing,Silver,3,1980,47.75,7.6,132.36,2024-10-03
TXN-0001910,Carl Campbell,Central,Home,Bronze,3,1949,84.12,4.96,239.84,2025-01-20
TXN-0001911,Renee Shields,North,Sports,Silver,4,1981,59.76,5.86,225.03,2025-09-25
TXN-0001912,Wesley Brown,North,Grocery,Silver,2,1959,18.7,4.48,35.72,2024-07-25
TXN-0001913,Jason Clark,Central,Sports,Silver,5,1953,69.42,9.34,314.68,2025-04-21
TXN-0001914,David Wiggins,East,Clothing,Gold,3,1980,55.96,8.39,153.79,2026-08-16
TXN-0001915,Thomas Kaufman,North,Sports,Bronze,5,1999,125.12,3.75,602.14,2026-03-02
TXN-0001916,Kristen Ray,South,Grocery,Bronze,2,1956,30.58,7.72,56.44,2025-08-12
TXN-0001917,Cory Martinez,West,Grocery,Silver,4,1954,14.47,0.0,57.88,2025-09-14
TXN-0001918,Mark Maddox,West,Grocery,Silver,3,2003,23.62,3.75,68.2,2024-12-08
TXN-0001919,Kevin Young,East,Sports,Bronze,3,1995,94.27,1.96,277.27,2025-05-13
TXN-0001920,Katherine Harrison,Central,Clothing,Platinum,2,1960,45.38,18.4,74.06,2025-11-17
TXN-0001921,Jorge Davis,East,Grocery,Bronze,3,1963,29.51,1.59,87.12,2025-12-25
TXN-0001922,Loretta Miller,South,Grocery,Bronze,3,1963,10.73,9.78,29.04,2025-07-09
TXN-0001923,Lance Macdonald DVM,East,Grocery,Gold,1,1972,26.23,10.75,23.41,2024-06-05
TXN-0001924,Jerry Waters,South,Grocery,Gold,10,1989,17.28,12.29,151.56,2024-08-03
TXN-0001925,Desiree Thomas,South,Electronics,Silver,6,1994,109.97,3.57,636.26,2026-04-24
TXN-0001926,Amy Wright,North,Clothing,Bronze,5,1999,51.57,0.0,257.85,2024-04-29
TXN-0001927,Erin Summers,South,Clothing,Bronze,2,2007,106.13,3.56,204.7,2024-10-20
TXN-0001928,Mr. Don Flores,West,Grocery,Bronze,6,1950,43.34,0.0,260.04,2023-12-18
TXN-0001929,Miss Kimberly Holloway,North,Grocery,Silver,3,1986,13.71,2.46,40.12,2026-06-20
TXN-0001930,Tina Harper,South,Grocery,Silver,2,1980,17.76,7.16,32.98,2025-10-13
TXN-0001931,Nicholas Moss,East,Grocery,Bronze,3,2001,16.87,4.06,48.56,2025-04-26
TXN-0001932,Robert Campbell,East,Home,Silver,2,1991,89.4,3.97,171.7,2026-02-05
TXN-0001933,Jenny Cardenas,West,Electronics,Gold,4,1997,282.57,10.41,1012.62,2024-03-05
TXN-0001934,Dean Thomas,West,Home,Bronze,6,1999,78.49,0.0,470.94,2025-12-07
TXN-0001935,Matthew Farmer,West,Sports,Bronze,2,1995,57.04,3.78,109.77,2024-04-08
TXN-0001936,John Browning,North,Home,Gold,4,1950,77.03,13.12,267.69,2024-12-13
TXN-0001937,Mario Peters,East,Sports,Bronze,2,1984,70.24,2.04,137.61,2024-02-05
TXN-0001938,Olivia Rodriguez,East,Sports,Bronze,5,2007,98.2,0.0,491.0,2024-06-03
TXN-0001939,Donald Mccarthy,South,Clothing,Bronze,4,1974,57.47,4.84,218.75,2024-11-24
TXN-0001940,Christopher Anderson,North,Grocery,Silver,4,1951,22.72,5.25,86.11,2025-08-25
TXN-0001941,Becky Parrish,South,Home,Silver,5,1947,130.36,10.11,585.9,2025-12-03
TXN-0001942,Jackie Stewart,East,Home,Silver,3,1995,81.56,4.7,233.18,2024-05-13
TXN-0001943,Krista Fuller,South,Electronics,Bronze,1,1998,156.13,3.14,151.23,2025-08-07
TXN-0001944,Jennifer Nguyen,North,Clothing,Silver,3,1954,65.31,4.36,187.39,2024-02-17
TXN-0001945,Amanda Campbell,West,Electronics,Bronze,1,2005,128.96,5.37,122.03,2024-09-06
TXN-0001946,Laura Ware,Central,Home,Gold,2,1983,91.41,8.77,166.79,2025-08-28
TXN-0001947,Mitchell Anderson,South,Electronics,Platinum,10,1965,231.75,21.05,1829.67,2025-03-24
TXN-0001948,Barry Hernandez,Central,Clothing,Silver,5,1966,57.4,2.73,279.16,2023-11-08
TXN-0001949,Teresa Young,North,Home,Bronze,2,1959,140.64,0.5,279.87,2025-07-03
TXN-0001950,Valerie Morgan,Central,Clothing,Gold,5,1966,39.98,15.24,169.44,2023-12-19
TXN-0001951,Paul Vasquez,Central,Grocery,Bronze,1,1952,20.26,0.0,20.26,2025-06-04
TXN-0001952,Kelly May,North,Clothing,Bronze,4,1968,67.33,3.64,259.52,2025-11-15
TXN-0001953,Christopher Carson,West,Electronics,Platinum,7,1954,178.75,22.64,967.97,2025-04-30
TXN-0001954,Joan Wilson,Central,Sports,Bronze,2,1990,67.81,0.0,135.62,2024-09-28
TXN-0001955,Debbie Allen,Central,Grocery,Bronze,2,1990,10.8,3.66,20.81,2025-05-19
TXN-0001956,Kristin Williams,Central,Grocery,Silver,3,1969,26.62,10.94,71.12,2024-02-01
TXN-0001957,Courtney Williams,East,Grocery,Silver,3,2007,10.99,4.38,31.53,2025-05-02
TXN-0001958,David Hernandez,North,Electronics,Silver,7,2003,100.25,3.99,673.75,2024-09-10
TXN-0001959,Kathryn Morris,West,Grocery,Bronze,4,1993,22.06,0.0,88.24,2023-11-10
TXN-0001960,Meagan Smith,East,Electronics,Silver,6,1957,140.6,3.63,812.98,2025-02-04
TXN-0001961,Katherine Caldwell,East,Home,Bronze,2,1975,94.64,5.57,178.74,2024-02-28
TXN-0001962,Krista Williams,South,Electronics,Platinum,5,1945,102.12,18.54,415.93,2026-07-03
TXN-0001963,Christine Aguilar,East,Grocery,Bronze,5,1948,19.93,3.75,95.91,2025-03-01
TXN-0001964,Michael Perkins,North,Clothing,Bronze,4,1956,73.7,0.0,294.8,2024-05-11
TXN-0001965,Steven Martin,West,Clothing,Silver,3,1988,31.85,6.61,89.23,2024-04-28
TXN-0001966,Joshua Herman,North,Electronics,Bronze,4,2005,174.76,6.36,654.58,2023-11-26
TXN-0001967,Diana Hawkins,West,Grocery,Silver,6,1946,24.68,11.71,130.74,2024-12-16
TXN-0001968,Caitlin Harris,West,Clothing,Bronze,4,1985,34.48,2.54,134.42,2025-09-30
TXN-0001969,Felicia Murphy,East,Home,Silver,2,1974,94.68,6.27,177.49,2026-09-13
TXN-0001970,Bryan Mitchell,East,Clothing,Bronze,3,1983,56.0,0.0,168.0,2024-04-30
TXN-0001971,Larry Curtis,South,Grocery,Silver,3,1971,20.39,9.81,55.17,2025-09-25
TXN-0001972,Jennifer Lopez,Central,Electronics,Bronze,3,2006,145.44,1.58,429.43,2025-08-24
TXN-0001973,Robert Newton,West,Sports,Bronze,1,1960,45.05,6.53,42.11,2026-05-10
TXN-0001974,Christina Hudson,South,Clothing,Bronze,2,1973,47.86,0.0,95.72,2023-10-06
TXN-0001975,Sandra Craig,North,Electronics,Gold,2,1989,131.72,11.49,233.17,2024-01-29
TXN-0001976,Sabrina Ward,South,Clothing,Silver,4,1964,53.71,6.48,200.92,2023-10-27
TXN-0001977,Mark Knight,East,Electronics,Bronze,4,2007,243.95,3.79,938.82,2024-10-29
TXN-0001978,Darlene Dixon,Central,Home,Bronze,2,1945,53.49,0.0,106.98,2024-08-28
TXN-0001979,Daniel White,West,Clothing,Bronze,2,1984,76.98,1.52,151.62,2024-05-17
TXN-0001980,Jonathan Cortez,South,Sports,Bronze,3,1962,139.26,5.41,395.18,2026-01-27
TXN-0001981,Judith Myers,West,Home,Silver,3,1952,163.57,8.1,450.96,2026-04-30
TXN-0001982,Tammie Castillo,South,Electronics,Bronze,2,1975,299.43,3.17,579.88,2025-12-25
TXN-0001983,Rebecca Estrada,West,Home,Platinum,3,1982,96.28,17.15,239.3,2025-07-16
TXN-0001984,Angela Rodriguez,South,Electronics,Gold,5,1945,164.1,12.24,720.07,2024-03-18
TXN-0001985,Andre Williams,East,Electronics,Bronze,7,1984,84.97,0.0,594.79,2024-12-18
TXN-0001986,Donald Smith,Central,Clothing,Bronze,9,1999,50.97,5.54,433.32,2024-10-01
TXN-0001987,Nicholas Ali,South,Electronics,Bronze,4,1945,237.84,3.48,918.25,2025-01-07
TXN-0001988,Jacob Brewer,West,Electronics,Bronze,4,1979,97.3,2.45,379.66,2024-04-04
TXN-0001989,Natalie Watson,Central,Sports,Silver,2,2005,55.51,7.62,102.56,2023-12-11
TXN-0001990,Matthew Evans,North,Grocery,Bronze,5,2000,18.7,6.25,87.66,2024-10-02
TXN-0001991,Bryan Thomas,North,Sports,Bronze,4,1974,42.04,9.06,152.92,2025-07-11
TXN-0001992,Timothy Lucero,West,Clothing,Bronze,5,1989,104.12,2.29,508.68,2026-06-16
TXN-0001993,Barbara Fields,South,Grocery,Silver,3,1964,22.08,7.29,61.41,2026-05-22
TXN-0001994,Rebecca Beard,North,Clothing,Bronze,4,1984,62.02,3.39,239.67,2025-09-07
TXN-0001995,Carrie Rodriguez,East,Electronics,Platinum,6,1953,212.38,25.09,954.56,2024-01-03
TXN-0001996,Jordan Tanner,West,Grocery,Bronze,1,1989,15.99,4.72,15.24,2024-03-18
TXN-0001997,Denise Johnson,South,Electronics,Bronze,2,1974,176.47,3.4,340.94,2025-11-12
TXN-0001998,Amy Holt,South,Clothing,Silver,2,1991,39.07,9.71,70.55,2026-04-12
TXN-0001999,James Bennett,West,Grocery,Silver,6,1996,8.0,8.46,43.94,2026-01-07
TXN-0002000,Jeffrey Owens,East,Home,Silver,5,1970,88.98,2.12,435.47,2023-10-23
TXN-0002001,Adam Merritt,West,Home,Silver,4,1963,156.58,10.75,558.99,2026-06-05
TXN-0002002,Tina Walter,East,Clothing,Bronze,4,1990,98.84,0.0,395.36,2025-12-06
TXN-0002003,Michelle Harris,Central,Electronics,Bronze,2,1969,149.77,1.7,294.45,2026-03-09
TXN-0002004,Michael Richmond,West,Sports,Bronze,2,1999,68.08,0.0,136.16,2024-10-07
TXN-0002005,Michael Patrick,North,Electronics,Silver,6,1974,92.83,6.08,523.12,2024-05-08
TXN-0002006,Amanda Hart DVM,Central,Clothing,Silver,4,1992,79.77,7.84,294.06,2024-12-23
TXN-0002007,Michele Conner,East,Electronics,Silver,5,2004,185.54,11.76,818.6,2025-07-25
TXN-0002008,Natalie Mitchell,North,Sports,Platinum,4,1987,70.2,18.53,228.77,2023-09-30
TXN-0002009,Jacob Hoover,North,Grocery,Silver,6,1982,9.03,12.12,47.61,2026-05-10
TXN-0002010,Jacqueline Winters,West,Home,Gold,3,1997,47.89,7.4,133.04,2025-03-29
TXN-0002011,Kimberly Flores,North,Sports,Silver,5,1996,78.48,2.69,381.84,2024-10-05
TXN-0002012,Jennifer Carpenter,South,Electronics,Silver,3,1958,93.25,4.03,268.48,2026-03-02
TXN-0002013,William Saunders,North,Sports,Silver,3,1969,90.54,9.68,245.33,2025-07-06
TXN-0002014,Michael Preston,East,Electronics,Bronze,1,1965,196.49,0.0,196.49,2024-07-14
TXN-0002015,Jennifer Ali,South,Clothing,Bronze,3,1996,34.72,0.0,104.16,2026-07-26
TXN-0002016,David Taylor,East,Electronics,Silver,3,1981,162.73,13.29,423.31,2026-08-01
TXN-0002017,Maria Hayes,South,Sports,Bronze,3,1952,53.99,1.54,159.48,2024-02-07
TXN-0002018,Melanie Preston,North,Sports,Bronze,3,1957,104.27,7.21,290.26,2025-12-19
TXN-0002019,Thomas Mcgrath,East,Home,Gold,8,1963,284.74,16.61,1899.56,2025-04-10
TXN-0002020,Glenn Chen,South,Electronics,Silver,5,1988,153.48,9.82,692.04,2024-01-11
TXN-0002021,Sarah Berry,West,Clothing,Bronze,4,1982,92.25,6.4,345.38,2025-12-23
TXN-0002022,Rebecca Summers,North,Clothing,Bronze,3,1992,78.81,1.06,233.92,2026-01-20
TXN-0002023,Rodney Gilmore,North,Clothing,Gold,3,1972,53.53,8.96,146.2,2025-11-24
TXN-0002024,Kimberly Stone DDS,South,Electronics,Platinum,2,1946,192.75,21.81,301.42,2025-11-24
TXN-0002025,Joshua Dunlap,East,Grocery,Silver,3,1964,11.56,5.77,32.68,2026-02-04
TXN-0002026,Melinda French,South,Home,Bronze,2,1986,94.44,4.1,181.14,2023-10-29
TXN-0002027,Gabriel Copeland MD,West,Sports,Bronze,1,1965,67.52,5.16,64.04,2025-05-26
TXN-0002028,Kelly Weiss,South,Home,Bronze,6,1946,144.84,0.0,869.04,2025-09-27
TXN-0002029,Gregory Russell,East,Clothing,Gold,6,1995,44.17,10.93,236.05,2023-12-04
TXN-0002030,Ashley Bowman,East,Home,Silver,3,1947,62.23,6.69,174.2,2026-06-11
TXN-0002031,Ruben Woodard,North,Electronics,Gold,3,1990,112.13,17.44,277.72,2025-05-20
TXN-0002032,Aaron Leon,East,Home,Bronze,3,1954,121.42,0.0,364.26,2025-04-29
TXN-0002033,Ashley Thomas,South,Grocery,Gold,1,1993,16.88,19.42,13.6,2024-10-26
TXN-0002034,Travis Allen,South,Electronics,Silver,3,1959,88.75,1.24,262.95,2023-10-23
TXN-0002035,Roger Weaver,North,Clothing,Bronze,2,1980,78.45,7.67,144.87,2025-04-04
TXN-0002036,Robert Johnson,West,Grocery,Silver,3,1999,10.61,7.84,29.33,2024-01-10
TXN-0002037,Bryan Lopez,Central,Home,Silver,5,1956,74.28,8.87,338.46,2025-03-16
TXN-0002038,Andrea King,North,Home,Gold,3,1980,83.6,15.01,213.15,2024-10-06
TXN-0002039,Jennifer Howard,East,Grocery,Silver,4,1995,12.27,0.0,49.08,2026-07-14
TXN-0002040,Michael Evans,West,Home,Platinum,9,1948,49.7,19.01,362.27,2026-05-30
TXN-0002041,Daniel Patterson,South,Electronics,Bronze,3,1972,212.7,1.49,628.59,2024-03-07
TXN-0002042,Karen Mendez,West,Grocery,Bronze,3,2005,22.61,6.24,63.6,2026-03-19
TXN-0002043,John Johnson,East,Sports,Bronze,4,1996,76.43,1.71,300.49,2025-02-25
TXN-0002044,Andre Haynes,Central,Electronics,Bronze,3,1974,181.82,6.99,507.33,2024-04-22
TXN-0002045,Janet Ryan,Central,Electronics,Gold,4,1946,88.22,19.38,284.49,2023-12-05
TXN-0002046,Michael Oliver,North,Grocery,Bronze,2,1979,21.61,4.06,41.47,2025-03-28
TXN-0002047,Wesley Henry,East,Home,Bronze,6,1947,104.02,2.68,607.39,2026-01-23
TXN-0002048,Andrew Freeman,East,Clothing,Bronze,3,1989,64.21,0.0,192.63,2025-03-06
TXN-0002049,Karen Stephens,North,Home,Gold,5,1965,104.94,15.26,444.63,2026-06-22
TXN-0002050,Nathaniel Baldwin,South,Grocery,Platinum,4,1997,25.49,18.94,82.65,2024-06-25
TXN-0002051,Jordan Curry,Central,Home,Gold,1,1972,86.42,17.94,70.92,2026-08-26
TXN-0002052,William Johnson,North,Electronics,Bronze,5,1982,163.56,0.0,817.8,2025-09-18
TXN-0002053,Richard Bond,East,Electronics,Silver,1,1956,100.28,4.71,95.56,2026-09-12
TXN-0002054,Jason Smith,West,Clothing,Bronze,4,1984,69.92,5.33,264.77,2025-10-10
TXN-0002055,Scott Norman,South,Sports,Gold,7,1975,59.35,19.1,336.1,2026-06-05
TXN-0002056,Jill Shaw,East,Home,Bronze,2,1950,73.04,4.62,139.33,2024-07-07
TXN-0002057,Michael Price,Central,Clothing,Platinum,7,1986,47.66,24.56,251.68,2024-04-24
TXN-0002058,Martha Williams,East,Sports,Gold,2,1948,51.53,13.74,88.9,2024-01-04
TXN-0002059,Melissa Henry,North,Clothing,Silver,8,2002,52.99,13.08,368.47,2025-09-07
TXN-0002060,Elaine Martin,North,Home,Gold,2,1961,120.09,13.99,206.58,2023-11-24
TXN-0002061,Gary Rodriguez,Central,Electronics,Bronze,2,1973,108.42,3.95,208.27,2024-12-26
TXN-0002062,Ryan Gonzalez,South,Grocery,Bronze,6,1979,17.9,2.9,104.29,2024-08-06
TXN-0002063,Mr. Reginald Roman,East,Grocery,Bronze,1,1985,22.73,1.26,22.44,2023-12-05
TXN-0002064,Patricia Williams,North,Grocery,Bronze,1,2001,7.56,3.69,7.28,2024-08-02
TXN-0002065,Gerald Vega,South,Clothing,Gold,3,1976,105.25,14.08,271.29,2023-12-02
TXN-0002066,Crystal Wallace,Central,Clothing,Silver,6,1955,46.79,8.79,256.06,2025-01-30
TXN-0002067,Susan Garcia,East,Electronics,Gold,3,2004,115.35,5.36,327.5,2025-01-21
TXN-0002068,Patrick Potts,Central,Sports,Gold,6,2004,77.17,10.16,415.98,2025-12-06
TXN-0002069,Jessica Richardson,South,Electronics,Bronze,2,1970,126.34,0.38,251.72,2025-06-07
TXN-0002070,Alicia Warren,East,Home,Bronze,2,1961,87.8,0.0,175.6,2026-01-18
TXN-0002071,Madison Rodriguez,West,Grocery,Bronze,1,1990,13.85,0.0,13.85,2025-10-02
TXN-0002072,Douglas Grant,East,Electronics,Bronze,2,1996,237.36,4.67,452.55,2024-10-25
TXN-0002073,Austin Baker,South,Clothing,Silver,3,1951,140.71,8.3,387.09,2023-11-23
TXN-0002074,Heather Morales,West,Electronics,Silver,2,1962,206.07,10.61,368.41,2026-06-28
TXN-0002075,Susan Hutchinson,South,Home,Silver,2,1962,96.51,10.37,173.0,2024-07-20
TXN-0002076,Christopher Hudson,East,Sports,Silver,2,1970,61.82,10.65,110.47,2024-12-15
TXN-0002077,Jill Barajas,Central,Clothing,Gold,2,1981,79.74,13.33,138.22,2025-04-04
TXN-0002078,Dennis Jones,North,Sports,Silver,7,1989,57.32,11.9,353.49,2023-12-11
TXN-0002079,Charlene Gutierrez,South,Electronics,Platinum,3,1997,178.87,18.19,439.0,2026-07-12
TXN-0002080,Crystal Hernandez,North,Clothing,Gold,8,2000,45.85,17.72,301.8,2025-02-24
TXN-0002081,Michael Smith,South,Sports,Silver,3,1970,48.31,10.28,130.03,2024-11-25
TXN-0002082,Richard Rodriguez,South,Grocery,Bronze,5,1960,16.71,4.46,79.82,2024-04-08
TXN-0002083,Lauren Smith,West,Clothing,Gold,3,1949,38.96,13.1,101.57,2025-04-21
TXN-0002084,Breanna Mccall,North,Grocery,Bronze,5,1993,30.17,0.0,150.85,2025-08-06
TXN-0002085,Rebecca Lopez,West,Sports,Bronze,4,1959,57.6,2.16,225.42,2025-06-10
TXN-0002086,John Garcia,South,Grocery,Silver,3,2007,17.2,1.84,50.65,2025-08-11
TXN-0002087,Mark Weaver,South,Home,Bronze,3,1965,71.7,5.79,202.65,2025-05-20
TXN-0002088,Brianna Martinez,South,Electronics,Bronze,4,1970,103.84,0.48,413.37,2025-03-07
TXN-0002089,Shannon Jones,West,Electronics,Bronze,1,1990,203.31,0.69,201.91,2024-07-14
TXN-0002090,Victoria Knight,East,Home,Gold,2,1951,87.07,6.76,162.37,2025-11-06
TXN-0002091,Paul Franco,South,Home,Silver,3,1960,204.37,3.47,591.84,2026-09-07
TXN-0002092,Darin Baker,West,Electronics,Platinum,7,1980,230.85,29.31,1142.32,2025-11-08
TXN-0002093,Jeffrey Harrell,East,Clothing,Gold,2,1974,56.37,10.88,100.47,2025-04-20
TXN-0002094,Alyssa Powers,South,Clothing,Bronze,3,1960,62.54,5.7,176.93,2025-12-12
TXN-0002095,Jeanette Obrien,Central,Home,Gold,3,1966,87.21,8.6,239.13,2024-11-15
TXN-0002096,Nicole Anderson,South,Clothing,Silver,3,1950,38.39,2.37,112.44,2024-02-03
TXN-0002097,Rachel Oneal,North,Clothing,Bronze,2,2000,33.26,1.97,65.21,2025-07-18
TXN-0002098,Nicole Moore,East,Electronics,Platinum,8,1983,110.58,20.26,705.41,2024-01-28
TXN-0002099,Donna Mejia,North,Grocery,Gold,1,2000,28.74,10.92,25.6,2025-07-27
TXN-0002100,Andre Jones,South,Home,Bronze,3,1967,98.47,2.01,289.47,2026-04-20
TXN-0002101,Steven Thomas,West,Electronics,Gold,4,1995,193.1,10.32,692.69,2024-07-04
TXN-0002102,Jaclyn Long,North,Clothing,Bronze,5,1964,72.45,6.28,339.5,2026-01-22
TXN-0002103,Robert Stark,West,Clothing,Gold,2,1967,51.28,20.07,81.98,2024-12-27
TXN-0002104,Joseph Murphy,Central,Home,Silver,2,2002,72.81,10.69,130.05,2025-02-07
TXN-0002105,Travis Dixon,East,Home,Bronze,4,1968,182.49,0.0,729.96,2024-03-05
TXN-0002106,Seth Barker,West,Home,Gold,3,1951,108.38,14.59,277.7,2024-01-30
TXN-0002107,Tammy Jacobs,West,Grocery,Silver,4,1984,10.05,4.99,38.19,2025-02-18
TXN-0002108,Laura Harrison,Central,Electronics,Bronze,6,1973,86.56,0.0,519.36,2026-07-20
TXN-0002109,John Peterson,South,Clothing,Gold,9,1999,71.51,15.51,543.77,2024-12-30
TXN-0002110,Lynn King,North,Electronics,Gold,9,1989,117.44,13.4,915.33,2025-01-16
TXN-0002111,Devon Roberts,East,Home,Silver,4,1997,85.99,7.42,318.44,2025-08-20
TXN-0002112,Emily Bullock,East,Clothing,Silver,3,1984,25.57,7.18,71.2,2026-04-21
TXN-0002113,Kylie Bailey,North,Grocery,Bronze,4,1953,15.31,0.0,61.24,2025-07-20
TXN-0002114,Roger Holmes,East,Electronics,Bronze,2,1985,220.18,0.0,440.36,2024-06-12
TXN-0002115,Dennis Coleman,North,Home,Silver,5,1981,74.62,6.02,350.64,2026-09-03
TXN-0002116,Patricia Zamora,Central,Clothing,Bronze,5,1995,36.52,1.33,180.17,2025-08-17
TXN-0002117,Randy Phillips,South,Clothing,Silver,3,1946,50.49,8.46,138.66,2025-03-27
TXN-0002118,Heather Daniels,North,Grocery,Platinum,5,1966,18.22,23.11,70.05,2025-08-22
TXN-0002119,Robert Perkins,North,Electronics,Gold,3,1954,141.44,12.39,371.75,2023-12-02
TXN-0002120,Nathaniel Walter,South,Clothing,Silver,5,1973,31.66,7.62,146.24,2025-03-28
TXN-0002121,Christine Tyler,South,Clothing,Silver,2,2007,63.12,10.22,113.34,2026-05-10
TXN-0002122,Catherine Holland,North,Grocery,Gold,6,1965,14.72,12.12,77.62,2025-08-03
TXN-0002123,David Washington III,South,Electronics,Gold,4,1947,170.07,14.51,581.57,2024-11-27
TXN-0002124,Kimberly Thomas,North,Sports,Bronze,3,1961,53.29,2.76,155.46,2026-06-17
TXN-0002125,Dawn Levy,South,Sports,Silver,3,1991,116.0,5.88,327.54,2023-12-26
TXN-0002126,Victoria Smith,South,Grocery,Bronze,2,1968,23.1,0.0,46.2,2024-01-22
TXN-0002127,Timothy Reilly,South,Clothing,Bronze,4,1957,48.49,0.0,193.96,2026-08-05
TXN-0002128,William Silva,South,Grocery,Bronze,3,1966,20.02,5.64,56.67,2026-06-14
TXN-0002129,Keith Gonzalez,North,Electronics,Silver,3,1988,283.63,1.34,839.49,2025-06-20
TXN-0002130,Jeffrey Holden,North,Grocery,Gold,8,1971,27.16,19.22,175.52,2025-04-14
TXN-0002131,Karen Hughes,South,Home,Gold,3,1962,152.63,10.63,409.22,2025-12-03
TXN-0002132,Christopher Ward,West,Electronics,Silver,3,1998,197.74,0.81,588.41,2026-08-18
TXN-0002133,Amy Boone,Central,Clothing,Silver,1,1976,45.5,5.11,43.17,2024-06-02
TXN-0002134,Joshua Adams,Central,Grocery,Bronze,3,1966,22.12,0.0,66.36,2023-11-15
TXN-0002135,Tammy Mcdaniel,East,Grocery,Bronze,4,1998,32.63,0.0,130.52,2024-05-06
TXN-0002136,Steven Knight,East,Home,Bronze,2,1972,111.25,2.35,217.27,2026-04-28
TXN-0002137,George Weber,South,Home,Platinum,6,1957,67.38,14.52,345.58,2026-08-16
TXN-0002138,Jeffrey Hall,West,Grocery,Bronze,5,1972,18.42,0.0,92.1,2025-08-08
TXN-0002139,Laura Adams,West,Grocery,Gold,5,1994,23.49,13.19,101.96,2023-11-21
TXN-0002140,Sara Hernandez,West,Grocery,Bronze,4,1962,19.12,2.26,74.75,2024-04-11
TXN-0002141,Emily Robinson,Central,Clothing,Silver,5,1956,71.84,8.74,327.81,2024-01-10
TXN-0002142,Samantha Harris,South,Home,Gold,5,1975,72.46,13.81,312.27,2024-09-28
TXN-0002143,Tiffany Davis,West,Grocery,Platinum,4,2001,16.7,19.8,53.57,2026-06-26
TXN-0002144,Veronica Nelson,West,Electronics,Bronze,3,1999,180.3,3.99,519.32,2025-04-19
TXN-0002145,Mr. Ryan Walker,South,Clothing,Gold,4,2000,63.01,16.17,211.29,2025-04-12
TXN-0002146,Christopher Thompson,Central,Electronics,Bronze,3,1962,128.21,2.22,376.09,2025-05-14
TXN-0002147,Brian Allen,North,Clothing,Gold,4,1998,23.33,14.77,79.54,2026-02-25
TXN-0002148,Kevin Greene,Central,Grocery,Bronze,1,1975,6.57,0.0,6.57,2023-11-17
TXN-0002149,Daniel Garcia,West,Electronics,Silver,3,1965,157.4,5.46,446.42,2026-04-24
TXN-0002150,Micheal Ramos,North,Home,Silver,4,1975,95.95,12.03,337.63,2024-05-23
TXN-0002151,Janice Gilbert,West,Electronics,Gold,5,1990,148.82,11.03,662.03,2026-08-17
TXN-0002152,Joshua Nelson,North,Sports,Gold,4,1988,75.93,14.75,258.92,2025-08-26
TXN-0002153,Katherine Clarke,West,Grocery,Bronze,1,1994,31.52,2.81,30.63,2025-04-26
TXN-0002154,Erica Porter,West,Home,Gold,3,1976,75.64,10.79,202.44,2025-04-27
TXN-0002155,Sara Obrien,East,Grocery,Bronze,5,1957,20.45,3.58,98.59,2025-08-17
TXN-0002156,Michael Burke,West,Electronics,Bronze,3,1959,288.45,0.39,861.98,2024-01-25
TXN-0002157,Jamie French,North,Grocery,Bronze,3,1958,12.52,0.27,37.46,2026-03-07
TXN-0002158,Ernest Sullivan,South,Grocery,Bronze,2,1968,33.45,0.23,66.75,2024-04-28
TXN-0002159,Earl Hall,South,Electronics,Bronze,2,1952,224.77,0.0,449.54,2025-12-28
TXN-0002160,Julie Johnson,North,Sports,Silver,5,1955,67.28,3.48,324.69,2025-04-20
TXN-0002161,Dana Wolfe,East,Electronics,Bronze,1,1985,65.89,0.28,65.71,2025-06-07
TXN-0002162,Robert Price,South,Home,Silver,4,1950,146.43,7.22,543.43,2025-01-28
TXN-0002163,James Henry,South,Electronics,Bronze,4,1981,297.31,0.66,1181.39,2026-07-03
TXN-0002164,Susan Davis,South,Grocery,Silver,1,1955,14.12,5.43,13.35,2024-12-03
TXN-0002165,Darryl Richardson,Central,Electronics,Bronze,4,1959,303.92,10.98,1082.2,2024-10-19
TXN-0002166,Karen Jackson DVM,South,Electronics,Bronze,2,1951,88.54,4.53,169.06,2024-03-22
TXN-0002167,Linda Patrick,Central,Home,Silver,7,1981,99.67,1.21,689.25,2023-11-07
TXN-0002168,Veronica Diaz,South,Sports,Platinum,5,1950,70.48,20.88,278.82,2024-07-13
TXN-0002169,Ann Moon,South,Clothing,Platinum,4,2003,34.44,21.01,108.82,2025-11-11
TXN-0002170,Michael Williams,East,Home,Bronze,1,1953,82.46,14.28,70.68,2025-12-10
TXN-0002171,Timothy Chavez,South,Home,Platinum,2,1967,89.03,21.18,140.35,2025-05-21
TXN-0002172,Scott Ramirez,South,Grocery,Silver,2,1968,11.87,14.37,20.33,2026-02-16
TXN-0002173,Crystal Collins,East,Clothing,Gold,4,1952,69.66,11.59,246.35,2024-03-28
TXN-0002174,Crystal Davis,North,Home,Bronze,4,1954,70.9,0.0,283.6,2024-11-07
TXN-0002175,Matthew Mueller,South,Sports,Bronze,2,1976,66.14,0.0,132.28,2024-11-05
TXN-0002176,Teresa Thompson,East,Clothing,Bronze,4,1975,91.26,5.09,346.46,2026-09-25
TXN-0002177,Teresa Jacobson,South,Clothing,Gold,4,1971,43.74,9.79,157.83,2025-08-21
TXN-0002178,Robert Gonzalez,West,Sports,Bronze,7,1961,33.98,0.0,237.86,2024-08-26
TXN-0002179,Andrea Garcia,South,Clothing,Bronze,2,2006,50.36,3.8,96.89,2026-05-05
TXN-0002180,Cassandra Martinez,Central,Clothing,Silver,6,1997,57.14,5.86,322.75,2024-12-14
TXN-0002181,Philip Cummings,West,Clothing,Platinum,6,1966,50.54,20.53,240.98,2026-09-10
TXN-0002182,Timothy Sanchez,Central,Grocery,Silver,3,1952,24.32,2.6,71.06,2025-10-30
TXN-0002183,Scott Miranda,West,Sports,Silver,5,1970,86.28,0.0,431.4,2024-08-03
TXN-0002184,Alicia Wagner,North,Home,Bronze,4,1990,72.97,6.5,272.91,2024-04-05
TXN-0002185,Chad Williams,East,Home,Gold,3,1996,114.84,17.06,285.74,2024-04-25
TXN-0002186,Carlos Hensley,North,Clothing,Bronze,3,1949,64.69,1.14,191.86,2024-01-21
TXN-0002187,Laura Ramirez,West,Electronics,Bronze,7,1959,186.2,2.37,1272.51,2025-08-30
TXN-0002188,Christopher Rodriguez,East,Electronics,Silver,5,2006,151.3,3.71,728.43,2024-06-22
TXN-0002189,Mark Webster,South,Electronics,Bronze,3,1967,176.81,1.09,524.65,2025-08-19
TXN-0002190,James Smith,Central,Electronics,Silver,3,1989,166.23,15.48,421.49,2024-02-11
TXN-0002191,Robert Byrd,North,Grocery,Silver,4,1995,16.2,13.27,56.2,2026-08-22
TXN-0002192,Joshua Powell,East,Electronics,Bronze,2,1999,189.22,2.99,367.12,2025-02-05
TXN-0002193,Tonya Harding,West,Electronics,Bronze,5,2006,194.42,0.0,972.1,2026-07-31
TXN-0002194,Larry Higgins,North,Clothing,Bronze,2,1950,66.84,3.83,128.56,2025-03-20
TXN-0002195,Nicole Mills,East,Clothing,Bronze,5,1965,68.26,1.08,337.61,2024-01-06
TXN-0002196,Jonathan Porter,West,Electronics,Gold,6,1983,72.8,11.55,386.35,2026-01-29
TXN-0002197,Christine Greene,North,Electronics,Silver,7,1953,219.57,6.98,1429.71,2026-01-17
TXN-0002198,Edwin Munoz,East,Clothing,Bronze,4,1945,39.25,8.75,143.26,2024-12-22
TXN-0002199,James Brooks,South,Home,Bronze,4,1978,133.2,2.52,519.37,2025-01-05
TXN-0002200,Craig Smith,West,Grocery,Gold,4,1968,11.18,16.49,37.35,2024-05-29
TXN-0002201,Mark Thomas,North,Grocery,Gold,4,1955,31.31,14.5,107.08,2026-09-19
TXN-0002202,Rachel Curry,Central,Grocery,Gold,4,2006,8.38,14.39,28.7,2026-06-14
TXN-0002203,Elizabeth Sanchez,Central,Home,Bronze,3,1974,100.78,4.34,289.22,2024-06-24
TXN-0002204,Darren Gonzales,North,Sports,Silver,4,1968,65.99,5.55,249.31,2025-04-11
TXN-0002205,Mr. John Khan,South,Home,Bronze,4,2004,105.85,0.0,423.4,2025-11-26
TXN-0002206,Jason Williams,East,Home,Gold,4,1981,164.63,18.6,536.04,2024-09-10
TXN-0002207,Stephanie Livingston,West,Clothing,Bronze,4,1960,59.75,0.0,239.0,2024-04-03
TXN-0002208,Anthony Marshall,East,Clothing,Silver,1,1977,76.42,8.03,70.28,2024-08-05
TXN-0002209,Matthew Hamilton,North,Clothing,Bronze,6,1993,94.11,8.37,517.4,2024-04-30
TXN-0002210,Heather Hunt,North,Electronics,Gold,7,1964,128.83,14.22,773.57,2024-09-29
TXN-0002211,Timothy Melton,Central,Grocery,Bronze,3,1961,20.43,4.12,58.76,2025-11-03
TXN-0002212,Harold Lee,East,Electronics,Gold,4,1948,258.27,15.12,876.88,2023-11-07
TXN-0002213,Carol Gay,Central,Grocery,Bronze,4,1980,20.37,6.1,76.51,2025-04-10
TXN-0002214,Michael Nelson,East,Grocery,Gold,4,1999,14.66,17.77,48.22,2026-02-04
TXN-0002215,Daniel Meyer,Central,Home,Bronze,1,1949,107.78,0.0,107.78,2026-03-05
TXN-0002216,Jamie Lindsey,North,Electronics,Silver,6,1986,166.56,11.61,883.33,2025-04-23
TXN-0002217,Marc Mitchell,North,Clothing,Gold,6,1951,65.73,12.79,343.94,2025-09-23
TXN-0002218,Jose Martinez,Central,Clothing,Bronze,3,2006,45.71,0.0,137.13,2026-01-31
TXN-0002219,John Gallagher,Central,Sports,Bronze,6,1956,81.64,0.0,489.84,2024-04-16
TXN-0002220,Richard Chandler,South,Grocery,Bronze,3,1983,17.14,2.91,49.92,2026-05-05
TXN-0002221,Andrea Donaldson,South,Grocery,Bronze,1,2007,15.14,0.05,15.13,2024-02-08
TXN-0002222,Jamie Guerrero,East,Home,Silver,5,1951,142.34,7.27,659.96,2024-01-08
TXN-0002223,Nathan Adams,South,Grocery,Bronze,3,1978,15.04,1.99,44.22,2025-01-20
TXN-0002224,Thomas Davis,North,Grocery,Bronze,2,1972,13.82,3.03,26.8,2025-06-07
TXN-0002225,James Williams,Central,Electronics,Bronze,3,1947,105.63,4.79,301.71,2025-10-10
TXN-0002226,Troy Lee,South,Electronics,Bronze,2,1961,156.42,6.13,293.66,2025-12-22
TXN-0002227,Jennifer Mckenzie,West,Electronics,Bronze,3,1988,151.7,6.05,427.57,2025-06-27
TXN-0002228,Joshua Scott,North,Home,Silver,1,2003,115.88,12.32,101.6,2025-06-25
TXN-0002229,April Jones,North,Grocery,Bronze,3,1990,11.7,1.09,34.72,2026-03-09
TXN-0002230,Deborah Webb,West,Home,Gold,1,1958,49.91,10.44,44.7,2024-01-20
TXN-0002231,John Zavala,South,Home,Gold,9,1982,47.02,12.7,369.44,2024-04-09
TXN-0002232,Katherine Miller,West,Sports,Bronze,1,1973,87.98,0.29,87.72,2025-02-01
TXN-0002233,Steven Jensen,North,Electronics,Gold,4,1966,229.82,8.41,841.97,2026-06-21
TXN-0002234,Sarah Sosa,Central,Electronics,Silver,2,2004,223.35,6.1,419.45,2024-01-21
TXN-0002235,Justin Small,West,Sports,Silver,2,1954,62.93,9.41,114.02,2025-08-27
TXN-0002236,Erin Ortega,Central,Sports,Bronze,2,1950,78.49,6.24,147.18,2025-09-20
TXN-0002237,Mary Conley,North,Grocery,Silver,3,1959,8.2,6.67,22.96,2026-08-19
TXN-0002238,Melanie Drake,South,Clothing,Bronze,2,1991,96.89,5.78,182.58,2025-12-09
TXN-0002239,Danielle Briggs,South,Sports,Silver,6,1968,112.43,7.02,627.22,2025-03-16
TXN-0002240,Dillon Case,East,Grocery,Bronze,4,1985,24.7,0.0,98.8,2024-04-14
TXN-0002241,William Esparza,South,Grocery,Silver,3,1971,13.15,2.24,38.57,2026-01-31
TXN-0002242,Kevin Solis,North,Electronics,Silver,5,1972,140.88,8.43,645.02,2026-06-17
TXN-0002243,Roger Peters,South,Home,Bronze,2,1961,84.21,0.0,168.42,2026-03-29
TXN-0002244,Colleen Blanchard,South,Grocery,Bronze,4,1951,32.64,0.0,130.56,2024-07-06
TXN-0002245,Christian Garcia,South,Grocery,Gold,3,1961,25.54,7.66,70.75,2024-04-15
TXN-0002246,Heidi Newton,North,Home,Bronze,1,1997,84.3,1.26,83.24,2025-07-31
TXN-0002247,Gary Miller,South,Home,Bronze,3,2006,110.43,2.83,321.91,2025-11-17
TXN-0002248,John Hebert,East,Grocery,Bronze,1,1946,13.08,0.0,13.08,2023-12-23
TXN-0002249,Erik Small,South,Home,Platinum,4,1979,55.43,22.64,171.52,2024-04-07
TXN-0002250,Robert Moore,South,Clothing,Silver,3,1994,53.69,7.03,149.75,2025-12-10
TXN-0002251,Andre Pace,East,Electronics,Silver,4,1986,107.46,2.37,419.65,2024-05-22
TXN-0002252,David Koch,West,Electronics,Gold,4,1983,88.5,13.13,307.52,2025-01-12
TXN-0002253,Tyler Chapman MD,South,Grocery,Silver,1,1971,18.21,4.35,17.42,2024-06-09
TXN-0002254,Donna Bishop,East,Electronics,Gold,4,1957,145.84,10.3,523.27,2024-06-05
TXN-0002255,Christopher Murphy,Central,Electronics,Silver,8,1954,112.41,2.56,876.26,2025-02-10
TXN-0002256,Bradley Miller,East,Sports,Gold,4,1980,65.2,12.93,227.08,2024-09-12
TXN-0002257,Alejandra Fernandez,Central,Grocery,Silver,2,1985,20.55,6.12,38.58,2025-03-18
TXN-0002258,Brandon Cordova PhD,West,Electronics,Bronze,3,1988,147.84,1.08,438.73,2025-12-12
TXN-0002259,Wendy Smith,North,Clothing,Bronze,5,1974,57.76,1.55,284.32,2024-12-12
TXN-0002260,Casey Terrell,South,Grocery,Bronze,3,1969,16.96,2.82,49.45,2024-01-28
TXN-0002261,Michael Serrano,West,Clothing,Silver,6,1998,100.77,6.29,566.59,2024-10-21
TXN-0002262,Kenneth Williams,Central,Home,Platinum,3,1995,143.31,13.04,373.87,2024-07-28
TXN-0002263,Erin Williams,East,Home,Gold,5,1953,93.74,12.82,408.61,2026-06-10
TXN-0002264,Virginia Mendez,North,Electronics,Gold,5,2005,120.11,9.61,542.84,2026-01-30
TXN-0002265,Cheryl Jackson,East,Grocery,Silver,3,1949,14.79,10.92,39.52,2024-11-27
TXN-0002266,Wyatt Rodriguez,North,Electronics,Gold,2,1991,101.82,14.49,174.13,2024-04-09
TXN-0002267,Lisa Fox,West,Home,Silver,4,1992,68.08,10.45,243.86,2026-05-25
TXN-0002268,Diane Brown,East,Electronics,Bronze,3,1945,202.14,0.08,605.93,2025-01-10
TXN-0002269,Debbie Schneider,West,Electronics,Silver,2,1976,129.98,10.11,233.68,2026-05-09
TXN-0002270,Anne Obrien,West,Electronics,Bronze,1,1966,150.5,0.0,150.5,2026-01-03
TXN-0002271,Amanda Phelps,East,Grocery,Bronze,3,1945,27.22,1.92,80.09,2024-02-20
TXN-0002272,Melissa Patrick,East,Electronics,Bronze,8,2002,194.17,0.0,1553.36,2025-11-16
TXN-0002273,Jordan Carter,West,Clothing,Bronze,3,1980,56.34,4.08,162.12,2026-06-19
TXN-0002274,Jennifer Roman,West,Electronics,Bronze,4,1966,153.73,8.02,565.6,2024-06-15
TXN-0002275,William Parker,West,Grocery,Bronze,5,1950,16.79,3.22,81.25,2026-04-04
TXN-0002276,David Hernandez,North,Clothing,Gold,5,1956,76.19,7.76,351.39,2026-03-18
TXN-0002277,Bobby Matthews,East,Sports,Bronze,2,1972,83.24,0.0,166.48,2024-05-24
TXN-0002278,Brian Cole,South,Grocery,Gold,4,1954,16.45,23.7,50.21,2024-06-19
TXN-0002279,Benjamin Townsend,West,Home,Bronze,2,1952,57.63,4.87,109.65,2026-07-17
TXN-0002280,Lauren Higgins,East,Grocery,Platinum,6,1995,21.31,17.29,105.75,2026-05-25
TXN-0002281,Bryan Newman,South,Electronics,Gold,7,1946,180.38,16.22,1057.86,2026-04-25
TXN-0002282,Kristen Matthews,North,Sports,Gold,4,1960,43.11,13.43,149.28,2025-03-05
TXN-0002283,Christine Kennedy,South,Sports,Silver,4,1961,71.05,16.19,238.19,2026-02-19
TXN-0002284,Christopher Lee,West,Clothing,Silver,2,1973,61.84,7.24,114.73,2023-11-30
TXN-0002285,Andre Farrell,South,Home,Bronze,4,1992,82.13,1.1,324.91,2023-11-11
TXN-0002286,Cody Jimenez,North,Electronics,Silver,2,1976,301.91,6.75,563.06,2024-02-01
TXN-0002287,Jennifer Fletcher,Central,Home,Gold,6,1952,153.59,11.64,814.27,2023-12-07
TXN-0002288,Casey Murphy,West,Grocery,Bronze,2,2005,11.57,0.0,23.14,2026-06-20
TXN-0002289,Jennifer Edwards,North,Sports,Bronze,2,1995,68.76,0.0,137.52,2026-03-11
TXN-0002290,Lacey Graves,South,Clothing,Gold,7,1985,77.2,11.32,479.23,2024-11-12
TXN-0002291,Richard Best,Central,Grocery,Bronze,3,1990,17.48,4.69,49.98,2026-07-05
TXN-0002292,John Mcneil,West,Grocery,Silver,2,2005,23.3,6.1,43.76,2024-08-20
TXN-0002293,Stephen Allen,East,Electronics,Bronze,1,1995,127.54,0.0,127.54,2026-03-04
TXN-0002294,Tina Solomon,South,Home,Bronze,3,1958,51.95,0.0,155.85,2025-07-06
TXN-0002295,Jennifer Townsend,South,Grocery,Bronze,2,1980,22.94,4.47,43.83,2026-05-15
TXN-0002296,Michelle Mcbride,North,Grocery,Silver,4,1999,16.02,12.63,55.99,2026-06-16
TXN-0002297,Aaron Webb,West,Sports,Gold,5,1984,184.91,10.03,831.82,2023-11-14
TXN-0002298,Kathryn Clark,North,Electronics,Gold,6,1957,222.35,10.77,1190.42,2025-11-09
TXN-0002299,Matthew Doyle,North,Electronics,Bronze,3,1970,110.41,0.0,331.23,2026-05-29
TXN-0002300,Kiara Preston,West,Electronics,Bronze,1,1962,202.53,4.86,192.69,2026-01-22
TXN-0002301,Lisa Salazar MD,Central,Electronics,Gold,3,1975,156.09,16.65,390.3,2024-12-20
TXN-0002302,Rebecca Gibson,West,Home,Bronze,3,2006,108.18,2.54,316.3,2026-06-21
TXN-0002303,Kimberly Ryan,East,Grocery,Bronze,4,1966,13.97,0.0,55.88,2025-01-09
TXN-0002304,Amanda Cook,East,Clothing,Silver,2,1976,61.35,8.37,112.43,2025-10-17
TXN-0002305,Mark Conner,South,Grocery,Gold,2,2005,26.08,13.82,44.95,2024-10-12
TXN-0002306,Shawn Hickman,South,Clothing,Bronze,2,1967,73.35,3.17,142.05,2026-08-27
TXN-0002307,Lisa Hall,East,Clothing,Bronze,3,2007,80.67,0.0,242.01,2025-06-19
TXN-0002308,Kevin Cole,South,Grocery,Platinum,6,1986,53.56,16.11,269.59,2025-01-02
TXN-0002309,Matthew Williams,East,Grocery,Platinum,5,1946,15.29,14.32,65.5,2025-09-01
TXN-0002310,Tanner King,Central,Clothing,Silver,4,1994,103.46,11.03,368.19,2024-01-19
TXN-0002311,Joseph Williams,Central,Sports,Silver,2,1965,83.18,11.15,147.81,2026-09-01
TXN-0002312,Joann Sanders,North,Home,Platinum,6,1973,78.6,14.34,403.97,2023-12-30
TXN-0002313,Tyler Lang,South,Electronics,Silver,2,1952,159.59,4.21,305.74,2024-05-30
TXN-0002314,Robert Payne,North,Home,Gold,3,1997,123.45,10.23,332.46,2025-08-10
TXN-0002315,Jonathan Cisneros,South,Grocery,Silver,6,1962,15.82,10.18,85.26,2025-07-04
TXN-0002316,Margaret Torres,South,Clothing,Bronze,1,1985,27.7,2.3,27.06,2025-10-19
TXN-0002317,Amber Zhang,North,Grocery,Gold,6,1948,24.15,18.4,118.24,2025-09-18
TXN-0002318,Matthew Roberts,West,Home,Silver,4,1999,97.46,5.98,366.53,2024-08-09
TXN-0002319,David Hays,East,Home,Bronze,4,1990,75.05,0.0,300.2,2025-03-09
TXN-0002320,Erin Gardner,Central,Grocery,Silver,5,2004,11.58,4.42,55.34,2026-04-27
TXN-0002321,Michael Miller,North,Home,Gold,4,1985,103.77,9.81,374.36,2024-05-08
TXN-0002322,Theresa Smith,North,Clothing,Bronze,6,1985,86.42,5.68,489.07,2025-01-25
TXN-0002323,Paul Scott,South,Electronics,Gold,3,1991,116.9,19.73,281.51,2025-02-05
TXN-0002324,Megan Perry,North,Clothing,Bronze,3,1989,60.71,3.72,175.35,2025-03-17
TXN-0002325,Christina Martin,South,Clothing,Silver,2,2006,119.35,4.56,227.82,2025-06-08
TXN-0002326,Timothy Collins,Central,Electronics,Platinum,5,1950,223.02,20.9,882.04,2024-04-18
TXN-0002327,Kimberly Jones,South,Home,Gold,9,1975,90.15,7.29,752.2,2025-04-25
TXN-0002328,Dr. Sarah Smith,North,Electronics,Gold,5,1995,154.72,12.3,678.45,2025-12-05
TXN-0002329,Richard Bauer,East,Electronics,Silver,5,1955,135.84,1.14,671.46,2026-02-16
TXN-0002330,Traci Wilson,East,Home,Silver,4,2006,92.64,8.68,338.4,2024-03-10
TXN-0002331,Bryan Miranda,East,Clothing,Silver,4,1983,47.74,6.42,178.7,2025-02-04
TXN-0002332,Julie Martinez,South,Home,Bronze,3,1974,82.25,4.87,234.73,2024-10-07
TXN-0002333,Diana Miller,West,Grocery,Silver,4,1950,17.35,9.6,62.74,2025-09-21
TXN-0002334,Heather Hughes,North,Clothing,Silver,6,1970,31.49,5.06,179.38,2024-04-05
TXN-0002335,Tony Swanson,South,Electronics,Silver,2,2005,153.0,10.55,273.72,2024-11-16
TXN-0002336,Lisa Montes,West,Home,Bronze,3,1989,234.26,0.0,702.78,2025-08-26
TXN-0002337,Wendy Martin,West,Electronics,Bronze,4,1990,99.74,11.22,354.2,2024-10-17
TXN-0002338,Joseph Norris,South,Home,Bronze,6,1958,156.24,0.0,937.44,2024-05-03
TXN-0002339,William Todd,East,Grocery,Bronze,3,1969,26.43,4.61,75.63,2024-02-25
TXN-0002340,Gerald Price,North,Home,Silver,1,1952,114.88,11.35,101.84,2023-12-15
TXN-0002341,Ashley Hunt,North,Clothing,Bronze,3,1993,46.57,2.63,136.04,2024-12-21
TXN-0002342,Christy Lee,North,Sports,Gold,3,2003,105.78,9.38,287.57,2025-05-16
TXN-0002343,Patricia Adkins,West,Electronics,Bronze,4,1970,311.68,0.0,1246.72,2026-05-10
TXN-0002344,Willie Perez,South,Sports,Gold,3,1949,112.64,9.42,306.09,2025-07-08
TXN-0002345,Susan Snyder,West,Grocery,Bronze,5,2003,20.24,1.98,99.2,2024-10-17
TXN-0002346,Jasmine Day,North,Clothing,Gold,5,1988,57.12,15.77,240.56,2024-06-02
TXN-0002347,Andrew Chavez,West,Electronics,Silver,4,1975,132.07,8.69,482.37,2025-02-17
TXN-0002348,Henry Huerta,West,Electronics,Gold,4,1963,171.57,13.19,595.76,2026-03-13
TXN-0002349,Mariah Perry,North,Sports,Gold,4,1963,93.85,8.11,344.96,2025-01-25
TXN-0002350,Tracy Atkins,North,Electronics,Silver,3,1945,168.06,12.95,438.89,2024-07-18
TXN-0002351,Ryan Wheeler,North,Grocery,Bronze,2,1986,18.15,1.39,35.8,2024-06-01
TXN-0002352,Audrey Taylor,West,Home,Silver,4,1960,91.16,5.67,343.96,2025-11-10
TXN-0002353,Zachary Swanson MD,South,Home,Bronze,2,1955,177.24,2.81,344.52,2025-12-05
TXN-0002354,Amanda Conley,East,Home,Gold,3,1997,99.24,7.2,276.28,2025-09-22
TXN-0002355,Eric Short,South,Electronics,Gold,4,1959,178.74,12.8,623.45,2025-11-10
TXN-0002356,Scott Brown,West,Clothing,Bronze,4,1946,24.64,1.27,97.31,2025-01-19
TXN-0002357,Victor Taylor,East,Sports,Silver,5,1974,109.06,6.4,510.4,2025-11-08
TXN-0002358,James Hernandez,East,Electronics,Bronze,3,1958,203.76,6.27,572.95,2023-11-03
TXN-0002359,Jason Jones,Central,Sports,Silver,2,1990,93.94,2.62,182.96,2024-02-14
TXN-0002360,Angela Parker,North,Sports,Silver,6,1991,96.19,6.86,537.55,2025-05-30
TXN-0002361,Alexander Zavala,West,Electronics,Silver,6,1971,119.01,4.84,679.5,2025-11-21
TXN-0002362,Michael Kane,North,Home,Gold,3,2006,84.3,12.24,221.95,2025-09-07
TXN-0002363,Lindsey York,East,Electronics,Bronze,1,1993,307.37,4.91,292.28,2024-10-05
TXN-0002364,Brandon Baker,Central,Home,Gold,5,1986,57.15,12.55,249.89,2024-08-27
TXN-0002365,Stephen White,West,Sports,Silver,3,1968,48.65,6.04,137.13,2026-03-22
TXN-0002366,Robert Hall,West,Sports,Bronze,2,1978,46.5,0.0,93.0,2025-03-29
TXN-0002367,Ryan Pierce,South,Sports,Silver,3,1964,72.9,9.75,197.38,2023-12-12
TXN-0002368,Shannon Cain,South,Electronics,Bronze,4,1969,289.87,0.0,1159.48,2023-12-15
TXN-0002369,Laura Vaughn,South,Home,Silver,2,1984,102.84,5.35,194.68,2024-12-08
TXN-0002370,Juan Evans,East,Electronics,Gold,2,1991,242.68,10.0,436.82,2025-11-04
TXN-0002371,Nicole Williams,East,Sports,Bronze,6,1981,38.63,0.0,231.78,2026-04-13
TXN-0002372,Jennifer Barrett,South,Electronics,Bronze,2,1958,123.56,2.49,240.97,2026-07-10
TXN-0002373,Anthony Jones,South,Electronics,Silver,8,1978,130.65,5.52,987.5,2026-08-07
TXN-0002374,Leah Rodriguez,South,Electronics,Bronze,2,1950,290.54,3.8,559.0,2025-09-28
TXN-0002375,John Ward,South,Electronics,Bronze,4,1963,174.4,3.91,670.32,2024-12-14
TXN-0002376,Deborah Garza,North,Electronics,Silver,1,1989,163.03,9.15,148.11,2026-01-08
TXN-0002377,Rebecca Miller,Central,Electronics,Bronze,5,1945,177.62,3.77,854.62,2023-10-10
TXN-0002378,Matthew Carroll,East,Grocery,Gold,2,2002,17.17,14.73,29.28,2024-03-12
TXN-0002379,Lynn Smith,North,Grocery,Silver,2,1992,37.44,10.34,67.14,2025-07-28
TXN-0002380,Michael Jackson,West,Clothing,Silver,3,1999,112.82,8.26,310.5,2024-04-23
TXN-0002381,Sharon Hicks,West,Grocery,Bronze,2,1967,27.63,2.75,53.74,2024-11-11
TXN-0002382,Abigail Mills MD,South,Clothing,Bronze,4,1968,81.14,1.41,319.98,2025-04-18
TXN-0002383,Paula Lopez,North,Grocery,Silver,3,1945,15.61,7.9,43.13,2025-06-15
TXN-0002384,Amy Clark,North,Clothing,Silver,4,2004,67.2,8.82,245.09,2025-04-18
TXN-0002385,Cheryl Rose,North,Home,Platinum,8,1961,46.29,21.72,289.89,2023-12-07
TXN-0002386,Jared Garza,West,Clothing,Bronze,4,1950,49.07,1.37,193.59,2025-06-11
TXN-0002387,Donna Wright,Central,Electronics,Silver,3,1952,96.34,14.43,247.31,2023-12-16
TXN-0002388,Belinda Fisher,North,Home,Silver,2,1949,111.2,12.36,194.91,2026-03-01
TXN-0002389,Kathleen Levine,West,Grocery,Bronze,4,1948,18.02,0.0,72.08,2026-02-16
TXN-0002390,Corey King,North,Grocery,Gold,4,1979,24.42,12.97,85.01,2024-07-26
TXN-0002391,Cody Davidson,East,Clothing,Bronze,4,1964,71.73,7.64,265.0,2025-04-13
TXN-0002392,Michael Anderson,West,Home,Gold,9,1988,138.37,9.9,1122.04,2026-02-03
TXN-0002393,Zachary Mcgee,South,Grocery,Silver,4,1953,14.28,2.67,55.59,2024-12-19
TXN-0002394,Melinda Anderson,North,Electronics,Bronze,4,1962,88.46,11.37,313.61,2024-01-20
TXN-0002395,Tyler Andrews,East,Electronics,Silver,6,1978,327.45,5.3,1860.57,2025-05-20
TXN-0002396,Michelle Greer,Central,Clothing,Bronze,5,1981,47.16,0.0,235.8,2025-11-19
TXN-0002397,Brian Clark,South,Electronics,Silver,6,2007,163.34,4.12,939.66,2025-08-27
TXN-0002398,Nathaniel Floyd,North,Clothing,Gold,2,1948,83.02,11.5,146.95,2026-01-29
TXN-0002399,Erika Jenkins,North,Electronics,Silver,5,1972,149.8,9.83,675.37,2024-12-05
TXN-0002400,Melanie Ramos,East,Home,Bronze,4,2001,62.56,2.11,244.96,2026-05-23
TXN-0002401,Mark Clark,East,Grocery,Silver,4,1988,39.17,2.06,153.45,2026-08-19
TXN-0002402,Sergio Hodge,West,Grocery,Silver,6,1980,15.41,0.0,92.46,2026-05-04
TXN-0002403,Katherine Avery,West,Grocery,Silver,5,2006,35.66,8.71,162.77,2024-03-30
TXN-0002404,David Hamilton,Central,Clothing,Silver,4,2004,64.97,7.21,241.14,2024-04-14
TXN-0002405,Richard Bass,West,Sports,Bronze,3,1979,110.84,6.22,311.84,2024-02-25
TXN-0002406,Kelly Harris,South,Grocery,Gold,8,1981,26.42,10.77,188.6,2025-05-31
TXN-0002407,Dustin Campbell,East,Home,Gold,2,2004,81.01,12.04,142.51,2025-04-29
TXN-0002408,Randy Kennedy,South,Electronics,Silver,5,1998,205.31,5.1,974.2,2025-03-07
TXN-0002409,Ana Gibson,South,Home,Bronze,2,1978,186.81,0.0,373.62,2026-02-10
TXN-0002410,Danny Harris,Central,Home,Silver,3,2004,148.67,8.32,408.9,2025-04-17
TXN-0002411,Sara Stuart,West,Grocery,Silver,4,1949,28.08,5.38,106.28,2024-05-09
TXN-0002412,John Kim,Central,Grocery,Gold,3,1974,23.84,7.09,66.45,2024-08-02
TXN-0002413,Richard Brewer,South,Sports,Gold,5,1995,75.42,17.57,310.84,2026-04-20
TXN-0002414,William Arnold,East,Sports,Gold,4,1965,57.9,13.75,199.76,2025-11-26
TXN-0002415,Brianna Adams,East,Home,Bronze,3,1999,163.84,4.28,470.48,2025-06-12
TXN-0002416,David Garcia,North,Sports,Gold,1,1965,64.04,17.57,52.79,2025-11-12
TXN-0002417,Kelli Collins,South,Sports,Gold,4,1993,65.89,12.25,231.27,2023-11-29
TXN-0002418,Arthur Krueger,East,Electronics,Bronze,4,1968,167.78,1.27,662.6,2023-12-07
TXN-0002419,Steven King,North,Home,Bronze,7,1993,56.18,0.0,393.26,2023-11-27
TXN-0002420,Tyler Velazquez,Central,Electronics,Bronze,4,1961,146.38,4.98,556.36,2024-04-27
TXN-0002421,Laura Middleton,North,Clothing,Silver,4,1966,44.02,1.54,173.37,2025-02-26
TXN-0002422,Lori Madden,North,Clothing,Silver,4,2004,34.68,7.68,128.07,2025-10-02
TXN-0002423,Tyler Murphy,West,Home,Bronze,2,1993,60.45,3.81,116.29,2025-12-12
TXN-0002424,Kristen Bradley,North,Electronics,Silver,4,1978,164.73,2.37,643.3,2025-09-06
TXN-0002425,Corey Rodriguez,Central,Electronics,Gold,4,1951,237.91,17.3,787.01,2024-05-16
TXN-0002426,Phillip King,West,Electronics,Gold,5,1983,161.01,6.05,756.34,2026-04-26
TXN-0002427,Laurie Fuller,North,Grocery,Gold,3,1970,12.75,8.35,35.06,2025-12-06
TXN-0002428,Toni Cunningham,West,Sports,Gold,3,1949,61.86,12.88,161.68,2024-05-02
TXN-0002429,James Weber,East,Sports,Silver,3,1960,87.81,9.5,238.4,2025-02-18
TXN-0002430,Erika Hodge,West,Clothing,Gold,4,2000,85.34,8.21,313.33,2026-05-07
TXN-0002431,Peter Patel,West,Clothing,Bronze,4,1990,79.92,4.53,305.2,2025-02-03
TXN-0002432,Jeffrey Hart DDS,West,Grocery,Gold,3,1950,20.34,15.86,51.34,2024-06-06
TXN-0002433,Steven Hall,East,Electronics,Gold,3,1992,282.52,11.62,749.07,2025-05-30
TXN-0002434,Christine Gutierrez,South,Sports,Silver,3,1977,64.74,7.46,179.73,2026-05-12
TXN-0002435,Angel Becker DVM,West,Grocery,Silver,5,1998,12.39,11.09,55.08,2025-01-04
TXN-0002436,Chad Rojas,Central,Home,Bronze,3,1999,84.61,7.34,235.2,2026-04-07
TXN-0002437,Brent Scott,East,Electronics,Bronze,2,1988,258.5,0.19,516.02,2025-03-03
TXN-0002438,Jennifer Esparza,West,Electronics,Bronze,2,1951,212.4,0.0,424.8,2025-11-24
TXN-0002439,Stacy Orozco,South,Home,Bronze,4,1956,136.99,1.44,540.07,2025-11-27
TXN-0002440,Thomas Carr,West,Clothing,Bronze,5,1997,55.41,0.0,277.05,2026-01-01
TXN-0002441,David George,Central,Grocery,Bronze,4,1962,19.69,6.38,73.74,2025-10-27
TXN-0002442,Teresa Allen,North,Home,Gold,3,1990,86.92,14.71,222.4,2026-02-18
TXN-0002443,Donald Jackson,South,Clothing,Silver,2,1978,42.35,6.99,78.78,2025-01-05
TXN-0002444,Monica Howe,East,Electronics,Gold,3,1979,168.69,16.91,420.49,2025-10-04
TXN-0002445,Willie Flynn PhD,East,Home,Silver,5,1986,86.72,9.71,391.5,2023-10-23
TXN-0002446,Jonathan Perez,East,Electronics,Bronze,3,1966,140.78,5.41,399.49,2025-04-22
TXN-0002447,April Horton,North,Grocery,Bronze,6,1974,23.19,3.94,133.66,2025-02-23
TXN-0002448,Nicole Hawkins,South,Home,Gold,4,1990,98.11,17.95,322.0,2026-08-09
TXN-0002449,Patrick Hooper,East,Grocery,Bronze,3,1993,30.11,0.0,90.33,2024-03-16
TXN-0002450,Mary Lee,East,Clothing,Silver,4,2004,42.34,8.83,154.41,2025-07-06
TXN-0002451,Cynthia Williams,West,Clothing,Bronze,3,1956,49.73,7.5,138.0,2026-03-22
TXN-0002452,Ronald Gonzalez,West,Grocery,Bronze,1,1955,10.1,0.89,10.01,2025-01-17
TXN-0002453,Antonio Cole,East,Grocery,Bronze,1,2000,13.26,0.0,13.26,2026-08-31
TXN-0002454,Amanda Swanson,West,Grocery,Silver,2,1945,23.38,5.71,44.09,2026-06-01
TXN-0002455,Holly Sherman,East,Home,Bronze,1,1995,124.72,2.01,122.21,2023-11-08
TXN-0002456,Sandy Reynolds,East,Grocery,Gold,7,1945,23.91,16.78,139.29,2026-04-12
TXN-0002457,Sandra Moore,East,Electronics,Bronze,3,1975,262.71,2.02,772.21,2025-10-04
TXN-0002458,Christopher Johnson,North,Clothing,Bronze,4,2007,69.37,5.96,260.94,2024-11-13
TXN-0002459,Ryan Fisher,South,Grocery,Bronze,1,1981,19.2,3.69,18.49,2026-07-12
TXN-0002460,Christopher Jones,East,Electronics,Platinum,4,1980,211.04,23.28,647.64,2026-03-14
TXN-0002461,Jeffrey Lyons,Central,Grocery,Silver,5,1984,14.41,7.17,66.88,2026-03-13
TXN-0002462,Miguel Reeves,West,Clothing,Silver,2,1976,32.34,6.15,60.7,2024-09-15
TXN-0002463,Kiara Santana,North,Electronics,Silver,7,1946,145.76,2.35,996.34,2023-12-16
TXN-0002464,Tonya Richards,East,Electronics,Gold,6,1956,151.96,4.49,870.82,2026-03-22
TXN-0002465,Jesse Poole,South,Grocery,Bronze,1,1986,19.57,0.63,19.45,2025-10-13
TXN-0002466,Mary Lewis,West,Grocery,Gold,2,1964,14.24,4.16,27.3,2024-06-18
TXN-0002467,Christopher Copeland,West,Clothing,Gold,4,1968,46.61,12.67,162.82,2025-12-20
TXN-0002468,Ethan Obrien,East,Electronics,Bronze,2,1983,220.61,4.31,422.2,2026-06-01
TXN-0002469,Rebecca Houston,East,Clothing,Bronze,4,1947,37.58,2.08,147.19,2026-05-17
TXN-0002470,Edward Barton,South,Electronics,Silver,2,1954,161.92,0.0,323.84,2025-05-10
TXN-0002471,Brandon Perkins,East,Grocery,Bronze,3,1983,15.18,0.51,45.31,2024-05-14
TXN-0002472,Beth Brown,West,Electronics,Bronze,5,1976,92.84,3.82,446.47,2026-08-20
TXN-0002473,Kim Vincent,West,Electronics,Bronze,1,1986,145.4,6.37,136.14,2024-10-08
TXN-0002474,Jennifer Banks,East,Electronics,Bronze,2,1946,122.53,3.76,235.85,2023-11-16
TXN-0002475,Ruth Brown,South,Home,Silver,2,1984,81.46,6.91,151.66,2026-03-05
TXN-0002476,Shawn Lindsey,North,Grocery,Silver,7,1991,19.41,8.57,124.23,2026-09-20
TXN-0002477,Anthony Garrison,North,Grocery,Silver,3,2006,8.82,13.38,22.92,2024-03-16
TXN-0002478,Angela Ryan,North,Home,Silver,3,1957,135.43,7.02,377.77,2024-07-20
TXN-0002479,Joseph Davis,South,Sports,Bronze,8,1995,225.23,0.0,1801.84,2023-10-27
TXN-0002480,Joshua Clayton,Central,Home,Silver,4,2006,67.83,5.28,256.99,2025-08-13
TXN-0002481,John Massey,East,Grocery,Gold,7,1965,15.36,10.31,96.43,2025-01-27
TXN-0002482,Richard Hale,South,Home,Bronze,4,2005,70.8,0.0,283.2,2025-07-09
TXN-0002483,Charles Ramos,North,Electronics,Silver,3,1980,114.85,4.43,329.29,2024-05-20
TXN-0002484,Mark Miller,South,Grocery,Gold,5,1950,37.9,22.58,146.71,2025-06-30
TXN-0002485,Julia Maldonado,West,Home,Silver,2,1991,84.62,3.34,163.59,2026-09-04
TXN-0002486,Gail Johnson MD,South,Grocery,Bronze,1,1975,24.07,0.15,24.03,2024-08-09
TXN-0002487,Maurice Johnson,West,Electronics,Bronze,1,1949,253.24,11.68,223.66,2025-06-26
TXN-0002488,Amanda Morris,West,Clothing,Silver,5,1962,83.15,8.9,378.75,2025-11-15
TXN-0002489,Rhonda Willis,North,Sports,Silver,8,1977,116.42,8.09,856.01,2026-05-04
TXN-0002490,Connor Benton,East,Electronics,Gold,2,1979,105.83,14.76,180.42,2025-09-29
TXN-0002491,Richard Ryan,Central,Electronics,Silver,2,1974,230.91,7.54,427.0,2024-01-02
TXN-0002492,Richard Goodman,South,Clothing,Bronze,5,1981,50.37,0.24,251.25,2024-04-29
TXN-0002493,Michelle Mcneil,North,Home,Gold,10,1990,167.72,14.0,1442.39,2025-12-11
TXN-0002494,Michael Norton,Central,Grocery,Silver,4,1992,13.86,8.79,50.57,2024-08-15
TXN-0002495,Donna Carter,Central,Home,Platinum,4,1976,62.11,13.95,213.78,2026-02-15
TXN-0002496,Joshua Hernandez,East,Sports,Gold,4,1985,77.17,11.26,273.92,2025-02-13
TXN-0002497,Kimberly Mitchell,East,Home,Silver,5,1997,115.94,0.92,574.37,2026-07-22
TXN-0002498,Patricia Hernandez,South,Clothing,Silver,4,1955,30.2,3.71,116.32,2025-10-10
TXN-0002499,Donna Howell,West,Electronics,Silver,3,1968,142.56,8.69,390.51,2025-12-22
TXN-0002500,James Williams,East,Electronics,Bronze,5,1978,111.92,0.35,557.64,2025-05-05
TXN-0002501,Alexander Greene,North,Grocery,Silver,2,1961,25.54,6.02,48.0,2025-01-27
TXN-0002502,Dean Sanchez,West,Electronics,Bronze,5,2004,134.76,0.0,673.8,2024-06-23
TXN-0002503,Glenn Ward,Central,Clothing,Bronze,3,1979,83.75,0.0,251.25,2025-09-11
TXN-0002504,Kendra Sullivan,West,Sports,Silver,3,1947,59.92,2.79,174.74,2026-01-03
TXN-0002505,Cynthia Hernandez,South,Home,Bronze,4,1953,102.76,0.0,411.04,2025-03-12
TXN-0002506,Darren Morris,North,Electronics,Gold,8,1947,101.3,13.52,700.83,2026-01-23
TXN-0002507,Holly Underwood,Central,Grocery,Silver,4,1961,17.79,7.15,66.07,2025-03-31
TXN-0002508,Jaime Williams,Central,Home,Gold,5,1960,62.96,15.8,265.06,2026-08-12
TXN-0002509,Lori Brown,East,Grocery,Silver,5,1953,31.54,11.45,139.64,2026-08-20
TXN-0002510,Jason Chase,East,Grocery,Gold,3,1993,26.91,17.8,66.36,2026-06-23
TXN-0002511,Lisa Buchanan,East,Electronics,Silver,3,1963,177.16,8.24,487.69,2026-09-09
TXN-0002512,Marcus Fields,South,Electronics,Platinum,7,2007,235.01,20.67,1305.03,2024-11-11
TXN-0002513,Tammy Lopez,North,Clothing,Bronze,2,1950,47.39,2.99,91.95,2026-05-02
TXN-0002514,Derek Williams,North,Grocery,Gold,7,1956,22.89,9.45,145.09,2025-10-19
TXN-0002515,James Davenport,South,Home,Silver,4,1986,89.84,7.95,330.79,2024-07-22
TXN-0002516,Justin Moreno,West,Grocery,Bronze,3,1963,22.13,0.2,66.26,2024-10-14
TXN-0002517,Mario Green,North,Home,Silver,6,1998,96.45,2.7,563.08,2024-12-04
TXN-0002518,Cassandra Fry,South,Clothing,Silver,4,1999,55.36,0.71,219.87,2026-02-10
TXN-0002519,Dr. Jose Gray DDS,East,Electronics,Bronze,1,1967,87.17,0.0,87.17,2025-01-03
TXN-0002520,Amy Adams,South,Electronics,Bronze,1,1986,131.03,1.1,129.59,2024-09-11
TXN-0002521,Austin Horton,North,Clothing,Bronze,4,1973,106.56,0.0,426.24,2025-01-02
TXN-0002522,Elizabeth Jackson,East,Home,Platinum,4,1964,88.74,17.37,293.3,2024-12-19
TXN-0002523,Maureen Cross,South,Sports,Silver,1,1948,59.99,2.95,58.22,2026-09-27
TXN-0002524,Christopher Sanchez,East,Electronics,Bronze,4,1989,167.16,0.03,668.44,2024-08-14
TXN-0002525,Mitchell Richardson,Central,Grocery,Gold,6,1964,10.85,9.16,59.14,2026-09-04
TXN-0002526,Kelsey Lewis,North,Electronics,Silver,7,1956,139.31,7.32,903.79,2026-09-27
TXN-0002527,Richard Miller,Central,Grocery,Silver,5,1952,19.75,9.58,89.29,2025-10-26
TXN-0002528,Samantha Carter,Central,Electronics,Silver,2,1989,195.48,5.29,370.28,2025-02-01
TXN-0002529,Mrs. Heather Christensen,West,Grocery,Bronze,2,1968,20.89,5.81,39.35,2025-10-12
TXN-0002530,Sharon Williams,East,Electronics,Bronze,3,1951,279.37,0.0,838.11,2025-03-22
TXN-0002531,Daryl Lowe,East,Electronics,Gold,3,1980,129.95,6.24,365.52,2026-02-14
TXN-0002532,Michael Carter,East,Home,Gold,5,1981,54.68,17.77,224.82,2024-11-25
TXN-0002533,Susan Johnson,West,Clothing,Gold,3,1997,49.86,5.84,140.84,2024-12-18
TXN-0002534,James Jenkins,North,Home,Bronze,3,1975,75.91,0.04,227.64,2024-04-04
TXN-0002535,Dylan Johnston,Central,Clothing,Gold,6,1957,60.33,15.74,305.0,2026-03-06
TXN-0002536,Kathy Hull,East,Sports,Silver,4,1972,69.67,11.34,247.08,2026-08-14
TXN-0002537,Monica Richardson,West,Clothing,Silver,5,1990,59.42,6.43,278.0,2026-01-18
TXN-0002538,Kathryn White,South,Home,Bronze,4,1979,95.86,0.0,383.44,2025-05-09
TXN-0002539,Mrs. Valerie Owens,North,Grocery,Gold,1,1962,25.21,20.35,20.08,2025-06-01
TXN-0002540,Amy Watts,East,Grocery,Platinum,6,2007,18.4,23.22,84.77,2025-03-17
TXN-0002541,Michael Brown,East,Clothing,Bronze,1,1999,60.69,5.77,57.19,2024-05-12
TXN-0002542,Cynthia Hendricks,South,Home,Gold,6,1978,172.43,14.66,882.91,2024-12-22
TXN-0002543,Phillip Kelly,South,Electronics,Silver,3,1995,92.64,9.11,252.6,2023-12-02
TXN-0002544,Deanna Edwards,South,Home,Bronze,5,1954,98.52,2.9,478.31,2024-12-17
TXN-0002545,Jennifer Walker,East,Clothing,Bronze,2,1992,54.23,1.54,106.79,2024-01-28
TXN-0002546,Brian Davis,South,Grocery,Silver,3,1957,18.79,0.51,56.08,2025-03-19
TXN-0002547,Kelsey Griffith,Central,Grocery,Bronze,3,1996,22.64,0.0,67.92,2025-08-15
TXN-0002548,Kimberly Obrien,North,Electronics,Bronze,2,1960,122.68,4.37,234.64,2026-07-13
TXN-0002549,Kevin Mccoy,South,Electronics,Gold,5,1979,134.52,17.2,556.91,2024-10-30
TXN-0002550,Daniel Sullivan,South,Clothing,Silver,3,1991,73.0,7.63,202.29,2025-10-11
TXN-0002551,Darius Khan,East,Home,Gold,4,1946,87.49,9.14,317.97,2024-08-25
TXN-0002552,Miranda Huber,East,Clothing,Silver,3,1956,40.35,7.7,111.73,2024-08-06
TXN-0002553,Lisa Wagner,East,Home,Silver,2,1958,121.66,8.32,223.08,2026-01-11
TXN-0002554,Erin Price,Central,Home,Gold,6,1958,115.28,6.33,647.9,2024-11-22
TXN-0002555,Jonathan Russell,South,Sports,Bronze,5,1994,81.31,7.25,377.08,2026-02-17
TXN-0002556,Sharon Snow,West,Clothing,Bronze,1,2006,65.1,5.01,61.84,2026-09-13
TXN-0002557,Cody Hoover,North,Electronics,Silver,2,1971,199.79,3.28,386.47,2024-11-22
TXN-0002558,Alyssa Rodriguez PhD,South,Clothing,Platinum,3,1992,54.57,19.7,131.46,2024-04-28
TXN-0002559,Carl Harper,East,Home,Bronze,2,1959,102.7,0.83,203.7,2024-03-15
TXN-0002560,Dana Bennett,North,Clothing,Platinum,5,1968,37.1,24.51,140.03,2026-05-11
TXN-0002561,Michael Baker,East,Clothing,Gold,7,1955,52.37,11.01,326.23,2026-03-27
TXN-0002562,William Wilson,West,Clothing,Silver,5,1981,78.91,2.8,383.5,2024-10-03
TXN-0002563,Jennifer Smith,West,Grocery,Silver,3,1963,39.76,6.58,111.43,2024-10-08
TXN-0002564,Cindy Richardson,East,Sports,Bronze,3,1974,80.15,0.0,240.45,2023-12-15
TXN-0002565,Brandi Brown,East,Clothing,Silver,2,1987,41.03,10.37,73.55,2026-08-03
TXN-0002566,Benjamin Martinez,South,Electronics,Bronze,2,1983,144.66,1.66,284.52,2025-12-30
TXN-0002567,Patricia Mitchell,North,Clothing,Silver,5,1973,33.87,2.83,164.56,2024-09-12
TXN-0002568,Courtney Sanders,North,Clothing,Bronze,2,2005,71.21,0.0,142.42,2026-06-15
TXN-0002569,Ryan Willis,West,Sports,Platinum,9,2001,78.01,18.34,573.33,2024-09-23
TXN-0002570,Jennifer Jackson,Central,Home,Bronze,2,1994,65.93,0.86,130.73,2023-12-18
TXN-0002571,Teresa Obrien,North,Grocery,Silver,1,1947,17.23,1.21,17.02,2024-03-01
TXN-0002572,Angel Hayes,East,Sports,Bronze,2,1977,98.28,0.0,196.56,2025-07-01
TXN-0002573,Jason Davis,West,Home,Bronze,1,2007,93.78,2.88,91.08,2025-02-22
TXN-0002574,Melissa Mathews,West,Clothing,Bronze,1,1954,44.25,6.42,41.41,2025-09-30
TXN-0002575,Joseph Russell,East,Home,Gold,5,1980,131.79,11.13,585.61,2024-03-02
TXN-0002576,Sandra Mccoy,East,Clothing,Silver,2,1948,63.49,7.26,117.76,2026-08-21
TXN-0002577,Gail Vasquez,West,Clothing,Silver,3,1990,43.07,15.1,109.7,2024-04-28
TXN-0002578,Jeffrey Gibbs,West,Sports,Gold,6,1975,77.46,13.78,400.72,2023-10-06
TXN-0002579,Michael Wilson,North,Clothing,Bronze,6,1960,26.86,0.0,161.16,2026-01-29
TXN-0002580,Richard Smith,Central,Home,Gold,5,1949,100.91,14.9,429.37,2024-05-30
TXN-0002581,Corey Mooney,North,Electronics,Bronze,3,1952,435.65,2.68,1271.92,2025-06-21
TXN-0002582,Christina Myers,West,Electronics,Gold,3,2006,239.96,11.41,637.74,2026-07-08
TXN-0002583,Anita Pitts,North,Home,Platinum,2,1998,86.76,15.96,145.83,2025-10-05
TXN-0002584,Christian Bryant,North,Grocery,Gold,1,1976,20.08,15.8,16.91,2025-10-08
TXN-0002585,Patrick Garcia,North,Home,Bronze,4,2004,111.31,0.0,445.24,2026-07-04
TXN-0002586,Daniel Merritt,East,Clothing,Silver,3,1955,69.59,5.43,197.43,2024-08-02
TXN-0002587,Robert Hicks,South,Electronics,Gold,4,1949,156.98,11.68,554.58,2024-12-17
TXN-0002588,Kenneth Washington,North,Home,Silver,5,1959,42.88,4.46,204.84,2025-02-07
TXN-0002589,Jessica Hoffman,East,Home,Bronze,3,1972,81.36,1.55,240.3,2024-12-14
TXN-0002590,Lisa Riggs,South,Grocery,Silver,4,1959,14.92,2.57,58.15,2026-06-27
TXN-0002591,Donna Mccarty,West,Home,Bronze,6,2005,88.76,3.87,511.95,2023-12-28
TXN-0002592,Eric Spencer,Central,Grocery,Silver,2,1977,14.14,17.16,23.43,2024-02-13
TXN-0002593,Victoria Deleon,West,Grocery,Bronze,8,1959,22.73,0.0,181.84,2026-07-07
TXN-0002594,David Roy,North,Clothing,Silver,1,1972,114.19,8.39,104.61,2026-03-07
TXN-0002595,Nancy Rice,South,Home,Bronze,3,2007,129.28,2.51,378.11,2024-09-22
TXN-0002596,Daniel Brewer,Central,Grocery,Bronze,4,1984,17.94,2.68,69.84,2026-01-06
TXN-0002597,Becky Garcia,North,Sports,Bronze,2,1951,130.08,0.34,259.28,2023-11-24
TXN-0002598,Michael Smith,South,Clothing,Gold,7,1970,78.1,13.01,475.57,2024-06-25
TXN-0002599,Katie Kaiser,Central,Home,Silver,3,2001,118.56,7.72,328.22,2025-07-08
TXN-0002600,Amy Roberts,Central,Clothing,Silver,2,1987,45.93,9.79,82.87,2024-06-27
TXN-0002601,Taylor Espinoza,South,Grocery,Gold,3,1984,17.46,15.54,44.24,2023-11-23
TXN-0002602,David Aguirre,West,Sports,Silver,3,1968,93.91,11.48,249.39,2025-06-05
TXN-0002603,Kyle Armstrong,East,Sports,Bronze,4,2002,162.79,0.0,651.16,2025-11-05
TXN-0002604,Jennifer Weber,West,Electronics,Silver,4,1964,270.01,7.63,997.63,2024-07-13
TXN-0002605,Sheila Douglas,North,Electronics,Bronze,3,1957,200.86,1.45,593.84,2024-12-20
TXN-0002606,Maria Malone,North,Grocery,Silver,3,1947,19.43,9.98,52.47,2023-11-25
TXN-0002607,Megan Juarez,East,Home,Bronze,3,1992,119.93,0.0,359.79,2023-10-12
TXN-0002608,Ann Boyd,South,Sports,Gold,7,1995,92.27,16.82,537.25,2025-01-03
TXN-0002609,Richard Riley,West,Clothing,Silver,3,1947,95.95,8.11,264.51,2026-02-26
TXN-0002610,Laura Thomas,South,Grocery,Bronze,3,1976,12.52,6.2,35.23,2026-04-21
TXN-0002611,Elizabeth Barton,Central,Grocery,Silver,6,1960,18.59,7.16,103.55,2024-03-12
TXN-0002612,Laura Sparks,West,Electronics,Bronze,3,1957,212.96,1.36,630.19,2025-03-01
TXN-0002613,Tiffany Zamora,East,Electronics,Silver,5,2001,268.94,4.68,1281.77,2024-12-13
TXN-0002614,Ryan Roman,West,Grocery,Gold,4,1973,36.39,11.57,128.72,2025-09-02
TXN-0002615,Richard Parsons,South,Electronics,Gold,5,1987,98.08,5.89,461.52,2026-06-20
TXN-0002616,Justin Yu,East,Grocery,Silver,7,1965,14.3,6.42,93.67,2026-01-18
TXN-0002617,Marcus Johnson,North,Home,Silver,5,1987,89.72,5.14,425.54,2025-12-20
TXN-0002618,Brittney Bowman,West,Home,Silver,5,1958,59.57,7.31,276.08,2025-11-03
TXN-0002619,Jason Snow,West,Clothing,Bronze,2,1971,100.66,0.0,201.32,2024-04-23
TXN-0002620,Carrie Lewis,Central,Sports,Silver,4,1986,80.02,8.22,293.77,2025-11-19
TXN-0002621,Wendy Perez,Central,Grocery,Silver,3,1956,27.73,6.52,77.77,2025-09-24
TXN-0002622,Erika Bates,Central,Grocery,Bronze,7,1974,17.29,0.0,121.03,2024-11-24
TXN-0002623,Marie Roach,South,Grocery,Bronze,3,1978,21.22,2.15,62.29,2024-07-23
TXN-0002624,Mary Hoffman,Central,Home,Bronze,5,1972,57.06,4.86,271.43,2024-03-20
TXN-0002625,Robert Mitchell,East,Sports,Bronze,4,1961,52.9,5.12,200.77,2025-02-22
TXN-0002626,Gregory Russell,South,Home,Bronze,2,1974,63.91,0.0,127.82,2024-06-06
TXN-0002627,Vicki Barrera,East,Home,Bronze,2,1960,50.5,0.0,101.0,2025-09-09
TXN-0002628,Jessica Johnson,South,Clothing,Silver,5,1986,80.49,10.8,358.99,2026-07-01
TXN-0002629,Rachel Sullivan,South,Clothing,Silver,6,1963,55.91,8.43,307.18,2024-10-31
TXN-0002630,Kimberly Thomas,South,Grocery,Bronze,5,1995,26.63,0.0,133.15,2024-07-13
TXN-0002631,Anna Pierce,North,Clothing,Silver,8,1964,53.96,4.06,414.15,2023-10-19
TXN-0002632,Haley Mccoy,East,Grocery,Gold,4,1974,27.28,13.09,94.84,2025-03-04
TXN-0002633,Claire Hoffman,Central,Sports,Bronze,6,1976,106.98,4.99,609.85,2024-12-29
TXN-0002634,Annette Rivas,East,Clothing,Bronze,3,1979,53.84,0.81,160.21,2026-02-26
TXN-0002635,Pamela Aguirre,East,Electronics,Silver,3,1954,175.22,1.76,516.41,2026-08-10
TXN-0002636,George Bradshaw,South,Grocery,Bronze,4,1985,20.8,0.0,83.2,2024-07-24
TXN-0002637,Ryan Waters,East,Electronics,Bronze,5,1978,241.54,0.0,1207.7,2024-06-26
TXN-0002638,Chase Matthews,South,Grocery,Silver,3,1956,18.18,4.06,52.33,2026-05-04
TXN-0002639,Sarah Nelson,West,Home,Bronze,3,1984,104.18,0.0,312.54,2026-06-16
TXN-0002640,Sarah Wall,North,Home,Gold,9,1993,54.85,17.93,405.14,2025-06-18
TXN-0002641,Paul Smith,West,Home,Gold,6,1975,67.53,7.5,374.79,2025-07-23
TXN-0002642,Kayla Burke,West,Home,Bronze,4,1947,71.11,0.0,284.44,2025-12-06
TXN-0002643,Jean Murillo,East,Clothing,Silver,3,1987,67.32,14.49,172.7,2025-02-18
TXN-0002644,William Hughes,West,Clothing,Platinum,7,1959,43.91,17.18,254.56,2024-02-09
TXN-0002645,Brad Lee,South,Clothing,Silver,2,1983,58.46,6.93,108.82,2025-06-11
TXN-0002646,Samantha Morrow,Central,Sports,Platinum,4,2007,72.32,24.94,217.13,2026-08-02
TXN-0002647,Tony Brooks,West,Electronics,Gold,4,1965,163.57,12.58,571.97,2024-02-23
TXN-0002648,Matthew Miller,West,Clothing,Bronze,3,1984,76.1,3.34,220.67,2024-07-11
TXN-0002649,Angel Rojas,West,Electronics,Bronze,4,1998,173.04,0.0,692.16,2024-05-03
TXN-0002650,Jason Thompson,West,Clothing,Bronze,3,1971,51.45,0.0,154.35,2025-10-08
TXN-0002651,Christina Aguilar,Central,Electronics,Gold,4,1970,188.13,7.36,697.13,2025-02-11
TXN-0002652,Jason Thomas,South,Grocery,Bronze,3,1991,32.35,1.24,95.85,2024-10-17
TXN-0002653,Connie Ramirez,West,Electronics,Silver,5,2006,166.39,8.31,762.81,2023-10-08
TXN-0002654,Jon Ramos,West,Grocery,Silver,5,1969,11.73,13.78,50.57,2024-11-06
TXN-0002655,Christopher Klein,East,Clothing,Gold,4,1977,34.71,11.1,123.43,2025-05-15
TXN-0002656,Charles Powell,Central,Home,Gold,5,1967,81.59,17.18,337.86,2024-09-27
TXN-0002657,Megan Carlson,South,Electronics,Bronze,3,1958,107.34,5.27,305.05,2025-08-21
TXN-0002658,Justin Davis,East,Grocery,Bronze,2,1992,7.79,0.0,15.58,2024-11-15
TXN-0002659,Molly Mckenzie,North,Sports,Silver,3,1946,67.7,7.1,188.68,2025-02-21
TXN-0002660,Tammy Hendrix,South,Electronics,Gold,5,1974,182.8,13.14,793.9,2025-01-09
TXN-0002661,Tara Jones,West,Sports,Silver,5,1989,121.73,2.15,595.56,2026-03-20
TXN-0002662,Alison Zuniga,South,Clothing,Silver,2,1974,54.66,6.12,102.63,2026-03-05
TXN-0002663,Deborah Waller,South,Home,Gold,3,1951,100.31,10.05,270.69,2023-10-15
TXN-0002664,Jesse Davis,South,Grocery,Silver,2,1952,21.56,6.19,40.45,2024-11-07
TXN-0002665,Timothy Howard,East,Electronics,Bronze,3,1967,164.71,1.43,487.06,2026-07-09
TXN-0002666,Christina Moon,West,Clothing,Gold,3,1996,43.54,12.82,113.87,2025-04-08
TXN-0002667,John Ho,Central,Electronics,Silver,3,1962,342.09,4.88,976.19,2026-09-08
TXN-0002668,Daniel Ferrell,North,Grocery,Gold,6,1966,12.74,9.28,69.35,2024-09-29
TXN-0002669,Megan Miller,East,Clothing,Bronze,2,2001,63.63,0.0,127.26,2024-01-02
TXN-0002670,James Robinson,East,Sports,Silver,5,1980,57.08,10.25,256.15,2026-07-31
TXN-0002671,Roger Petty,East,Clothing,Bronze,1,2002,57.22,2.07,56.04,2024-03-29
TXN-0002672,John Payne,East,Sports,Bronze,3,1970,86.56,5.57,245.22,2025-09-19
TXN-0002673,Jamie Lee,South,Electronics,Bronze,2,1977,149.08,1.44,293.87,2025-01-16
TXN-0002674,Steven Gardner,East,Home,Gold,3,1983,58.86,12.92,153.77,2024-06-02
TXN-0002675,Kevin Barber,East,Clothing,Bronze,5,1995,48.7,1.03,240.99,2025-06-18
TXN-0002676,Kenneth Williams,East,Electronics,Bronze,3,1978,237.13,0.7,706.41,2026-08-28
TXN-0002677,Elizabeth Williams,East,Electronics,Bronze,2,1970,94.58,2.81,183.84,2025-11-16
TXN-0002678,Jessica Mitchell,West,Grocery,Silver,5,2005,31.85,5.92,149.82,2026-09-24
TXN-0002679,Jesse Fleming,West,Electronics,Silver,2,1964,165.4,10.35,296.56,2025-01-23
TXN-0002680,Jennifer Ferguson,South,Home,Silver,3,2005,115.58,11.84,305.69,2026-09-04
TXN-0002681,Susan Figueroa,West,Sports,Silver,4,1988,51.86,11.54,183.5,2024-03-28
TXN-0002682,Mr. Thomas Jones PhD,West,Clothing,Silver,5,1955,52.2,12.39,228.66,2026-06-16
TXN-0002683,Sherry Shannon,North,Electronics,Silver,4,1987,126.73,2.98,491.81,2024-12-29
TXN-0002684,Samantha Garcia,East,Electronics,Bronze,3,2001,177.42,6.2,499.26,2025-04-20
TXN-0002685,Joseph Beltran,South,Electronics,Silver,3,1953,109.18,7.3,303.63,2026-05-09
TXN-0002686,Joshua Navarro,West,Home,Gold,8,1972,72.43,13.35,502.08,2024-09-05
TXN-0002687,Nicholas Obrien II,South,Grocery,Silver,4,2000,37.11,4.48,141.79,2024-09-02
TXN-0002688,Ronald Baxter,West,Clothing,Platinum,6,1974,68.98,18.68,336.57,2024-04-22
TXN-0002689,Sherri Charles,South,Electronics,Bronze,2,1978,182.75,0.0,365.5,2025-10-09
TXN-0002690,Michael Flores,East,Home,Silver,3,1991,102.22,8.95,279.21,2024-05-22
TXN-0002691,Darryl Christensen,Central,Clothing,Silver,11,1949,91.64,6.28,944.74,2025-09-03
TXN-0002692,Allison Floyd,South,Home,Silver,4,1976,86.1,5.18,326.56,2026-04-25
TXN-0002693,Michelle Patterson,Central,Sports,Silver,2,1947,104.09,11.67,183.89,2025-04-30
TXN-0002694,Wendy Chavez,Central,Clothing,Bronze,3,1990,24.08,2.03,70.77,2025-07-04
TXN-0002695,Jennifer Hurley,Central,Home,Gold,3,1978,86.3,9.77,233.61,2026-09-22
TXN-0002696,Jared Chan,North,Grocery,Silver,2,1971,16.15,6.94,30.06,2026-01-28
TXN-0002697,Ricky Diaz,West,Grocery,Silver,3,1970,14.98,12.99,39.1,2025-09-28
TXN-0002698,Joshua Miller,North,Grocery,Bronze,2,1990,23.32,1.54,45.92,2026-01-10
TXN-0002699,Catherine Soto,South,Grocery,Bronze,4,1995,17.17,4.83,65.36,2026-07-25
TXN-0002700,Christopher Gay,Central,Home,Gold,7,1975,85.08,10.48,533.15,2024-09-01
TXN-0002701,Mary Smith,West,Home,Bronze,2,1997,68.4,3.73,131.7,2024-10-16
TXN-0002702,William Giles,East,Grocery,Bronze,4,1952,15.68,2.72,61.01,2026-08-19
TXN-0002703,Jennifer Hernandez,South,Grocery,Bronze,3,1995,8.92,2.01,26.22,2026-04-10
TXN-0002704,Matthew Giles,West,Grocery,Silver,2,1982,16.12,5.29,30.53,2024-02-02
TXN-0002705,Kenneth Murphy,West,Clothing,Gold,8,1957,33.52,12.01,235.95,2025-12-22
TXN-0002706,Jesus Wheeler,East,Grocery,Gold,6,1987,30.91,6.4,173.59,2025-08-21
TXN-0002707,Kevin Barton,Central,Electronics,Silver,5,1988,206.84,1.35,1020.24,2025-12-26
TXN-0002708,Jeffrey Lynch,South,Electronics,Bronze,2,1960,220.24,0.0,440.48,2026-09-25
TXN-0002709,Joshua Smith,North,Clothing,Bronze,4,2005,34.64,0.0,138.56,2025-04-12
TXN-0002710,Steven Johnson,East,Clothing,Bronze,5,1986,73.75,1.0,365.06,2024-01-27
TXN-0002711,Andrew Jacobs,Central,Grocery,Silver,3,1954,14.25,5.23,40.51,2026-02-20
TXN-0002712,Mary Daniels,South,Electronics,Platinum,2,2007,176.28,16.3,295.09,2024-03-20
TXN-0002713,Linda Holt,South,Grocery,Bronze,1,1995,16.86,6.2,15.81,2024-01-01
TXN-0002714,Dorothy Anderson,North,Home,Bronze,5,1975,55.55,1.04,274.86,2026-01-25
TXN-0002715,Gail Moss,West,Electronics,Silver,2,2001,111.28,10.1,200.08,2025-11-21
TXN-0002716,Lori Holland,South,Clothing,Silver,3,1964,69.28,1.82,204.06,2024-08-07
TXN-0002717,Jesse Gardner,East,Home,Silver,4,1957,112.1,8.45,410.51,2026-03-05
TXN-0002718,Robert Durham,Central,Grocery,Silver,3,1955,11.13,10.43,29.91,2026-01-08
TXN-0002719,Jessica Kelly,North,Clothing,Bronze,3,1989,81.87,3.38,237.31,2024-05-17
TXN-0002720,Steven Morales,East,Electronics,Silver,2,1957,139.99,5.42,264.81,2024-06-09
TXN-0002721,Craig Hammond,East,Clothing,Bronze,4,1959,35.11,0.98,139.06,2025-02-18
TXN-0002722,Allison Gilbert,West,Electronics,Silver,3,1959,132.02,8.17,363.7,2025-12-14
TXN-0002723,Richard Stuart,South,Electronics,Bronze,3,1983,99.56,2.18,292.17,2025-08-14
TXN-0002724,Mark Mcpherson,South,Sports,Silver,3,1967,58.18,10.8,155.69,2024-03-26
TXN-0002725,Joseph Cruz Jr.,North,Electronics,Platinum,3,1972,135.34,16.69,338.26,2026-08-19
TXN-0002726,Suzanne Wagner,West,Electronics,Silver,2,1946,191.66,10.35,343.65,2024-08-12
TXN-0002727,Brittany Flowers,West,Grocery,Bronze,2,1972,23.92,3.01,46.4,2026-03-21
TXN-0002728,Kenneth Snyder,North,Grocery,Platinum,6,1975,26.11,20.68,124.26,2025-10-26
TXN-0002729,Rachel Patel,South,Clothing,Bronze,4,1952,72.42,1.35,285.77,2024-02-16
TXN-0002730,April Schneider,Central,Home,Gold,4,2000,46.23,16.7,154.04,2025-11-28
TXN-0002731,Rebecca Wood,North,Sports,Bronze,5,2005,45.23,0.0,226.15,2025-08-20
TXN-0002732,Sonya Alvarado,South,Electronics,Gold,3,1974,234.96,8.96,641.72,2023-12-23
TXN-0002733,Nicole Price,East,Clothing,Bronze,2,1946,46.72,2.07,91.51,2025-09-01
TXN-0002734,Evelyn Bryant,South,Grocery,Bronze,4,1977,17.15,0.0,68.6,2024-04-19
TXN-0002735,Michael Jackson,South,Grocery,Platinum,3,1949,22.46,21.01,53.22,2025-12-03
TXN-0002736,Casey Francis,East,Sports,Silver,2,1981,117.82,13.63,203.52,2025-07-04
TXN-0002737,Debra White,North,Clothing,Bronze,2,1959,64.84,2.25,126.76,2025-09-06
TXN-0002738,Julia Long,East,Sports,Bronze,3,2006,55.51,2.68,162.07,2026-02-20
TXN-0002739,Ronald Carr,West,Clothing,Bronze,2,1976,35.88,7.52,66.36,2023-12-26
TXN-0002740,David Lynn,East,Grocery,Bronze,3,1963,12.38,3.32,35.91,2026-02-12
TXN-0002741,Nancy Bradford,North,Sports,Silver,2,1984,115.13,10.69,205.65,2025-09-15
TXN-0002742,Sandra Walker,West,Electronics,Silver,3,2005,216.23,6.03,609.57,2026-08-08
TXN-0002743,Kimberly Valenzuela,North,Electronics,Gold,8,1958,162.6,12.78,1134.56,2025-01-18
TXN-0002744,Ashley Sullivan,West,Home,Gold,2,1993,54.65,10.64,97.67,2023-10-31
TXN-0002745,Michael Moon,South,Grocery,Gold,2,2002,24.6,14.57,42.03,2025-06-04
TXN-0002746,Philip Bowen,West,Electronics,Silver,7,1972,170.96,8.66,1093.08,2024-10-27
TXN-0002747,Cassandra Landry,South,Grocery,Silver,4,2003,13.76,9.47,49.83,2023-10-02
TXN-0002748,Wayne Jackson,North,Clothing,Silver,4,1998,53.97,8.48,197.57,2024-08-31
TXN-0002749,Connie Neal,East,Clothing,Bronze,1,1977,65.68,1.49,64.7,2026-03-14
TXN-0002750,Lawrence Parks,North,Clothing,Bronze,4,2005,47.06,3.9,180.9,2024-01-19
TXN-0002751,Scott Ayers,South,Sports,Gold,4,1956,52.19,18.14,170.89,2023-12-07
TXN-0002752,Michael Wood,West,Electronics,Silver,6,2004,170.93,7.43,949.38,2025-07-17
TXN-0002753,Matthew Stone,West,Home,Bronze,3,1964,98.3,0.0,294.9,2025-03-16
TXN-0002754,Tiffany Hansen,North,Electronics,Silver,5,1973,82.47,3.53,397.79,2026-09-20
TXN-0002755,Frank Freeman,Central,Sports,Bronze,1,1963,73.13,2.83,71.06,2024-01-05
TXN-0002756,Samantha Walker,West,Grocery,Silver,4,2002,13.4,3.97,51.47,2026-01-15
TXN-0002757,Mark Wilson,West,Electronics,Bronze,2,1963,189.05,0.24,377.19,2023-12-30
TXN-0002758,Kayla Ray,West,Clothing,Gold,4,1989,30.3,11.14,107.7,2024-01-13
TXN-0002759,Ashley Olson,West,Clothing,Silver,3,1978,35.22,8.38,96.81,2025-09-30
TXN-0002760,Mr. Joseph Bush,East,Clothing,Bronze,6,1949,24.22,7.55,134.35,2023-11-16
TXN-0002761,Debra Johnson,West,Grocery,Gold,3,1993,20.81,7.78,57.57,2024-12-16
TXN-0002762,Christine Parker,Central,Home,Gold,4,1947,53.26,16.58,177.72,2025-06-24
TXN-0002763,Jesse Murphy,North,Clothing,Gold,2,1956,34.58,16.43,57.8,2024-07-03
TXN-0002764,Brian Daniel,South,Grocery,Silver,4,1970,17.43,7.93,64.19,2024-04-25
TXN-0002765,Stephen Roth,North,Home,Bronze,4,1972,85.12,1.27,336.16,2026-06-20
TXN-0002766,Ryan Warren,Central,Electronics,Silver,4,1985,199.95,9.66,722.54,2026-06-27
TXN-0002767,Jeffery York,East,Electronics,Gold,3,1948,207.13,13.2,539.37,2025-07-12
TXN-0002768,Tyler Baker,West,Clothing,Platinum,7,2001,81.69,19.44,460.67,2025-05-01
TXN-0002769,Melissa Schneider,West,Home,Silver,2,1947,158.37,0.67,314.62,2025-05-14
TXN-0002770,Trevor Sparks,Central,Electronics,Silver,2,1947,230.47,8.61,421.25,2025-08-24
TXN-0002771,Hector Bryant,North,Home,Bronze,2,1991,101.11,6.88,188.31,2025-05-06
TXN-0002772,Theresa Martinez,West,Clothing,Bronze,2,1962,59.35,0.0,118.7,2025-05-03
TXN-0002773,Kaitlyn Brown,Central,Grocery,Bronze,4,1960,22.34,0.0,89.36,2024-01-30
TXN-0002774,Bonnie Woods,North,Electronics,Bronze,2,1992,78.88,0.35,157.21,2026-08-23
TXN-0002775,Carlos Kirk,West,Home,Silver,4,1983,85.26,6.02,320.51,2026-07-22
TXN-0002776,Selena Bailey,South,Electronics,Bronze,5,1967,84.4,0.0,422.0,2026-01-12
TXN-0002777,Chad Rivera,East,Clothing,Silver,4,1964,42.53,11.43,150.68,2024-04-21
TXN-0002778,Rhonda Patterson,East,Electronics,Silver,5,1982,95.45,13.98,410.53,2026-07-09
TXN-0002779,Frederick Mejia,South,Home,Bronze,7,1999,103.12,2.77,701.85,2025-03-21
TXN-0002780,Rebecca Cole,North,Grocery,Silver,9,1970,22.21,4.67,190.56,2024-03-30
TXN-0002781,Edwin Jackson,North,Electronics,Bronze,2,1972,244.89,2.55,477.29,2024-07-01
TXN-0002782,George Rogers DDS,North,Grocery,Bronze,4,1958,12.83,0.0,51.32,2026-01-09
TXN-0002783,Kimberly Morgan,East,Home,Platinum,3,1978,71.49,19.25,173.18,2025-05-30
TXN-0002784,Tracey Hogan,South,Home,Bronze,5,1948,131.47,3.9,631.71,2025-12-27
TXN-0002785,Micheal Austin,South,Home,Bronze,5,1996,75.23,4.28,360.05,2024-04-12
TXN-0002786,Carl Rubio,West,Clothing,Silver,6,1978,42.77,8.94,233.68,2024-09-07
TXN-0002787,Tracy Burnett,West,Grocery,Bronze,3,1963,23.1,0.34,69.06,2023-10-03
TXN-0002788,Gary Taylor,East,Grocery,Bronze,4,1956,21.58,2.45,84.21,2023-11-02
TXN-0002789,Sonya Williams,Central,Grocery,Silver,6,1961,25.16,5.76,142.26,2025-01-03
TXN-0002790,Jacqueline Hall,South,Clothing,Silver,2,1949,65.11,10.06,117.12,2025-09-16
TXN-0002791,Crystal Mullen,West,Grocery,Silver,2,2005,15.68,8.45,28.71,2026-08-09
TXN-0002792,Shawn Ware,North,Electronics,Gold,4,1964,258.83,18.79,840.78,2026-01-20
TXN-0002793,Rebecca Oneill,West,Home,Bronze,3,2003,122.6,3.14,356.25,2025-07-17
TXN-0002794,Aaron Morgan,Central,Electronics,Silver,2,2003,159.04,4.0,305.36,2026-01-01
TXN-0002795,Damon Schultz,West,Electronics,Bronze,4,1945,218.19,0.0,872.76,2025-05-09
TXN-0002796,Catherine Garcia,East,Home,Bronze,1,1980,89.58,2.55,87.3,2024-09-18
TXN-0002797,Samuel Warren,East,Grocery,Platinum,5,1994,13.01,11.83,57.35,2024-10-16
TXN-0002798,Kevin Carney,South,Electronics,Silver,3,1960,166.32,5.57,471.17,2025-09-12
TXN-0002799,Jonathan Jefferson DVM,West,Home,Bronze,2,2006,176.62,0.0,353.24,2025-03-18
TXN-0002800,Jerry Walsh,West,Home,Bronze,3,1984,129.58,0.0,388.74,2024-05-25
TXN-0002801,Travis Day,Central,Sports,Bronze,5,1994,86.75,2.48,422.99,2024-11-29
TXN-0002802,Aaron Diaz,East,Grocery,Silver,3,1993,13.15,3.36,38.12,2024-07-16
TXN-0002803,Nancy Jackson,North,Electronics,Bronze,2,1953,105.76,0.0,211.52,2024-03-21
TXN-0002804,Daniel Benjamin,East,Electronics,Gold,4,1998,146.88,14.7,501.15,2023-11-17
TXN-0002805,Renee Thompson,North,Home,Bronze,3,1952,72.76,0.7,216.75,2026-07-19
TXN-0002806,Rose Mclaughlin,South,Electronics,Bronze,3,2007,161.0,3.15,467.79,2025-07-10
TXN-0002807,Arthur Gonzalez,South,Sports,Platinum,8,1984,79.07,20.59,502.32,2026-05-10
TXN-0002808,Ryan Smith,West,Sports,Gold,3,1983,45.59,14.83,116.49,2023-10-22
TXN-0002809,Brandon Bennett,North,Sports,Bronze,3,2004,55.94,2.72,163.26,2024-10-05
TXN-0002810,Brandon Sanchez,North,Clothing,Silver,2,1972,48.58,9.02,88.4,2024-08-13
TXN-0002811,Christopher Robbins,North,Grocery,Gold,6,1976,20.97,18.91,102.03,2024-01-10
TXN-0002812,Alexander Martin,Central,Grocery,Silver,4,1987,21.25,8.14,78.08,2024-03-02
TXN-0002813,Joseph Miller,West,Electronics,Silver,4,1959,111.44,8.94,405.91,2026-04-07
TXN-0002814,Richard Yoder,North,Clothing,Silver,4,1951,35.83,7.37,132.76,2023-11-19
TXN-0002815,Frank Francis,North,Electronics,Gold,3,2006,114.88,6.36,322.72,2025-08-21
TXN-0002816,Mark Webb,East,Clothing,Silver,4,1991,72.68,6.51,271.79,2026-04-13
TXN-0002817,Scott Mcmahon,South,Sports,Bronze,5,1980,63.54,6.69,296.45,2026-08-06
TXN-0002818,Luke Dixon,East,Grocery,Silver,2,1962,18.68,8.69,34.11,2026-09-24
TXN-0002819,Mckenzie Chavez,South,Clothing,Silver,3,1995,63.64,5.3,180.8,2023-12-12
TXN-0002820,Kristen Blair,Central,Home,Silver,3,1986,138.31,8.29,380.53,2024-10-12
TXN-0002821,Joshua White,South,Electronics,Bronze,3,1972,104.37,0.0,313.11,2023-12-05
TXN-0002822,Bryan Harrison,West,Clothing,Silver,3,1974,84.09,9.41,228.53,2025-06-13
TXN-0002823,Michael Gonzalez,North,Electronics,Silver,2,2004,195.87,5.29,371.02,2025-08-09
TXN-0002824,Monica Frost,Central,Home,Platinum,4,1960,161.33,20.59,512.45,2024-09-26
TXN-0002825,Tracy Frye,Central,Grocery,Bronze,3,1949,29.44,0.0,88.32,2026-01-13
TXN-0002826,Erika Thompson,West,Grocery,Silver,2,1993,18.7,7.75,34.5,2024-08-30
TXN-0002827,Latasha Mendez,East,Grocery,Silver,5,1959,13.85,0.0,69.25,2023-12-24
TXN-0002828,Sierra Moses,South,Electronics,Bronze,3,2000,201.64,0.48,602.02,2024-05-02
TXN-0002829,Rebecca Sandoval,West,Grocery,Silver,4,1982,12.17,4.32,46.58,2025-11-18
TXN-0002830,Margaret Young,West,Electronics,Bronze,3,1980,172.58,0.0,517.74,2024-12-20
TXN-0002831,Cynthia Jackson,South,Clothing,Gold,3,1960,42.39,0.95,125.96,2024-09-25
TXN-0002832,Michaela Sanchez,East,Home,Silver,3,1997,82.71,4.58,236.77,2026-03-10
TXN-0002833,Stephanie Harris,East,Electronics,Bronze,6,1993,74.56,2.9,434.39,2025-02-04
TXN-0002834,Elizabeth Butler,West,Electronics,Silver,3,1997,155.36,3.86,448.09,2026-03-13
TXN-0002835,Matthew Mclaughlin PhD,West,Clothing,Platinum,7,1978,57.36,21.6,314.79,2026-04-13
TXN-0002836,Robert Roberts,East,Electronics,Bronze,4,1960,132.79,5.13,503.91,2026-08-07
TXN-0002837,Laura Green,East,Sports,Gold,2,1980,72.82,14.01,125.24,2025-02-07
TXN-0002838,Robert Hampton,South,Clothing,Bronze,3,1983,37.64,3.32,109.17,2024-09-30
TXN-0002839,Molly White,South,Home,Bronze,3,1957,118.23,2.91,344.37,2025-01-08
TXN-0002840,Roger Valencia,North,Sports,Silver,3,2007,75.66,8.89,206.8,2024-05-07
TXN-0002841,Cody Thompson,West,Home,Bronze,1,1971,197.01,0.0,197.01,2026-07-19
TXN-0002842,Anthony Wright,South,Clothing,Gold,5,1952,60.92,9.97,274.23,2025-12-15
TXN-0002843,Julie Rose,South,Sports,Silver,5,1993,85.74,4.06,411.29,2024-09-05
TXN-0002844,Mr. John Woodard MD,South,Electronics,Silver,3,1985,135.76,9.32,369.32,2025-07-01
TXN-0002845,Kristin Herman,South,Electronics,Silver,5,1948,242.85,4.01,1165.56,2025-01-06
TXN-0002846,Chase Burnett,East,Home,Silver,1,1968,77.47,5.93,72.88,2024-11-28
TXN-0002847,Annette Mcguire,South,Clothing,Gold,4,1951,100.72,11.46,356.71,2023-12-31
TXN-0002848,Richard Roy,North,Grocery,Silver,4,1969,32.63,7.57,120.64,2026-02-08
TXN-0002849,Carrie Ware,West,Electronics,Gold,7,1948,133.74,15.14,794.44,2026-04-04
TXN-0002850,Julian Obrien,South,Home,Silver,2,1948,81.69,9.14,148.45,2024-06-26
TXN-0002851,Stacey Stone,South,Grocery,Bronze,4,1996,13.96,0.0,55.84,2026-05-27
TXN-0002852,Laura Bailey,South,Sports,Silver,5,1962,46.97,8.17,215.66,2026-08-17
TXN-0002853,Patrick Bush,West,Electronics,Silver,5,1991,177.33,6.79,826.45,2025-07-22
TXN-0002854,Jose Lopez,South,Clothing,Bronze,2,1998,55.09,2.56,107.36,2026-02-07
TXN-0002855,Jennifer Brown,West,Sports,Bronze,4,1988,94.53,0.77,375.21,2025-11-05
TXN-0002856,Nicole Bright,Central,Home,Bronze,2,1948,88.43,0.0,176.86,2023-12-09
TXN-0002857,Christina Ramirez,West,Electronics,Bronze,6,1996,217.12,5.34,1233.15,2025-03-16
TXN-0002858,Thomas Brewer,South,Electronics,Gold,7,1964,157.34,12.24,966.57,2026-06-23
TXN-0002859,Sarah Berry,West,Grocery,Gold,4,1987,16.81,17.22,55.66,2026-08-05
TXN-0002860,Austin Conley,East,Home,Bronze,4,2007,92.79,1.84,364.33,2025-05-12
TXN-0002861,Daniel Luna,South,Home,Platinum,7,1948,117.42,19.93,658.13,2025-12-20
TXN-0002862,Sharon Johnson,East,Grocery,Platinum,2,1954,15.82,17.53,26.09,2025-02-04
TXN-0002863,Kenneth Maxwell,South,Clothing,Gold,4,1997,75.58,12.9,263.32,2026-09-13
TXN-0002864,Laurie Bailey,North,Electronics,Bronze,6,1993,123.62,5.19,703.22,2025-07-05
TXN-0002865,Eric Woods,South,Home,Bronze,2,2004,80.63,1.51,158.82,2025-06-23
TXN-0002866,Nancy Lee,North,Sports,Silver,5,2007,39.04,7.69,180.19,2024-05-16
TXN-0002867,Christina Smith,South,Clothing,Silver,2,1949,48.81,12.66,85.26,2025-01-05
TXN-0002868,John Clark,East,Grocery,Silver,3,2001,12.15,2.78,35.44,2025-05-04
TXN-0002869,Anna Ponce,Central,Electronics,Silver,4,1957,194.25,3.71,748.17,2024-07-09
TXN-0002870,Anthony Hernandez,North,Electronics,Gold,8,1998,191.2,14.05,1314.69,2026-01-10
TXN-0002871,Daniel Wilson,East,Sports,Platinum,7,1984,114.82,14.0,691.22,2025-10-02
TXN-0002872,Melody Stevens,East,Electronics,Silver,4,2007,286.21,8.78,1044.32,2024-10-06
TXN-0002873,Matthew Brown,North,Electronics,Gold,7,2006,151.14,10.19,950.17,2024-09-12
TXN-0002874,Nichole Davis,South,Grocery,Gold,3,1962,13.9,11.41,36.94,2025-01-07
TXN-0002875,James Anderson,North,Clothing,Bronze,3,1977,64.81,4.96,184.79,2024-05-09
TXN-0002876,Bryan Griffith,South,Clothing,Gold,2,2005,48.02,8.6,87.78,2025-09-16
TXN-0002877,Nathan Stanley,South,Grocery,Bronze,5,1993,14.57,0.0,72.85,2023-12-26
TXN-0002878,Olivia Randolph,South,Electronics,Bronze,5,1979,159.04,0.0,795.2,2026-02-17
TXN-0002879,Marcus Blair,East,Grocery,Platinum,4,1989,14.65,20.98,46.31,2025-06-30
TXN-0002880,Kenneth Reynolds,North,Clothing,Silver,4,1951,113.09,9.94,407.4,2025-07-06
TXN-0002881,Joshua Guerrero,North,Electronics,Silver,3,1990,145.89,3.23,423.53,2026-02-09
TXN-0002882,Shawn Shepherd,North,Grocery,Platinum,4,1999,17.81,23.71,54.35,2025-12-29
TXN-0002883,Ashley Duran,East,Clothing,Bronze,7,1972,73.01,1.75,502.13,2024-04-23
TXN-0002884,Brian Mitchell,South,Grocery,Bronze,3,1953,38.74,2.11,113.77,2025-05-23
TXN-0002885,Melanie Garrett,East,Sports,Bronze,4,1951,69.31,5.21,262.8,2024-10-09
TXN-0002886,George Smith,South,Grocery,Silver,4,1956,9.35,0.73,37.13,2024-10-28
TXN-0002887,Vicki Hernandez,North,Clothing,Bronze,4,1981,53.55,4.22,205.16,2024-08-08
TXN-0002888,Carl Larsen,Central,Electronics,Bronze,3,1945,88.07,0.0,264.21,2025-02-22
TXN-0002889,Mercedes Richardson,North,Sports,Gold,2,2007,62.6,7.25,116.12,2026-06-28
TXN-0002890,Mikayla Franco,North,Home,Bronze,4,1968,152.01,0.0,608.04,2024-01-28
TXN-0002891,Patrick Rios,North,Grocery,Silver,3,1975,13.6,8.96,37.14,2025-08-26
TXN-0002892,Cindy Estrada,Central,Grocery,Bronze,3,1971,12.48,4.17,35.88,2025-04-26
TXN-0002893,Bethany Neal,East,Clothing,Silver,6,1988,74.27,9.91,401.46,2024-02-18
TXN-0002894,Alan Davis DVM,East,Electronics,Silver,3,1961,148.24,6.67,415.06,2026-01-07
TXN-0002895,Donald Coleman,Central,Home,Silver,4,1999,137.45,5.48,519.67,2024-07-19
TXN-0002896,Gabriel Richardson,North,Home,Bronze,3,1996,81.62,3.54,236.19,2023-12-17
TXN-0002897,Thomas Lewis,Central,Clothing,Bronze,4,1992,68.93,1.26,272.25,2024-11-18
TXN-0002898,Todd Beasley,South,Home,Bronze,2,2000,52.45,2.5,102.28,2025-05-05
TXN-0002899,Allison Branch,East,Grocery,Bronze,3,1992,12.98,1.51,38.35,2026-08-09
TXN-0002900,Jenny Cox,South,Clothing,Silver,4,1963,51.56,6.57,192.69,2026-04-24
TXN-0002901,David Simpson,South,Clothing,Bronze,4,1987,47.75,8.88,174.04,2026-04-21
TXN-0002902,Kyle Brown,Central,Grocery,Bronze,4,1977,43.15,4.92,164.11,2023-11-28
TXN-0002903,Tracey Reynolds,North,Grocery,Bronze,1,1988,25.69,3.44,24.81,2024-01-19
TXN-0002904,Alison Perez,Central,Sports,Gold,4,2004,106.04,11.42,375.72,2024-07-16
TXN-0002905,Douglas Santos,South,Electronics,Silver,4,1949,150.72,6.98,560.8,2026-03-28
TXN-0002906,Grace Green,East,Sports,Silver,3,1956,46.06,10.2,124.09,2026-08-06
TXN-0002907,Samantha Cohen,Central,Grocery,Silver,4,2004,32.33,7.4,119.75,2026-02-12
TXN-0002908,Courtney Page,North,Grocery,Bronze,5,1958,10.21,0.36,50.87,2024-08-30
TXN-0002909,David Martinez,Central,Clothing,Bronze,5,1975,45.37,0.0,226.85,2025-10-11
TXN-0002910,Susan Sullivan,East,Electronics,Bronze,3,1968,195.56,0.47,583.92,2024-08-17
TXN-0002911,Thomas Bowman MD,West,Home,Silver,3,1997,224.25,9.16,611.13,2025-02-26
TXN-0002912,Elizabeth Brown,North,Clothing,Bronze,6,1960,101.14,0.0,606.84,2025-01-10
TXN-0002913,Michael Bolton,East,Clothing,Bronze,3,1954,68.4,6.89,191.06,2023-10-21
TXN-0002914,Jeffery Thompson,West,Sports,Gold,2,1947,159.12,13.63,274.86,2024-08-22
TXN-0002915,John Rodriguez,East,Electronics,Silver,1,1964,134.61,11.67,118.9,2024-07-19
TXN-0002916,Danielle Hamilton,North,Sports,Bronze,6,2001,87.82,1.48,519.12,2024-03-28
TXN-0002917,Justin Hammond,South,Home,Gold,4,1998,149.98,5.06,569.56,2025-10-10
TXN-0002918,Kayla Williams,West,Grocery,Bronze,3,1948,11.02,0.37,32.94,2024-10-08
TXN-0002919,Thomas Sparks,North,Clothing,Bronze,4,2006,62.74,0.0,250.96,2026-09-12
TXN-0002920,Ashlee Ross,West,Home,Bronze,6,1967,105.07,0.0,630.42,2026-04-23
TXN-0002921,Ann Martin,Central,Home,Platinum,2,1953,103.92,21.4,163.36,2026-09-25
TXN-0002922,Kimberly Black,North,Sports,Bronze,3,1951,52.05,0.0,156.15,2024-08-10
TXN-0002923,Meagan West,North,Electronics,Gold,1,1963,186.38,7.67,172.08,2025-06-05
TXN-0002924,Andre Cortez,West,Electronics,Silver,1,1966,177.37,4.49,169.41,2024-10-03
TXN-0002925,Michele Ford,North,Sports,Silver,6,1985,61.88,9.61,335.6,2026-02-01
TXN-0002926,Andrew Chavez,East,Electronics,Bronze,5,1951,210.23,0.76,1043.16,2025-02-08
TXN-0002927,Joel Perez,West,Home,Bronze,4,1977,144.39,0.0,577.56,2024-12-10
TXN-0002928,Anthony Berg,East,Electronics,Silver,7,1952,125.09,5.24,829.75,2025-05-11
TXN-0002929,Joseph Hill,South,Electronics,Bronze,1,1984,190.28,5.48,179.85,2025-09-21
TXN-0002930,Robert Thompson,West,Home,Silver,4,1985,145.93,8.35,534.98,2026-01-03
TXN-0002931,Allison Cunningham,East,Home,Bronze,3,1988,146.87,3.51,425.14,2026-07-01
TXN-0002932,Joseph Rice,South,Home,Gold,4,1972,85.25,14.3,292.24,2025-04-08
TXN-0002933,Jeffery Jordan,East,Home,Silver,4,1971,130.98,0.86,519.41,2025-01-19
TXN-0002934,Allen Martinez,Central,Grocery,Silver,1,1962,16.53,6.21,15.5,2024-11-07
TXN-0002935,Cristian Lambert,West,Sports,Silver,4,2003,99.85,10.16,358.82,2025-04-08
TXN-0002936,Christina Powell,East,Clothing,Bronze,3,2005,42.46,0.0,127.38,2025-12-02
TXN-0002937,Tamara Gonzales,South,Clothing,Bronze,1,1951,32.29,0.0,32.29,2025-11-08
TXN-0002938,Jeffrey Long,North,Clothing,Bronze,3,2006,66.27,0.0,198.81,2025-09-20
TXN-0002939,Angela Richards,South,Grocery,Silver,6,1979,24.49,4.0,141.06,2024-02-28
TXN-0002940,Sandra Lyons,North,Clothing,Bronze,2,1983,70.42,1.75,138.38,2025-09-26
TXN-0002941,Andrew Whitney,Central,Grocery,Bronze,2,1987,13.52,0.0,27.04,2025-02-06
TXN-0002942,Jeffery Collins,South,Clothing,Bronze,6,1957,23.14,3.37,134.16,2024-08-08
TXN-0002943,Kevin Fischer,West,Home,Bronze,3,2004,122.19,9.42,332.04,2025-04-25
TXN-0002944,Amber Chapman,North,Grocery,Silver,3,2003,29.99,4.62,85.81,2025-01-26
TXN-0002945,Becky King,South,Home,Silver,8,1970,46.37,1.68,364.73,2025-07-02
TXN-0002946,Matthew Richards,South,Home,Silver,3,1968,80.87,5.11,230.21,2023-12-08
TXN-0002947,Teresa Jones,South,Clothing,Bronze,6,2001,39.63,3.51,229.43,2026-02-17
TXN-0002948,Nicole Hodge,West,Home,Silver,5,1975,98.1,7.15,455.43,2024-09-05
TXN-0002949,Debra Smith,Central,Clothing,Silver,7,1962,87.81,9.2,558.12,2024-05-11
TXN-0002950,Zachary Jones,Central,Grocery,Gold,4,1991,16.59,11.64,58.64,2023-10-23
TXN-0002951,Amanda Bishop,North,Clothing,Gold,1,1946,46.07,13.76,39.73,2024-11-06
TXN-0002952,Rhonda Evans,West,Electronics,Gold,8,1991,183.46,21.6,1150.66,2026-02-03
TXN-0002953,Samantha Noble,North,Electronics,Gold,5,1986,76.08,11.22,337.72,2026-03-23
TXN-0002954,Larry Fritz,Central,Home,Gold,3,1973,120.67,12.58,316.47,2026-03-15
TXN-0002955,Maria Gonzalez,East,Sports,Silver,1,1979,108.6,8.2,99.69,2025-07-07
TXN-0002956,Melinda Cervantes,South,Clothing,Silver,2,1978,55.09,15.36,93.26,2024-12-29
TXN-0002957,Justin Carter,North,Clothing,Silver,7,1960,47.15,9.62,298.3,2024-05-21
TXN-0002958,James Garcia,North,Clothing,Bronze,2,2006,49.84,1.99,97.7,2024-07-28
TXN-0002959,Dustin Williams,South,Sports,Bronze,2,1976,68.06,0.01,136.11,2025-02-21
TXN-0002960,Derek Hall,Central,Grocery,Gold,1,1976,17.64,17.33,14.58,2024-09-19
TXN-0002961,Frank White,West,Electronics,Silver,3,1983,92.67,6.32,260.44,2025-05-10
TXN-0002962,Tracy Santiago,Central,Home,Bronze,3,1989,104.03,6.96,290.37,2026-03-01
TXN-0002963,Lauren Barr,North,Grocery,Bronze,3,1974,15.83,0.7,47.16,2024-10-13
TXN-0002964,Jill Smith DDS,East,Grocery,Bronze,4,1958,18.13,0.0,72.52,2025-11-11
TXN-0002965,Carmen Jordan,South,Home,Bronze,4,1970,73.52,0.0,294.08,2026-01-30
TXN-0002966,Mary Johnson DDS,East,Grocery,Silver,6,1984,20.57,8.42,113.03,2026-07-10
TXN-0002967,Sally Fernandez,South,Home,Silver,5,1960,143.32,0.28,714.59,2026-08-26
TXN-0002968,Brandon Brown,South,Electronics,Silver,4,1956,172.12,11.01,612.68,2025-03-05
TXN-0002969,Maurice Johnson,East,Electronics,Bronze,3,1954,90.22,0.0,270.66,2024-10-31
TXN-0002970,Lori Davis,North,Clothing,Silver,6,1968,55.08,0.24,329.69,2025-10-26
TXN-0002971,Taylor Acevedo,East,Electronics,Bronze,2,1994,172.19,1.46,339.35,2026-06-20
TXN-0002972,Cynthia Cohen,West,Clothing,Bronze,4,1973,53.96,4.96,205.13,2025-10-29
TXN-0002973,Laura Larson,North,Grocery,Silver,5,1964,13.77,6.2,64.58,2025-09-12
TXN-0002974,Penny West,Central,Grocery,Bronze,2,1987,17.71,4.29,33.9,2024-06-15
TXN-0002975,Brian Daugherty,East,Electronics,Gold,5,1994,214.8,13.74,926.43,2025-03-28
TXN-0002976,Monica Medina,West,Electronics,Silver,4,1950,144.26,9.01,525.05,2024-06-16
TXN-0002977,Tracey Reilly,West,Grocery,Bronze,4,2004,29.18,7.14,108.39,2024-05-02
TXN-0002978,Robin York,West,Home,Bronze,4,1951,71.68,0.0,286.72,2026-01-24
TXN-0002979,Tanya Shannon,West,Electronics,Bronze,6,1990,111.53,2.16,654.73,2025-10-25
TXN-0002980,Charles Chang,Central,Grocery,Bronze,3,1948,16.6,0.0,49.8,2024-07-09
TXN-0002981,Spencer Kelly,East,Electronics,Gold,4,1963,78.54,17.41,259.46,2026-01-17
TXN-0002982,Tammy Duncan,South,Electronics,Silver,6,1969,159.52,5.43,905.15,2026-06-21
TXN-0002983,Jonathon Kim,North,Grocery,Gold,1,1957,16.03,12.82,13.97,2023-12-28
TXN-0002984,Christopher Cain,East,Home,Silver,4,1957,114.47,5.49,432.74,2025-12-19
TXN-0002985,Anthony Wells,North,Clothing,Gold,6,1967,30.24,10.25,162.84,2023-11-19
TXN-0002986,Brandon Kirby,South,Grocery,Gold,5,1993,23.53,15.27,99.68,2024-01-21
TXN-0002987,Jamie Miller,North,Sports,Bronze,1,1975,79.16,3.61,76.3,2026-08-01
TXN-0002988,Anna Wong,East,Electronics,Bronze,3,1996,278.67,0.0,836.01,2023-12-12
TXN-0002989,Christopher Macdonald,North,Home,Bronze,4,1995,84.8,7.69,313.12,2023-10-07
TXN-0002990,Leslie Moody,East,Electronics,Bronze,3,1960,180.3,4.62,515.91,2025-06-29
TXN-0002991,Jessica Mckee,West,Home,Silver,5,1973,112.38,12.27,492.95,2024-04-28
TXN-0002992,Nicholas Myers,West,Clothing,Bronze,3,1983,26.99,0.0,80.97,2026-06-03
TXN-0002993,Meagan Charles,South,Clothing,Gold,2,1962,81.14,10.43,145.35,2024-09-21
TXN-0002994,Amber Williams,East,Electronics,Bronze,4,1975,152.93,5.03,580.95,2024-01-11
TXN-0002995,Micheal Green,East,Grocery,Gold,2,1963,11.54,8.35,21.15,2024-05-19
TXN-0002996,Rachel Henderson,East,Clothing,Bronze,3,1957,53.57,0.19,160.4,2023-10-12
TXN-0002997,Andrew Lam,West,Sports,Bronze,5,1949,113.0,0.0,565.0,2024-09-01
TXN-0002998,Cassandra Mitchell,South,Clothing,Gold,3,1985,48.79,14.04,125.82,2025-11-21
TXN-0002999,Melissa Grant,Central,Grocery,Silver,4,1975,18.67,5.45,70.61,2025-09-05
TXN-0003000,James Rodriguez,North,Home,Silver,3,1991,44.67,3.11,129.84,2025-04-29
TXN-0003001,Lauren Trevino,West,Clothing,Gold,2,1949,40.77,18.73,66.27,2023-12-30
TXN-0003002,Margaret White,East,Grocery,Bronze,1,1997,23.06,3.94,22.15,2026-05-14
TXN-0003003,Stacey Howe,South,Grocery,Bronze,4,2005,26.07,3.87,100.24,2026-06-14
TXN-0003004,Diane Bishop,West,Home,Bronze,4,1964,96.9,2.36,378.45,2026-07-29
TXN-0003005,David Baker,North,Clothing,Bronze,3,2006,67.47,4.67,192.96,2026-05-12
TXN-0003006,Allison Chavez,West,Home,Platinum,4,1954,78.23,21.62,245.27,2025-10-17
TXN-0003007,Austin Smith,East,Home,Gold,4,1978,90.65,6.31,339.72,2026-07-18
TXN-0003008,Ashley Thomas,North,Clothing,Bronze,6,2003,37.94,8.53,208.22,2025-10-24
TXN-0003009,Mrs. Olivia Petersen,North,Grocery,Silver,3,1972,15.16,12.95,39.59,2023-10-22
TXN-0003010,Joshua Martinez,West,Clothing,Gold,3,2003,54.46,11.23,145.03,2023-10-08
TXN-0003011,Laura Clarke,South,Home,Bronze,2,1957,52.07,0.0,104.14,2026-01-01
TXN-0003012,Joseph Patel,Central,Home,Bronze,5,1963,208.06,0.0,1040.3,2026-01-31
TXN-0003013,Lisa Beard,West,Sports,Gold,4,1985,58.61,9.15,212.99,2025-06-27
TXN-0003014,David Mendoza,West,Clothing,Silver,3,1948,59.2,7.89,163.59,2023-10-16
TXN-0003015,Nicole Wallace DDS,South,Electronics,Bronze,3,1960,103.29,0.42,308.57,2023-10-23
TXN-0003016,Marcus Brown,West,Electronics,Silver,5,1989,55.53,4.73,264.52,2025-12-28
TXN-0003017,Daniel Gallegos,Central,Grocery,Bronze,2,1953,32.78,4.06,62.9,2024-11-27
TXN-0003018,Nicole Hardy,North,Clothing,Silver,3,1967,56.1,6.49,157.38,2026-01-07
TXN-0003019,Pedro Greene,South,Clothing,Silver,3,1980,25.7,10.23,69.21,2024-12-16
TXN-0003020,Yvette Marks,South,Electronics,Bronze,5,1992,111.72,1.71,549.05,2023-10-24
TXN-0003021,Ashley Lewis,South,Sports,Gold,3,1977,154.7,18.83,376.71,2025-11-16
TXN-0003022,Stephanie Peterson,West,Clothing,Silver,6,1949,65.11,14.76,333.0,2026-09-16
TXN-0003023,Mrs. Dawn Hawkins,East,Home,Silver,2,1982,36.48,7.75,67.31,2026-08-10
TXN-0003024,Gary Greer,East,Electronics,Silver,5,1973,133.75,5.81,629.9,2025-07-27
TXN-0003025,Christopher Knox,South,Electronics,Silver,3,1969,150.08,6.7,420.07,2024-07-02
TXN-0003026,Eric Thomas,North,Electronics,Bronze,2,1965,192.29,5.63,362.93,2024-03-12
TXN-0003027,Brent Stewart,South,Clothing,Bronze,2,1996,54.83,4.98,104.2,2024-02-24
TXN-0003028,Corey Roberts,West,Home,Gold,3,1985,49.05,6.26,137.94,2025-12-20
TXN-0003029,Keith Morales,East,Clothing,Silver,2,1947,44.06,8.87,80.3,2024-05-16
TXN-0003030,Perry Washington,South,Clothing,Bronze,3,1989,40.04,0.57,119.44,2024-10-06
TXN-0003031,Nicole Barton,West,Electronics,Platinum,8,1963,207.92,20.89,1315.88,2024-07-22
TXN-0003032,David Medina,North,Clothing,Gold,2,2004,45.48,12.92,79.21,2026-05-17
TXN-0003033,Lydia Payne,South,Electronics,Bronze,3,1973,131.76,0.53,393.19,2025-12-23
TXN-0003034,Monica Cline,South,Electronics,Bronze,1,1966,146.04,0.0,146.04,2024-10-24
TXN-0003035,Juan Davis,Central,Electronics,Silver,2,1952,118.33,1.37,233.42,2025-03-31
TXN-0003036,Devin Black,West,Grocery,Bronze,1,1953,30.52,0.95,30.23,2024-11-16
TXN-0003037,Rachel Franco DDS,East,Sports,Platinum,6,1991,111.09,19.45,536.9,2025-06-05
TXN-0003038,Lori Valentine,North,Home,Silver,3,2005,135.51,6.7,379.29,2024-01-28
TXN-0003039,Lisa Ryan,North,Electronics,Bronze,3,1969,103.9,2.84,302.85,2025-04-29
TXN-0003040,Danielle Hester,East,Sports,Silver,3,1980,84.84,4.05,244.21,2025-06-19
TXN-0003041,Luke Alexander,South,Sports,Bronze,3,2005,98.83,0.0,296.49,2025-09-10
TXN-0003042,Jane Edwards,Central,Home,Silver,4,2003,62.84,10.38,225.27,2026-02-21
TXN-0003043,Ann Peterson,West,Electronics,Bronze,2,1988,106.11,3.89,203.96,2024-10-09
TXN-0003044,Erik Keller,East,Grocery,Gold,3,1997,12.72,10.47,34.16,2026-09-15
TXN-0003045,Louis Bowen,West,Sports,Silver,3,1977,44.96,9.98,121.42,2024-09-12
TXN-0003046,Amy Mcdaniel,Central,Grocery,Gold,2,1975,25.97,9.41,47.05,2025-01-05
TXN-0003047,Isaiah Terry,East,Home,Bronze,4,1972,125.69,2.72,489.08,2026-08-25
TXN-0003048,Michael Bell,East,Home,Bronze,1,1950,80.36,2.77,78.13,2024-01-31
TXN-0003049,Blake Vega,Central,Sports,Gold,4,1983,73.34,10.72,261.91,2026-07-09
TXN-0003050,Ronnie Medina,South,Electronics,Bronze,2,1963,126.06,3.67,242.87,2026-07-03
TXN-0003051,Rhonda Clark,Central,Electronics,Bronze,2,1990,359.66,0.0,719.32,2023-11-16
TXN-0003052,Jason Fletcher,North,Grocery,Platinum,5,1989,15.45,19.85,61.92,2024-02-20
TXN-0003053,Jose Green,East,Electronics,Gold,5,1965,132.96,12.86,579.31,2025-06-18
TXN-0003054,Anthony Washington,West,Clothing,Gold,3,1991,52.59,9.08,143.44,2025-05-09
TXN-0003055,Kristopher Curtis,East,Clothing,Bronze,1,1955,34.71,4.17,33.26,2025-05-05
TXN-0003056,Chad Moreno,East,Clothing,Silver,4,1960,60.4,10.89,215.29,2026-02-02
TXN-0003057,Cassidy Carter,East,Electronics,Silver,8,1988,263.56,6.74,1966.37,2025-10-06
TXN-0003058,James Grimes,North,Home,Silver,1,1985,84.68,7.24,78.55,2023-12-24
TXN-0003059,Natalie Hawkins,South,Clothing,Bronze,7,2000,72.8,0.98,504.61,2026-06-13
TXN-0003060,Jonathan Williams,South,Home,Gold,3,1951,45.32,12.63,118.79,2023-10-12
TXN-0003061,Deborah Smith,East,Clothing,Bronze,5,1989,39.4,0.16,196.68,2026-09-23
TXN-0003062,Emily Henderson,East,Sports,Silver,4,1958,77.58,6.98,288.66,2024-06-20
TXN-0003063,Peter Morgan,South,Home,Gold,6,1966,47.13,12.04,248.73,2024-02-03
TXN-0003064,Laura Patton,Central,Sports,Gold,2,1952,84.13,18.66,136.86,2025-11-12
TXN-0003065,Francis Walker,South,Clothing,Bronze,5,1964,49.38,1.14,244.09,2025-08-02
TXN-0003066,Renee Johnson,East,Electronics,Silver,4,1957,177.48,3.58,684.5,2026-06-25
TXN-0003067,Scott Wood,South,Grocery,Silver,3,1977,16.59,0.85,49.35,2025-02-23
TXN-0003068,Sherri Logan,North,Grocery,Bronze,2,1955,16.99,5.42,32.14,2026-02-23
TXN-0003069,Cathy Barnes,West,Electronics,Bronze,1,1981,64.29,6.94,59.83,2024-02-23
TXN-0003070,Amy Sanders,East,Home,Silver,5,1990,61.41,2.79,298.48,2025-12-26
TXN-0003071,Lee Perez,North,Grocery,Gold,6,1970,21.5,15.03,109.61,2023-12-03
TXN-0003072,Michael Leonard,Central,Electronics,Platinum,3,2002,97.47,21.74,228.84,2024-09-18
TXN-0003073,Cody Thompson,West,Home,Bronze,2,1953,63.84,1.94,125.2,2024-08-21
TXN-0003074,Victor Yates,West,Clothing,Bronze,6,2005,47.2,0.0,283.2,2026-09-07
TXN-0003075,Stanley Benson,West,Electronics,Bronze,2,1982,141.81,3.66,273.24,2026-02-24
TXN-0003076,James Gallagher,Central,Grocery,Platinum,5,1969,23.13,24.5,87.32,2025-10-05
TXN-0003077,Jeanette Garcia,South,Home,Gold,3,1946,97.53,17.81,240.48,2024-11-22
TXN-0003078,Michael Garcia,East,Grocery,Platinum,4,1999,14.28,21.71,44.72,2023-12-09
TXN-0003079,William Gordon,East,Grocery,Silver,3,2004,9.88,9.94,26.69,2024-01-21
TXN-0003080,Kim Holmes,South,Sports,Bronze,3,1950,218.65,0.0,655.95,2026-08-26
TXN-0003081,Anthony Hodges,South,Clothing,Silver,3,1961,55.73,9.02,152.11,2024-12-06
TXN-0003082,Alexis Wells,North,Clothing,Bronze,4,1980,75.73,4.07,290.59,2026-01-18
TXN-0003083,Jennifer Dawson,West,Clothing,Bronze,1,1966,23.88,0.77,23.7,2026-02-19
TXN-0003084,Bethany Baxter MD,West,Home,Bronze,3,1983,79.03,2.23,231.8,2026-07-16
TXN-0003085,Teresa Wallace,West,Home,Bronze,7,1982,77.98,0.07,545.48,2023-11-18
TXN-0003086,Alexis Pham,South,Grocery,Bronze,4,1970,15.3,0.0,61.2,2024-07-02
TXN-0003087,Zachary Ortiz,South,Clothing,Gold,5,1990,72.22,15.07,306.68,2025-01-28
TXN-0003088,Christopher Burnett,East,Electronics,Silver,3,1946,145.83,13.54,378.25,2023-10-22
TXN-0003089,Nicholas Calhoun,East,Grocery,Gold,8,1984,15.49,9.88,111.68,2024-08-14
TXN-0003090,Joseph Perez,Central,Grocery,Bronze,1,1965,17.92,2.2,17.53,2026-03-27
TXN-0003091,Karen Perez,Central,Clothing,Silver,1,1958,55.49,2.29,54.22,2024-05-08
TXN-0003092,Kevin Cruz,Central,Grocery,Bronze,2,1945,11.78,2.74,22.91,2025-06-07
TXN-0003093,Amber Spencer,West,Home,Bronze,8,1946,127.27,0.0,1018.16,2024-01-25
TXN-0003094,Madison Richardson,Central,Grocery,Bronze,3,1995,14.7,1.45,43.46,2025-01-04
TXN-0003095,Jose Collins,East,Clothing,Bronze,4,1997,53.05,5.42,200.7,2024-06-06
TXN-0003096,Justin Potter,North,Home,Gold,4,2007,151.97,13.98,522.9,2026-02-20
TXN-0003097,Sherry Cox,North,Electronics,Gold,3,2000,442.43,12.54,1160.85,2024-10-05
TXN-0003098,Tiffany Williams,South,Electronics,Bronze,4,1958,188.48,0.0,753.92,2026-02-24
TXN-0003099,Jessica Torres,South,Grocery,Silver,2,1958,9.78,9.39,17.72,2025-05-24
TXN-0003100,Matthew Morgan,North,Clothing,Bronze,4,1993,49.75,0.0,199.0,2026-08-14
TXN-0003101,Craig Beard,Central,Electronics,Bronze,3,1974,291.67,6.62,817.08,2026-01-14
TXN-0003102,Tony Moore,North,Electronics,Silver,5,2001,147.6,7.37,683.61,2025-02-24
TXN-0003103,Jillian Carrillo,Central,Clothing,Gold,8,1947,73.62,9.37,533.77,2025-05-16
TXN-0003104,Nancy Rowland,West,Grocery,Gold,8,1963,23.97,7.69,177.01,2024-05-02
TXN-0003105,Lisa Ochoa,East,Clothing,Bronze,3,1957,42.99,0.84,127.89,2026-09-02
TXN-0003106,Jeffrey Ayala,West,Grocery,Silver,5,1985,34.91,5.74,164.53,2024-01-27
TXN-0003107,Dana Carter,South,Grocery,Bronze,5,1991,20.92,3.59,100.84,2025-11-13
TXN-0003108,Natalie Burns,East,Clothing,Bronze,2,1960,54.49,0.0,108.98,2025-03-18
TXN-0003109,Sean Peters,North,Grocery,Bronze,7,1997,17.0,4.75,113.35,2023-12-20
TXN-0003110,Christopher Jones,Central,Electronics,Bronze,5,1949,106.16,0.0,530.8,2024-02-26
TXN-0003111,Miguel Pena,South,Clothing,Bronze,4,1945,41.72,2.29,163.06,2025-08-06
TXN-0003112,Ryan Lawson,South,Electronics,Bronze,2,1981,111.85,0.0,223.7,2024-09-22
TXN-0003113,David Williams,West,Electronics,Silver,4,2004,354.63,7.32,1314.68,2024-01-24
TXN-0003114,Mark Johnson,West,Electronics,Bronze,3,1963,230.01,6.22,647.11,2025-03-10
TXN-0003115,Rebecca Perez,East,Electronics,Bronze,2,1981,112.38,5.16,213.16,2026-04-25
TXN-0003116,Kathryn Thomas,East,Grocery,Platinum,4,1999,34.31,21.17,108.19,2026-05-08
TXN-0003117,Crystal Abbott,North,Home,Gold,5,1951,145.12,17.65,597.53,2026-04-10
TXN-0003118,Alexandra Hodge,West,Sports,Bronze,2,2005,59.89,6.79,111.65,2025-06-05
TXN-0003119,Rachel Yang,South,Home,Bronze,2,1984,108.39,7.37,200.8,2025-02-16
TXN-0003120,Michelle Sanders,South,Home,Bronze,3,1956,70.9,0.0,212.7,2023-11-13
TXN-0003121,Dustin Stein,North,Electronics,Platinum,7,1977,229.06,22.61,1240.89,2026-06-09
TXN-0003122,Haley Jackson,South,Home,Bronze,5,1954,106.92,4.68,509.58,2024-11-25
TXN-0003123,Thomas Moses,South,Clothing,Bronze,2,1946,47.42,2.03,92.91,2025-08-27
TXN-0003124,Jeffrey Petersen,East,Sports,Silver,2,1957,48.63,10.62,86.93,2025-10-29
TXN-0003125,Joseph Ward,North,Sports,Silver,6,1999,73.32,7.13,408.55,2024-09-16
TXN-0003126,Lance Robinson,North,Electronics,Bronze,3,1974,190.03,0.0,570.09,2025-04-02
TXN-0003127,Kristen Smith,East,Home,Bronze,1,1966,141.87,6.44,132.73,2026-02-03
TXN-0003128,Nicole Mcbride,North,Home,Bronze,4,1965,112.17,0.0,448.68,2025-05-03
TXN-0003129,Daisy Larson,West,Home,Bronze,1,2003,124.47,0.0,124.47,2025-07-29
TXN-0003130,Jesus Shaw,Central,Electronics,Bronze,1,1985,122.99,13.16,106.8,2024-07-12
TXN-0003131,Shelly Moss,South,Grocery,Gold,7,2006,9.01,9.21,57.26,2026-08-18
TXN-0003132,Laura Coleman,Central,Grocery,Gold,3,1974,9.96,15.24,25.33,2026-03-26
TXN-0003133,Kayla Moore,North,Clothing,Silver,1,1991,49.66,3.29,48.03,2026-07-20
TXN-0003134,Melissa Brown,North,Home,Silver,4,1946,68.67,5.52,259.52,2025-05-10
TXN-0003135,Emily Riley MD,West,Electronics,Silver,4,1987,153.25,4.55,585.11,2024-02-08
TXN-0003136,Donald Cole,West,Sports,Bronze,4,1992,96.96,0.0,387.84,2026-05-15
TXN-0003137,James Johnson,West,Electronics,Silver,4,2000,199.3,10.04,717.16,2024-12-29
TXN-0003138,Nicholas George,North,Electronics,Bronze,5,1967,70.41,9.95,317.02,2024-10-14
TXN-0003139,Jane King,West,Clothing,Bronze,4,1980,135.68,2.02,531.76,2024-01-20
TXN-0003140,Tanner Decker,South,Grocery,Bronze,5,1986,20.64,0.0,103.2,2024-02-02
TXN-0003141,Leslie Martin,South,Grocery,Silver,1,1991,19.92,3.34,19.25,2024-11-17
TXN-0003142,Keith Garcia,North,Electronics,Silver,5,1997,151.9,4.08,728.51,2024-05-24
TXN-0003143,Victoria Keller,Central,Electronics,Silver,4,1966,145.07,7.35,537.63,2025-05-10
TXN-0003144,Mr. Robert Acevedo MD,North,Grocery,Silver,2,1951,26.46,5.54,49.99,2026-06-08
TXN-0003145,Ms. Kayla Williams,West,Clothing,Gold,4,2005,39.12,20.4,124.56,2024-05-24
TXN-0003146,Tammy Jackson,East,Electronics,Bronze,5,1982,178.13,1.66,875.87,2025-05-25
TXN-0003147,Robert Smith,West,Sports,Bronze,4,1955,127.5,4.82,485.42,2025-01-31
TXN-0003148,Stephen Smith,West,Electronics,Gold,4,2003,171.0,12.4,599.18,2025-04-10
TXN-0003149,Jasmin Hamilton,West,Home,Silver,4,2007,107.71,6.86,401.28,2024-03-11
TXN-0003150,Thomas Romero,North,Clothing,Silver,3,1953,33.64,5.74,95.13,2024-02-17
TXN-0003151,Megan Grant,North,Grocery,Bronze,4,2002,24.04,1.98,94.26,2023-10-06
TXN-0003152,Karen Hughes,East,Grocery,Platinum,4,1983,20.48,18.26,66.96,2025-01-18
TXN-0003153,Bradley Phillips,South,Clothing,Bronze,1,1956,53.1,2.13,51.97,2025-08-18
TXN-0003154,Robert Roberts,North,Grocery,Gold,6,1958,23.17,11.05,123.66,2025-04-09
TXN-0003155,Cynthia Tran,North,Sports,Gold,3,1957,50.26,20.94,119.21,2024-11-20
TXN-0003156,Marie Davidson,South,Grocery,Gold,4,1971,33.81,14.38,115.79,2024-03-04
TXN-0003157,Jordan Williams,North,Clothing,Bronze,5,1995,151.36,4.03,726.3,2024-04-20
TXN-0003158,Mr. Paul Chase,North,Clothing,Silver,4,1991,44.57,6.41,166.85,2024-02-10
TXN-0003159,Chloe Parker,Central,Sports,Bronze,1,1972,113.18,0.0,113.18,2024-07-15
TXN-0003160,Leah Collier,South,Electronics,Bronze,2,1998,152.15,0.0,304.3,2025-07-28
TXN-0003161,Amanda Gonzalez,Central,Electronics,Bronze,1,2005,104.01,1.39,102.56,2025-08-25
TXN-0003162,Alice Conley,Central,Electronics,Bronze,4,2003,251.94,1.27,994.96,2026-02-09
TXN-0003163,Clarence Wood,North,Grocery,Bronze,3,1959,16.3,3.37,47.25,2026-02-05
TXN-0003164,Terri Cisneros,West,Electronics,Silver,4,1995,198.21,7.65,732.19,2025-12-02
TXN-0003165,Jessica Jones,East,Clothing,Bronze,5,1956,107.34,0.35,534.82,2025-06-22
TXN-0003166,Michael Graham,West,Home,Bronze,4,1999,108.26,11.28,384.19,2024-03-06
TXN-0003167,Mary Henderson,North,Electronics,Bronze,2,1963,172.13,3.22,333.17,2023-11-07
TXN-0003168,Adam Holland,North,Clothing,Silver,4,1950,39.3,5.45,148.63,2024-02-14
TXN-0003169,Elizabeth Miller,North,Home,Bronze,4,1945,64.39,0.68,255.81,2025-03-30
TXN-0003170,Ryan Kaiser,East,Electronics,Gold,7,1989,152.55,15.52,902.12,2026-02-04
TXN-0003171,Douglas Morton,Central,Sports,Bronze,4,1961,65.68,1.21,259.54,2024-02-19
TXN-0003172,Ashlee Mendez,West,Electronics,Silver,1,1988,203.0,10.34,182.01,2026-04-12
TXN-0003173,Leslie Barton,West,Grocery,Gold,4,1966,12.3,12.7,42.95,2026-04-14
TXN-0003174,Joseph Smith,Central,Home,Silver,2,1950,68.61,5.65,129.47,2025-02-12
TXN-0003175,Paige Jordan,West,Electronics,Silver,3,1968,151.73,1.97,446.22,2025-05-18
TXN-0003176,Elizabeth Taylor,North,Electronics,Gold,2,1966,165.49,16.64,275.9,2023-10-17
TXN-0003177,Latoya Howell,West,Home,Bronze,4,1972,91.86,0.0,367.44,2024-12-24
TXN-0003178,Lawrence Glover,South,Clothing,Bronze,6,1967,51.36,4.63,293.89,2025-07-01
TXN-0003179,Kimberly Grant,North,Electronics,Gold,5,1969,121.59,10.91,541.62,2025-05-22
TXN-0003180,Madison Wilson,East,Sports,Gold,4,1985,91.86,16.01,308.61,2024-02-06
TXN-0003181,Melanie Davidson,Central,Home,Silver,1,1969,136.15,11.49,120.51,2026-02-13
TXN-0003182,Angel Johnson,South,Sports,Bronze,4,1979,83.6,0.0,334.4,2024-10-09
TXN-0003183,Jessica Cox,East,Electronics,Bronze,3,1959,130.6,0.0,391.8,2026-03-04
TXN-0003184,Laura Mosley,North,Electronics,Gold,4,2004,81.83,20.76,259.37,2025-12-15
TXN-0003185,Kurt Martinez,North,Home,Silver,2,2005,160.91,8.61,294.11,2024-06-17
TXN-0003186,Brandi Ibarra,North,Clothing,Bronze,2,1953,51.74,4.53,98.79,2026-08-27
TXN-0003187,Heather Sweeney,West,Electronics,Bronze,5,1998,254.14,0.0,1270.7,2025-05-11
TXN-0003188,Laura Guerra,West,Electronics,Gold,4,1982,284.24,9.44,1029.63,2024-06-17
TXN-0003189,Adrian Levine,North,Electronics,Silver,8,1995,211.97,7.74,1564.51,2024-04-30
TXN-0003190,Abigail Acevedo,South,Grocery,Platinum,8,1953,25.14,18.67,163.57,2024-11-18
TXN-0003191,Isabella Taylor,North,Clothing,Bronze,1,1988,74.71,0.0,74.71,2025-01-07
TXN-0003192,Joel Rogers,North,Sports,Bronze,8,1999,69.41,2.98,538.73,2024-11-17
TXN-0003193,Tyler Murray,East,Electronics,Bronze,2,1967,107.05,0.0,214.1,2025-11-02
TXN-0003194,Michael Lambert,West,Clothing,Silver,4,1969,72.72,8.06,267.44,2024-05-11
TXN-0003195,Edward Guzman,East,Clothing,Bronze,2,2006,32.2,0.0,64.4,2024-01-04
TXN-0003196,Anne Chambers,South,Home,Bronze,4,1962,78.44,4.48,299.7,2024-06-13
TXN-0003197,Kristen Ramirez,East,Grocery,Bronze,6,1995,14.39,2.35,84.31,2025-08-03
TXN-0003198,Leslie Case,North,Grocery,Bronze,3,1962,22.0,3.85,63.46,2024-11-29
TXN-0003199,Christopher Thomas,North,Electronics,Gold,5,1975,173.58,17.69,714.37,2025-07-13
TXN-0003200,Felicia Matthews,Central,Clothing,Bronze,3,1952,43.94,0.0,131.82,2025-01-05
TXN-0003201,Robert Keith,West,Grocery,Silver,2,2001,15.53,3.57,29.95,2025-10-19
TXN-0003202,Deborah Simon,Central,Electronics,Silver,5,1958,317.53,11.21,1409.67,2024-01-25
TXN-0003203,Carlos Morrow,Central,Home,Bronze,2,1989,68.39,7.92,125.95,2025-04-10
TXN-0003204,Edward Tucker,East,Clothing,Silver,3,1969,51.58,11.48,136.98,2024-10-23
TXN-0003205,Emma Chan,Central,Clothing,Gold,2,1955,67.36,4.84,128.2,2024-10-15
TXN-0003206,Ryan Thomas,South,Clothing,Silver,4,1947,56.37,9.11,204.94,2026-05-25
TXN-0003207,Holly Rivas,North,Clothing,Silver,4,1953,68.07,3.73,262.12,2025-11-06
TXN-0003208,Alicia Navarro,North,Sports,Gold,4,1976,110.17,16.14,369.55,2026-04-07
TXN-0003209,James Schaefer,North,Home,Platinum,5,1956,148.94,19.12,602.31,2026-05-12
TXN-0003210,Jennifer Sampson,North,Sports,Gold,3,1956,76.19,11.82,201.55,2024-07-27
TXN-0003211,Daniel Taylor,South,Grocery,Bronze,3,2005,20.74,0.63,61.83,2025-09-08
TXN-0003212,Julie Thompson,West,Clothing,Silver,3,1979,59.2,4.9,168.9,2024-03-12
TXN-0003213,Justin Murphy,West,Home,Silver,3,1949,65.79,2.52,192.4,2024-04-25
TXN-0003214,Rachel Smith,East,Clothing,Bronze,3,1953,58.89,0.66,175.5,2025-01-13
TXN-0003215,Joseph Dougherty,North,Grocery,Silver,5,1978,10.11,7.46,46.78,2023-10-08
TXN-0003216,Catherine Barker,West,Electronics,Gold,5,1961,182.44,18.23,745.91,2025-06-03
TXN-0003217,Cynthia Taylor,South,Sports,Bronze,6,1958,35.56,3.79,205.27,2025-02-25
TXN-0003218,James Peck,North,Home,Gold,4,1994,63.66,11.99,224.11,2026-05-18
TXN-0003219,Rebecca Brooks,South,Home,Platinum,6,1974,121.41,18.73,592.02,2025-05-10
TXN-0003220,Mr. Gregory Hart,South,Home,Bronze,3,2007,105.91,0.0,317.73,2025-02-20
TXN-0003221,Tiffany Davis,South,Home,Bronze,2,1987,89.46,0.63,177.79,2025-08-11
TXN-0003222,Vanessa Bishop,West,Grocery,Platinum,4,1966,15.37,20.47,48.9,2025-02-28
TXN-0003223,Stacey Rodriguez,West,Grocery,Bronze,5,1995,13.3,0.0,66.5,2025-07-27
TXN-0003224,Angelica Lopez,West,Electronics,Gold,1,1974,131.01,11.16,116.39,2026-07-05
TXN-0003225,Spencer Manning,North,Home,Bronze,3,1991,114.39,0.0,343.17,2026-04-08
TXN-0003226,Robert Bauer,West,Clothing,Bronze,6,1972,50.32,0.0,301.92,2024-04-26
TXN-0003227,Keith Gonzalez,West,Home,Bronze,4,1945,43.39,0.0,173.56,2025-01-06
TXN-0003228,Benjamin Jordan,North,Home,Bronze,3,1967,58.49,0.0,175.47,2025-02-07
TXN-0003229,Adrian Krueger,East,Electronics,Gold,3,1958,120.42,2.36,352.73,2026-04-22
TXN-0003230,Michael Travis,East,Grocery,Bronze,2,1961,16.41,1.34,32.38,2026-09-12
TXN-0003231,Jonathan Glover,South,Home,Bronze,2,1969,81.21,1.68,159.69,2024-08-05
TXN-0003232,Erin Carter,North,Home,Silver,7,1985,62.19,8.44,398.59,2025-10-11
TXN-0003233,Brenda Bradley,East,Grocery,Platinum,4,1996,22.32,18.5,72.76,2025-01-28
TXN-0003234,Kevin Berry,North,Grocery,Bronze,2,1959,9.0,4.89,17.12,2024-06-29
TXN-0003235,Jennifer Anderson,North,Grocery,Gold,5,1982,13.86,19.25,55.96,2025-06-07
TXN-0003236,Tyler Miranda,North,Electronics,Bronze,7,1973,210.57,0.0,1473.99,2025-02-04
TXN-0003237,Nicholas Chung,Central,Electronics,Gold,6,1948,193.28,8.63,1059.6,2024-12-23
TXN-0003238,Kayla Thomas,South,Grocery,Silver,3,1969,16.38,8.17,45.13,2026-09-11
TXN-0003239,Robert Shepherd,South,Electronics,Gold,7,1990,222.23,15.05,1321.49,2026-06-07
TXN-0003240,Steven Swanson,South,Electronics,Silver,5,1992,175.27,2.73,852.43,2025-10-29
TXN-0003241,David Williams,Central,Electronics,Platinum,4,1993,164.0,25.9,486.1,2026-03-10
TXN-0003242,Justin Bishop,East,Clothing,Bronze,1,1996,67.87,0.0,67.87,2024-10-08
TXN-0003243,Clifford Mcdonald,Central,Sports,Silver,7,1977,86.46,6.14,568.06,2025-02-15
TXN-0003244,Wesley Bowers,South,Electronics,Silver,3,1946,255.0,9.34,693.55,2025-05-04
TXN-0003245,Jessica Warren,North,Clothing,Bronze,4,1968,49.94,7.02,185.74,2024-12-06
TXN-0003246,Dana Savage,East,Sports,Gold,6,1980,68.89,9.52,373.99,2025-05-30
TXN-0003247,Joseph Sullivan,South,Sports,Gold,3,1961,80.35,15.59,203.47,2025-04-17
TXN-0003248,Joshua Williams,West,Electronics,Gold,2,1952,161.2,12.62,281.71,2024-03-22
TXN-0003249,Cory Kelley,Central,Sports,Bronze,4,1968,143.65,0.0,574.6,2026-02-19
TXN-0003250,Whitney Macdonald DVM,East,Electronics,Gold,5,1950,192.23,10.86,856.77,2024-08-03
TXN-0003251,Kimberly Ponce,Central,Grocery,Bronze,2,1995,13.97,0.0,27.94,2026-04-04
TXN-0003252,Darren Morse,East,Electronics,Platinum,5,1966,94.95,22.39,368.45,2026-01-22
TXN-0003253,Lydia Horn,South,Clothing,Bronze,3,1982,95.32,0.0,285.96,2024-07-03
TXN-0003254,Chad Williams,East,Clothing,Silver,6,1949,48.23,8.53,264.7,2026-08-22
TXN-0003255,Jeremy Wallace,North,Grocery,Bronze,2,1974,20.21,1.94,39.64,2026-01-29
TXN-0003256,Anthony Ward,West,Electronics,Silver,4,2003,158.96,8.16,583.96,2023-11-08
TXN-0003257,Heather Diaz,North,Home,Bronze,4,1960,119.35,1.98,467.95,2025-09-14
TXN-0003258,Daniel White,South,Grocery,Gold,8,1988,14.83,9.91,106.88,2024-08-18
TXN-0003259,Linda Fernandez,East,Electronics,Gold,4,1967,166.8,14.32,571.66,2025-08-09
TXN-0003260,Ralph Rodriguez,North,Sports,Bronze,3,1985,61.96,2.43,181.36,2024-12-23
TXN-0003261,Michael Cross DDS,North,Clothing,Gold,3,2006,145.6,11.17,388.01,2026-09-08
TXN-0003262,Stacy Garcia,West,Electronics,Silver,3,1955,122.94,15.95,309.99,2024-01-13
TXN-0003263,Brett Maxwell,North,Electronics,Silver,4,1952,194.66,2.84,756.53,2025-06-24
TXN-0003264,Anna Andersen,East,Clothing,Bronze,4,1998,148.89,3.75,573.23,2026-08-08
TXN-0003265,Gary Phillips,South,Electronics,Bronze,4,1977,235.02,4.06,901.91,2025-11-11
TXN-0003266,Melanie Brown,South,Home,Bronze,4,1961,89.33,0.97,353.85,2024-05-01
TXN-0003267,Carol Johnson,North,Home,Silver,8,1981,95.42,7.85,703.44,2026-06-07
TXN-0003268,Jacqueline Hall,West,Clothing,Silver,4,1961,41.38,8.55,151.37,2025-01-10
TXN-0003269,Tara Hale,Central,Clothing,Silver,3,1973,99.02,6.73,277.07,2024-10-07
TXN-0003270,Christopher Smith,North,Grocery,Platinum,6,2001,16.63,18.03,81.79,2024-10-24
TXN-0003271,Chad Kim,Central,Clothing,Bronze,2,1967,53.6,1.7,105.38,2026-07-17
TXN-0003272,Riley Knight,East,Home,Gold,4,1984,66.18,10.86,235.97,2024-05-24
TXN-0003273,Amy Moore,East,Sports,Gold,4,2003,67.23,17.79,221.08,2025-07-16
TXN-0003274,Robert Ellison,West,Electronics,Gold,6,1987,163.7,16.05,824.56,2025-05-05
TXN-0003275,Brian Lewis,West,Home,Silver,7,1970,131.78,7.25,855.58,2024-01-20
TXN-0003276,Catherine Johns,West,Sports,Bronze,1,2006,82.33,0.0,82.33,2025-08-25
TXN-0003277,Mary Parks,East,Home,Gold,3,1973,132.03,11.88,349.03,2026-04-13
TXN-0003278,Mark Williamson,East,Sports,Gold,5,1970,33.71,10.92,150.14,2025-10-11
TXN-0003279,Douglas Blanchard,South,Clothing,Gold,5,1984,89.8,12.64,392.25,2026-03-20
TXN-0003280,Phillip Padilla PhD,North,Home,Bronze,5,1962,56.28,0.0,281.4,2025-06-11
TXN-0003281,Juan Galvan,West,Clothing,Silver,1,1975,71.99,5.03,68.37,2026-01-05
TXN-0003282,Leslie Diaz,North,Electronics,Bronze,3,1961,53.91,0.0,161.73,2025-11-22
TXN-0003283,David Potter,South,Sports,Silver,4,1948,76.74,4.52,293.09,2026-09-06
TXN-0003284,Adam Long,North,Clothing,Gold,1,1957,76.63,19.38,61.78,2025-07-08
TXN-0003285,Lisa Booker,North,Sports,Bronze,6,1988,55.87,0.85,332.37,2026-01-19
TXN-0003286,Alexandria Vaughn,East,Grocery,Bronze,4,1997,18.23,2.66,70.98,2023-11-24
TXN-0003287,April Bailey,East,Sports,Bronze,2,1957,103.72,1.2,204.95,2025-04-08
TXN-0003288,Sherry Patterson,South,Sports,Bronze,5,1963,96.98,4.18,464.63,2026-09-21
TXN-0003289,Melissa Wolf,North,Home,Bronze,2,1954,52.14,0.62,103.63,2026-01-09
TXN-0003290,Joshua Sims,South,Sports,Bronze,4,1952,106.39,0.06,425.3,2026-04-07
TXN-0003291,Tina Mooney,South,Grocery,Bronze,1,1957,32.73,0.0,32.73,2026-06-15
TXN-0003292,Luis Mcclain,West,Home,Silver,5,1993,137.7,4.39,658.27,2024-02-07
TXN-0003293,Heather Wolf,East,Grocery,Gold,3,1992,11.7,18.26,28.69,2024-03-15
TXN-0003294,James Bradley,East,Electronics,Bronze,3,2005,109.42,3.33,317.33,2024-10-17
TXN-0003295,Isaiah Jones,East,Electronics,Bronze,3,1946,164.32,0.0,492.96,2026-07-15
TXN-0003296,Victor Hudson,Central,Clothing,Gold,4,1993,67.51,15.93,227.02,2026-07-26
TXN-0003297,Maria Sanders,West,Clothing,Bronze,3,1981,74.6,6.02,210.33,2025-04-01
TXN-0003298,Thomas Holloway,East,Electronics,Bronze,3,1965,121.27,0.0,363.81,2024-06-12
TXN-0003299,Joshua Love,East,Home,Silver,3,1955,87.69,5.97,247.36,2026-06-29
TXN-0003300,Andrew Dominguez,North,Grocery,Platinum,6,1955,13.52,20.03,64.87,2026-05-06
TXN-0003301,John Adams,Central,Grocery,Bronze,2,1977,12.65,0.0,25.3,2023-12-05
TXN-0003302,Michelle Huber,South,Sports,Platinum,4,1994,86.46,18.27,282.66,2026-02-18
TXN-0003303,Laura Roberts,South,Sports,Bronze,2,1953,73.1,0.27,145.81,2026-06-26
TXN-0003304,Tracey Brooks,Central,Sports,Bronze,3,1986,87.96,1.48,259.97,2026-08-15
TXN-0003305,Aaron Henry,West,Home,Bronze,3,1954,73.68,12.71,192.95,2026-06-28
TXN-0003306,Ryan Moore,North,Electronics,Gold,6,1957,202.26,9.84,1094.15,2025-06-09
TXN-0003307,Daniel Chen,North,Sports,Silver,2,1946,50.54,1.85,99.21,2025-02-24
TXN-0003308,Angel Lewis,North,Electronics,Silver,3,2004,136.43,10.42,366.64,2025-07-27
TXN-0003309,David Nolan,East,Electronics,Platinum,9,1964,108.62,20.64,775.81,2024-03-10
TXN-0003310,Brian Medina,North,Clothing,Silver,5,1982,60.76,5.92,285.82,2023-10-14
TXN-0003311,Antonio Lopez,Central,Home,Bronze,2,1954,169.73,5.03,322.39,2024-02-28
TXN-0003312,Michaela Hernandez,Central,Grocery,Silver,6,1982,20.48,2.72,119.54,2024-11-02
TXN-0003313,Elizabeth Chase,East,Electronics,Bronze,2,1989,154.4,3.1,299.23,2024-09-06
TXN-0003314,Omar Johnson,East,Grocery,Silver,4,1969,16.8,6.34,62.94,2025-11-29
TXN-0003315,Steven Fisher,South,Electronics,Gold,6,1981,130.6,13.12,680.79,2025-12-11
TXN-0003316,Heather Smith,North,Clothing,Silver,4,1957,80.98,7.18,300.66,2026-02-10
TXN-0003317,Kimberly Mcintyre,West,Clothing,Bronze,4,1972,63.53,10.34,227.84,2026-03-17
TXN-0003318,Dana Hernandez,North,Clothing,Silver,4,1981,30.62,5.24,116.06,2026-08-31
TXN-0003319,Anita Long,North,Grocery,Bronze,3,1950,26.34,0.0,79.02,2026-03-09
TXN-0003320,Chad Pennington,South,Electronics,Bronze,4,1971,117.98,3.88,453.61,2024-09-05
TXN-0003321,Michael Rosario,North,Electronics,Silver,1,1969,127.18,10.58,113.72,2025-08-20
TXN-0003322,Joyce Webster,South,Electronics,Bronze,4,1955,184.19,0.0,736.76,2025-05-01
TXN-0003323,Kristie Hendrix MD,West,Grocery,Bronze,2,1950,14.6,3.37,28.22,2025-05-27
TXN-0003324,Shannon Miller,West,Sports,Silver,4,1946,164.43,2.92,638.51,2025-09-16
TXN-0003325,Linda Henderson,East,Grocery,Bronze,5,1967,16.56,0.0,82.8,2026-08-18
TXN-0003326,Anthony Ashley,West,Home,Bronze,4,2000,112.33,1.22,443.84,2026-03-30
TXN-0003327,Michael Khan,South,Sports,Platinum,4,1990,43.68,17.68,143.83,2026-09-04
TXN-0003328,Stacey Thomas,West,Clothing,Bronze,2,2003,44.33,0.0,88.66,2025-11-13
TXN-0003329,Joseph Jones,East,Electronics,Bronze,5,1977,152.83,0.0,764.15,2024-05-19
TXN-0003330,John Johnson,South,Home,Gold,7,1951,127.57,11.18,793.15,2025-03-16
TXN-0003331,April Wallace,Central,Clothing,Bronze,3,1976,37.74,4.17,108.5,2023-11-05
TXN-0003332,Gregory Martin,South,Home,Gold,5,1963,136.95,9.56,619.29,2025-10-16
TXN-0003333,Krista White,North,Home,Silver,5,1983,94.1,7.25,436.39,2024-03-08
TXN-0003334,Tyler Garcia,South,Clothing,Silver,4,1990,61.68,0.55,245.36,2024-12-29
TXN-0003335,Molly Jackson,South,Home,Bronze,2,2004,69.33,1.23,136.95,2025-07-05
TXN-0003336,Thomas Floyd,South,Clothing,Bronze,5,1985,39.23,4.57,187.19,2024-02-08
TXN-0003337,Susan Sharp,East,Electronics,Gold,2,1982,74.67,11.33,132.42,2024-03-26
TXN-0003338,Krystal Hamilton,Central,Grocery,Bronze,4,1970,19.99,3.87,76.87,2024-05-05
TXN-0003339,Kathy Lewis,South,Grocery,Gold,5,1957,22.42,6.29,105.05,2025-03-22
TXN-0003340,Joshua Miller,East,Electronics,Gold,4,1965,140.97,9.09,512.62,2025-01-24
TXN-0003341,Emily Brady,South,Electronics,Silver,3,1981,91.92,8.97,251.02,2025-03-13
TXN-0003342,Julie Padilla,West,Electronics,Bronze,1,2007,131.7,4.21,126.16,2025-09-04
TXN-0003343,Justin Williams,North,Electronics,Gold,3,1982,182.32,19.54,440.08,2024-08-14
TXN-0003344,Willie Morgan,North,Electronics,Silver,3,1951,170.64,9.47,463.44,2025-12-15
TXN-0003345,Joseph Stokes,East,Electronics,Bronze,2,1952,202.42,6.06,380.31,2025-10-17
TXN-0003346,Cindy Kelley,West,Grocery,Gold,2,1996,10.22,9.64,18.47,2025-03-22
TXN-0003347,Tommy Romero,West,Grocery,Bronze,3,1997,15.62,1.98,45.93,2025-10-06
TXN-0003348,Stephanie Lara,East,Grocery,Platinum,2,1969,17.38,15.17,29.49,2024-02-26
TXN-0003349,Tyrone Collins,West,Home,Bronze,2,1963,112.33,5.8,211.63,2025-08-08
TXN-0003350,Brendan Palmer,South,Grocery,Bronze,1,1945,14.57,0.98,14.43,2026-09-14
TXN-0003351,Paul Martin,North,Grocery,Silver,3,1995,21.71,8.7,59.46,2025-08-30
TXN-0003352,Juan Gilbert,North,Sports,Bronze,4,1995,53.8,0.0,215.2,2025-02-04
TXN-0003353,Lori Roberson,North,Grocery,Bronze,3,1985,19.42,0.0,58.26,2024-01-10
TXN-0003354,Matthew Moore,South,Grocery,Bronze,5,2006,16.24,8.17,74.57,2025-01-06
TXN-0003355,Donald Freeman,East,Grocery,Gold,6,1956,15.92,25.1,71.54,2023-12-06
TXN-0003356,Daniel Anderson,South,Home,Bronze,5,1997,209.43,3.24,1013.22,2024-03-24
TXN-0003357,Kelly Rodriguez,East,Electronics,Silver,2,2006,142.4,12.42,249.43,2023-11-02
TXN-0003358,Troy Ward,East,Electronics,Silver,3,1984,137.99,4.42,395.67,2025-03-13
TXN-0003359,Christina Smith,West,Clothing,Silver,1,1986,33.41,1.49,32.91,2026-06-30
TXN-0003360,Mark Smith,West,Electronics,Bronze,2,1991,226.27,7.78,417.33,2024-03-15
TXN-0003361,Daniel Williams,South,Electronics,Bronze,5,1967,132.28,1.53,651.28,2026-08-14
TXN-0003362,Melissa Robinson,South,Electronics,Platinum,2,1962,158.22,19.26,255.49,2024-06-09
TXN-0003363,Mitchell Jimenez,East,Clothing,Gold,6,1986,40.93,18.82,199.36,2024-10-10
TXN-0003364,Bethany Liu,East,Sports,Gold,4,1962,86.75,11.79,306.09,2025-12-07
TXN-0003365,Mitchell Williams,South,Clothing,Silver,6,1993,76.22,2.88,444.15,2024-06-25
TXN-0003366,Bianca Davis,South,Clothing,Gold,6,1999,86.95,8.15,479.18,2026-02-01
TXN-0003367,Anthony King,West,Clothing,Platinum,8,1977,52.8,19.99,337.96,2024-06-02
TXN-0003368,Michael Summers,East,Clothing,Silver,3,1982,44.68,10.05,120.57,2025-02-23
TXN-0003369,Ricky Hall,North,Grocery,Gold,2,1950,14.29,11.99,25.15,2026-02-13
TXN-0003370,Joyce Kelly,East,Home,Bronze,2,1973,90.56,1.6,178.22,2025-07-21
TXN-0003371,Anne Medina,Central,Electronics,Bronze,5,2007,174.85,0.0,874.25,2025-09-14
TXN-0003372,Benjamin Johnson,North,Home,Silver,6,1984,108.89,5.19,619.43,2024-09-22
TXN-0003373,Kyle Perry,West,Electronics,Silver,7,1949,118.96,12.5,728.63,2025-06-18
TXN-0003374,Melissa Newton,North,Grocery,Silver,1,1969,18.87,6.52,17.64,2026-06-02
TXN-0003375,James Franklin,East,Sports,Silver,3,1989,52.5,4.29,150.74,2024-07-10
TXN-0003376,Caitlin Curry,South,Sports,Silver,1,2001,71.68,12.75,62.54,2024-07-13
TXN-0003377,Barbara Glover,North,Electronics,Gold,2,1991,260.77,12.01,458.9,2026-06-18
TXN-0003378,Ryan Harmon,Central,Grocery,Bronze,3,1963,16.62,1.38,49.17,2026-07-15
TXN-0003379,Andrea Hughes,East,Grocery,Bronze,2,1960,13.21,1.09,26.13,2025-07-30
TXN-0003380,Keith Solis,Central,Grocery,Silver,2,1955,20.35,1.29,40.17,2025-06-03
TXN-0003381,Bryan Tucker,South,Clothing,Silver,6,1989,75.22,5.5,426.5,2023-11-12
TXN-0003382,Holly Grant,West,Home,Gold,2,1956,68.77,13.69,118.71,2026-05-08
TXN-0003383,Ryan Skinner,Central,Electronics,Bronze,5,1986,99.58,0.47,495.56,2024-07-30
TXN-0003384,Julia Mullins,East,Electronics,Bronze,4,2003,120.42,5.4,455.67,2025-08-26
TXN-0003385,Janet Graves,South,Grocery,Platinum,4,1987,15.43,16.46,51.56,2026-04-04
TXN-0003386,Angela Hunt,West,Clothing,Bronze,2,1964,93.57,2.95,181.62,2025-07-26
TXN-0003387,Isaiah Turner,East,Clothing,Silver,4,1959,33.65,5.14,127.68,2025-05-24
TXN-0003388,Phillip Scott,Central,Grocery,Bronze,2,2006,9.95,5.23,18.86,2023-10-04
TXN-0003389,Jessica Reynolds,South,Home,Silver,4,1953,98.99,12.31,347.22,2026-09-26
TXN-0003390,Melinda Jacobs,South,Sports,Gold,2,1947,58.46,17.23,96.77,2024-08-26
TXN-0003391,Danny Butler,North,Grocery,Bronze,2,1977,12.72,2.21,24.88,2024-08-12
TXN-0003392,Matthew Bennett,West,Grocery,Bronze,2,1948,22.6,1.83,44.37,2024-12-03
TXN-0003393,Carl Jackson,Central,Grocery,Gold,3,1996,18.58,12.59,48.72,2026-09-25
TXN-0003394,Stephen Wilson,North,Electronics,Bronze,4,1996,227.48,0.0,909.92,2024-01-03
TXN-0003395,Charles Robinson,West,Electronics,Bronze,3,1953,206.9,5.1,589.04,2026-03-12
TXN-0003396,Chad Poole,Central,Sports,Silver,5,1970,49.14,0.0,245.7,2024-03-04
TXN-0003397,Matthew Dominguez,North,Electronics,Silver,2,2003,88.89,5.56,167.9,2026-01-09
TXN-0003398,Christian Shelton,North,Clothing,Silver,1,1989,81.37,12.6,71.12,2024-07-14
TXN-0003399,Makayla Friedman,West,Home,Bronze,7,1952,86.17,0.0,603.19,2025-04-18
TXN-0003400,Katherine Downs,East,Electronics,Bronze,7,1982,459.59,3.62,3100.67,2025-02-15
TXN-0003401,Lisa Singh,North,Electronics,Bronze,1,1979,224.44,4.6,214.12,2024-07-30
TXN-0003402,Brittany Allen,West,Home,Gold,3,1988,145.44,10.94,388.59,2025-09-07
TXN-0003403,Robert Miller,East,Clothing,Bronze,5,2000,39.52,0.0,197.6,2024-03-23
TXN-0003404,Melanie Baker,Central,Grocery,Platinum,8,1978,17.48,14.05,120.19,2024-11-08
TXN-0003405,Gerald Allen,Central,Electronics,Bronze,6,2004,212.35,0.28,1270.53,2026-08-04
TXN-0003406,Vincent Hays,West,Home,Bronze,5,1989,87.39,0.0,436.95,2025-10-27
TXN-0003407,Valerie Lopez,East,Electronics,Silver,6,1948,163.17,1.87,960.71,2025-12-25
TXN-0003408,Anthony Schmidt,South,Home,Bronze,2,1980,98.0,5.4,185.42,2026-06-16
TXN-0003409,Dean Harris,East,Electronics,Silver,5,1970,124.19,3.89,596.8,2025-01-26
TXN-0003410,Rhonda Allen,North,Electronics,Gold,5,1970,117.44,14.51,502.0,2026-04-12
TXN-0003411,Ruben Charles,West,Grocery,Gold,3,1989,16.88,9.89,45.63,2025-05-23
TXN-0003412,Jennifer Brooks,North,Electronics,Silver,4,1988,138.39,8.79,504.9,2026-05-04
TXN-0003413,Jacqueline Owens,East,Grocery,Silver,4,1970,13.24,7.65,48.91,2025-05-29
TXN-0003414,Sydney Elliott,North,Clothing,Bronze,1,1952,52.61,5.55,49.69,2026-03-27
TXN-0003415,Gary Chavez,South,Electronics,Gold,4,1951,101.3,7.33,375.5,2024-03-23
TXN-0003416,Stephanie Salinas,South,Clothing,Bronze,2,1961,71.82,0.0,143.64,2025-03-21
TXN-0003417,Raymond Valenzuela,East,Sports,Bronze,5,1992,92.19,5.15,437.21,2025-03-27
TXN-0003418,Theresa Ward,West,Clothing,Silver,4,1956,69.87,4.65,266.48,2025-09-08
TXN-0003419,Jacob Kennedy,North,Clothing,Bronze,2,1999,41.01,0.55,81.57,2026-05-14
TXN-0003420,Jenna Velazquez,West,Home,Silver,4,1997,64.2,8.83,234.12,2024-06-22
TXN-0003421,Kathryn Rivers,West,Clothing,Bronze,2,1977,87.34,0.88,173.14,2026-08-09
TXN-0003422,Daniel Ramirez,South,Grocery,Bronze,3,1984,16.81,2.31,49.27,2025-01-02
TXN-0003423,Greg Wood,West,Sports,Silver,2,1991,91.56,6.5,171.22,2026-05-09
TXN-0003424,Susan Armstrong,South,Home,Silver,4,1945,60.13,5.74,226.71,2026-04-01
TXN-0003425,Taylor Stark,North,Home,Platinum,4,1974,81.43,15.1,276.54,2024-02-06
TXN-0003426,Brandon Peterson,East,Clothing,Bronze,4,1996,83.47,0.29,332.91,2026-08-07
TXN-0003427,Linda Morris,North,Sports,Bronze,3,2004,78.59,3.82,226.76,2024-04-23
TXN-0003428,Laura Sanders,Central,Home,Bronze,3,1962,82.47,0.81,245.41,2025-01-26
TXN-0003429,Catherine Castaneda,Central,Electronics,Silver,4,1976,195.08,8.65,712.82,2024-03-29
TXN-0003430,Jesse Pollard,West,Sports,Bronze,2,1945,83.77,0.78,166.23,2024-10-02
TXN-0003431,Jacob Love,East,Sports,Gold,6,1953,155.57,14.62,796.95,2025-01-14
TXN-0003432,Mrs. Janice Fitzpatrick,East,Clothing,Bronze,1,1950,55.79,0.0,55.79,2024-03-27
TXN-0003433,Zachary Mckay,Central,Clothing,Gold,7,1966,68.99,8.84,440.24,2024-07-08
TXN-0003434,Lauren Wright,South,Grocery,Silver,6,1979,17.17,9.96,92.76,2025-04-29
TXN-0003435,Teresa Velasquez,North,Grocery,Silver,7,1965,12.73,3.08,86.37,2026-09-09
TXN-0003436,Eugene Parker,East,Home,Bronze,3,1956,104.32,0.0,312.96,2024-05-04
TXN-0003437,Amy Knight,South,Clothing,Bronze,1,1999,32.92,1.96,32.27,2025-11-29
TXN-0003438,Randy Perez,South,Clothing,Bronze,3,1984,77.68,0.0,233.04,2025-05-23
TXN-0003439,Melanie Smith,North,Clothing,Silver,4,1994,34.69,4.92,131.93,2025-07-08
TXN-0003440,Melissa Martinez,East,Electronics,Silver,3,1998,117.36,4.62,335.81,2026-04-11
TXN-0003441,Samantha Gillespie,South,Grocery,Bronze,1,1999,12.82,0.97,12.7,2024-04-29
TXN-0003442,Bryan Richardson,North,Electronics,Bronze,5,1970,198.84,1.08,983.46,2026-03-08
TXN-0003443,Anna Cantu,North,Clothing,Platinum,5,1989,37.17,18.26,151.91,2025-05-16
TXN-0003444,Christopher Cox,South,Grocery,Bronze,5,1999,21.51,1.31,106.14,2025-07-16
TXN-0003445,Diana Kemp,Central,Clothing,Bronze,5,1993,43.45,7.03,201.98,2024-07-12
TXN-0003446,Taylor Salinas,South,Clothing,Bronze,5,1958,52.79,10.13,237.21,2025-10-23
TXN-0003447,Ryan Santos,West,Sports,Bronze,5,2002,62.16,3.68,299.36,2026-06-11
TXN-0003448,Amber Crawford,West,Electronics,Silver,2,1985,361.27,5.78,680.78,2026-01-09
TXN-0003449,Carla Wong,South,Sports,Silver,4,1953,41.89,3.76,161.26,2026-09-09
TXN-0003450,Allison Rice,West,Electronics,Silver,4,2001,189.91,4.34,726.67,2026-06-26
TXN-0003451,Sheri Hoover,West,Clothing,Silver,3,1995,54.82,6.09,154.44,2024-06-23
TXN-0003452,Jeremy Chavez,East,Home,Bronze,4,1979,68.5,5.88,257.89,2026-02-06
TXN-0003453,Jennifer Nguyen,North,Clothing,Bronze,4,1967,63.15,0.0,252.6,2024-06-13
TXN-0003454,John Rodriguez,North,Home,Gold,3,1994,64.31,14.17,165.59,2025-10-27
TXN-0003455,Maria Williams,Central,Electronics,Bronze,2,1981,109.88,0.08,219.58,2024-12-19
TXN-0003456,Melody Ochoa,West,Home,Bronze,5,1983,60.25,5.27,285.37,2024-05-02
TXN-0003457,Tara Brown,Central,Electronics,Silver,6,1948,164.68,5.59,932.85,2024-07-14
TXN-0003458,Holly Banks,Central,Grocery,Silver,7,1955,14.59,4.25,97.79,2025-01-28
TXN-0003459,Amber Johnson,North,Home,Bronze,3,1965,66.45,0.0,199.35,2025-08-28
TXN-0003460,Scott Thompson,West,Home,Gold,8,2002,101.48,18.98,657.75,2026-05-17
TXN-0003461,Eric Flores,East,Electronics,Bronze,2,1988,233.36,1.73,458.65,2023-12-20
TXN-0003462,Theresa Wilson,West,Home,Platinum,4,1957,54.77,23.71,167.14,2025-04-07
TXN-0003463,Eric Ponce,North,Home,Bronze,1,2000,101.05,3.11,97.91,2023-10-12
TXN-0003464,Becky Sellers,South,Clothing,Silver,2,1994,66.07,9.01,120.23,2025-10-19
TXN-0003465,Kendra Burton,West,Grocery,Bronze,6,1949,28.11,0.58,167.68,2024-04-27
TXN-0003466,Wyatt Kerr,West,Electronics,Gold,3,1950,144.59,12.49,379.59,2024-07-27
TXN-0003467,Craig Dean,East,Electronics,Silver,5,1968,274.74,3.18,1330.02,2025-05-16
TXN-0003468,Christian Rowe,South,Grocery,Gold,4,1975,22.08,9.36,80.05,2026-02-16
TXN-0003469,Nathan Burke,South,Electronics,Gold,3,1993,82.89,12.05,218.71,2025-11-21
TXN-0003470,Nicholas Chase,Central,Clothing,Silver,3,1981,61.1,5.69,172.87,2026-07-08
TXN-0003471,Hailey Ball,South,Grocery,Bronze,3,1966,17.89,1.37,52.93,2025-11-04
TXN-0003472,Heather Barry,East,Grocery,Bronze,5,1987,25.4,4.57,121.2,2025-06-24
TXN-0003473,Cindy Young,East,Electronics,Platinum,7,1986,241.8,26.36,1246.43,2026-08-26
TXN-0003474,Mark Townsend,South,Electronics,Gold,3,1989,113.88,9.4,309.53,2025-10-30
TXN-0003475,Michael Lee,East,Clothing,Bronze,2,1983,75.53,3.2,146.23,2025-07-04
TXN-0003476,Lisa Smith,South,Home,Bronze,2,1948,86.02,0.0,172.04,2025-08-17
TXN-0003477,John Steele,West,Home,Bronze,3,2003,70.22,0.0,210.66,2025-10-26
TXN-0003478,Sandra Casey,Central,Home,Bronze,3,1965,149.44,10.13,402.91,2024-06-13
TXN-0003479,Darrell Simmons,Central,Grocery,Bronze,5,1996,15.24,1.61,74.97,2024-02-03
TXN-0003480,Valerie Harrison,East,Sports,Gold,6,1987,75.85,11.53,402.63,2026-02-22
TXN-0003481,Anthony Cherry,East,Clothing,Bronze,6,1984,53.58,4.98,305.47,2023-11-14
TXN-0003482,Cody Lawson,West,Electronics,Gold,1,1968,191.58,21.28,150.81,2024-09-04
TXN-0003483,Barbara Wagner,West,Clothing,Platinum,3,1993,87.29,20.93,207.06,2024-12-24
TXN-0003484,Scott James,East,Electronics,Bronze,4,1973,281.04,10.75,1003.31,2023-11-17
TXN-0003485,John Moore,West,Clothing,Silver,1,1961,75.49,6.81,70.35,2024-11-27
TXN-0003486,Matthew Farley,West,Grocery,Silver,3,1951,9.96,10.44,26.76,2024-09-11
TXN-0003487,Mrs. Tonya Byrd,West,Clothing,Bronze,1,1951,91.6,0.0,91.6,2026-01-10
TXN-0003488,Catherine Davis,West,Electronics,Silver,2,1982,197.44,4.09,378.73,2024-12-19
TXN-0003489,Mary Wilkinson,South,Home,Silver,5,1972,132.14,7.97,608.04,2024-06-15
TXN-0003490,Michael Baker,East,Sports,Bronze,2,1965,67.49,6.53,126.17,2025-09-07
TXN-0003491,Peggy Mendoza,East,Electronics,Gold,7,1976,159.31,11.16,990.72,2026-02-22
TXN-0003492,Paul Anderson,North,Grocery,Bronze,3,1952,25.1,5.18,71.4,2025-11-05
TXN-0003493,Wayne Robinson,West,Grocery,Bronze,5,2000,36.39,3.25,176.04,2026-01-28
TXN-0003494,Brittany Farley,East,Clothing,Platinum,7,1976,58.86,18.97,333.86,2025-11-29
TXN-0003495,Katie Walters,North,Home,Bronze,5,2003,58.15,4.48,277.72,2024-03-21
TXN-0003496,Dorothy Osborn,West,Clothing,Bronze,3,1970,67.78,0.0,203.34,2026-03-05
TXN-0003497,William Hodge,West,Clothing,Bronze,2,1963,51.53,5.56,97.33,2024-03-23
TXN-0003498,Michelle Ortega,West,Clothing,Bronze,1,1984,38.01,1.16,37.57,2024-11-17
TXN-0003499,Shannon White,South,Electronics,Silver,3,1947,152.78,9.52,414.71,2026-01-18
TXN-0003500,Jennifer Bennett,West,Grocery,Silver,3,1959,21.27,7.72,58.88,2025-04-19
TXN-0003501,Lisa Kaiser,South,Grocery,Bronze,3,1976,26.02,2.31,76.26,2026-01-17
TXN-0003502,Matthew Mccullough,East,Clothing,Silver,4,1954,46.45,0.0,185.8,2023-12-01
TXN-0003503,Steven Tyler,North,Home,Bronze,2,2007,77.15,0.01,154.28,2025-08-13
TXN-0003504,Robert Jones,East,Electronics,Bronze,2,1966,154.41,0.0,308.82,2026-01-23
TXN-0003505,Kim Nelson,West,Electronics,Platinum,7,1990,295.83,21.93,1616.68,2024-09-01
TXN-0003506,Katherine Garcia,East,Grocery,Gold,3,2002,28.79,12.19,75.84,2025-07-19
TXN-0003507,John Stewart,East,Electronics,Gold,4,1949,194.95,7.15,724.04,2024-03-05
TXN-0003508,Tiffany Barton,West,Grocery,Bronze,3,1958,21.65,3.98,62.36,2026-07-09
TXN-0003509,Erica Smith,West,Clothing,Silver,2,1949,49.26,6.42,92.2,2024-10-16
TXN-0003510,Colleen Cruz,South,Grocery,Gold,2,1963,23.59,12.79,41.15,2025-01-02
TXN-0003511,Anthony Mueller,Central,Clothing,Gold,3,1981,38.84,14.61,99.5,2023-11-17
TXN-0003512,Crystal Clayton,West,Clothing,Silver,1,1994,65.04,7.88,59.91,2025-08-26
TXN-0003513,Jacob Brown,Central,Grocery,Silver,3,1971,8.84,14.05,22.79,2024-11-09
TXN-0003514,Rachel Williams,Central,Home,Bronze,6,1992,50.69,5.19,288.36,2025-03-22
TXN-0003515,Keith Lloyd,Central,Electronics,Bronze,2,1997,81.3,2.25,158.94,2024-02-10
TXN-0003516,Mary Richardson,West,Grocery,Bronze,3,1969,34.78,3.16,101.04,2025-08-10
TXN-0003517,Nathan Jones,East,Clothing,Bronze,4,1966,52.04,1.24,205.58,2024-03-28
TXN-0003518,Tamara Peterson,North,Electronics,Bronze,3,1996,99.66,0.3,298.08,2024-09-30
TXN-0003519,Alan Mahoney,East,Clothing,Silver,3,1960,129.08,10.09,348.17,2024-08-19
TXN-0003520,Nathan Vargas,West,Home,Silver,1,1992,68.62,12.65,59.94,2026-03-29
TXN-0003521,Frank Payne,East,Home,Silver,5,1986,108.19,6.42,506.22,2026-09-02
TXN-0003522,Cody Woods,West,Grocery,Silver,1,1962,13.68,8.91,12.46,2025-03-25
TXN-0003523,Chad King,North,Home,Bronze,2,1957,118.82,0.0,237.64,2026-05-03
TXN-0003524,Christopher Smith,South,Electronics,Silver,5,1984,159.17,9.27,722.07,2026-06-06
TXN-0003525,Marissa Davis,East,Clothing,Platinum,7,1988,42.35,16.76,246.76,2025-07-24
TXN-0003526,Ann Parker,South,Electronics,Silver,9,1961,100.25,7.72,832.6,2024-06-11
TXN-0003527,Laura Walton,North,Grocery,Gold,1,1985,14.04,14.56,12.0,2026-05-12
TXN-0003528,Travis Powell,North,Electronics,Bronze,5,1977,112.55,6.62,525.5,2024-05-01
TXN-0003529,Maria Sullivan,West,Home,Silver,1,1945,48.58,0.0,48.58,2024-08-13
TXN-0003530,Kelly Lewis,East,Home,Silver,4,1972,116.38,12.62,406.77,2024-08-14
TXN-0003531,John Webb,North,Grocery,Silver,5,1960,26.6,11.26,118.02,2023-12-29
TXN-0003532,Lance Townsend,North,Electronics,Gold,4,1975,126.08,14.86,429.38,2026-03-01
TXN-0003533,Matthew Leonard,East,Electronics,Silver,5,1952,77.19,5.93,363.06,2025-03-25
TXN-0003534,Tyler Dominguez,North,Sports,Gold,4,2005,85.16,16.74,283.62,2026-01-01
TXN-0003535,Kimberly Alvarez,West,Home,Gold,1,1949,95.03,19.62,76.39,2024-12-07
TXN-0003536,Heather Pittman,West,Home,Gold,4,1994,63.41,12.08,223.0,2026-04-12
TXN-0003537,Teresa Cohen,South,Grocery,Bronze,3,1959,17.63,7.11,49.13,2026-01-11
TXN-0003538,Melissa Parker,East,Sports,Bronze,5,1983,28.57,5.47,135.04,2024-06-15
TXN-0003539,Brandon Carrillo,North,Clothing,Gold,4,1952,55.16,17.39,182.27,2025-02-11
TXN-0003540,Colin Mckay,South,Sports,Silver,5,1948,71.09,9.76,320.76,2026-09-25
TXN-0003541,Rachel Walsh,Central,Electronics,Platinum,3,2003,254.8,20.09,610.83,2024-12-25
TXN-0003542,Caleb Williams,East,Sports,Bronze,3,1953,81.97,0.0,245.91,2024-12-20
TXN-0003543,Benjamin Wilkinson,Central,Electronics,Gold,5,1981,165.17,11.33,732.28,2026-03-05
TXN-0003544,Katelyn Gray,South,Clothing,Gold,3,1985,109.37,15.42,277.52,2024-11-16
TXN-0003545,Kristine Bryant DVM,South,Electronics,Gold,4,1958,121.2,12.33,425.02,2025-12-05
TXN-0003546,Michael Smith,East,Grocery,Silver,4,2002,10.66,0.35,42.49,2026-08-18
TXN-0003547,Justin Foster,East,Sports,Bronze,2,1995,103.24,0.0,206.48,2024-02-22
TXN-0003548,Maurice Graham,Central,Clothing,Silver,2,1948,79.3,3.14,153.62,2024-04-25
TXN-0003549,Kenneth Watkins,North,Clothing,Silver,4,1946,79.96,7.93,294.48,2025-06-28
TXN-0003550,Stacey Davis,West,Clothing,Bronze,2,2007,50.69,5.05,96.26,2023-12-29
TXN-0003551,Janice Bailey,West,Electronics,Bronze,3,1951,124.75,2.8,363.77,2024-12-01
TXN-0003552,Amanda Hodge,East,Grocery,Gold,8,1974,11.65,7.83,85.9,2026-07-12
TXN-0003553,Jason Gomez,South,Electronics,Bronze,2,1993,117.28,0.69,232.94,2024-04-12
TXN-0003554,Julie Johnson,East,Sports,Silver,2,1969,44.29,3.37,85.59,2026-09-21
TXN-0003555,Vanessa Cunningham,South,Sports,Silver,4,2005,64.3,6.55,240.35,2024-04-21
TXN-0003556,Tonya Alexander,West,Electronics,Platinum,5,1987,285.97,22.71,1105.13,2024-10-19
TXN-0003557,Mark Santos,East,Home,Silver,1,1992,74.38,7.39,68.88,2024-05-12
TXN-0003558,Michael Walker,Central,Sports,Bronze,3,2007,78.45,2.17,230.24,2025-02-09
TXN-0003559,Michael Watkins,East,Grocery,Bronze,2,1953,21.8,7.58,40.3,2024-10-16
TXN-0003560,Cassidy Bailey,East,Grocery,Bronze,1,1957,15.86,0.0,15.86,2026-08-13
TXN-0003561,Christopher Gutierrez,West,Electronics,Bronze,5,1951,140.63,5.98,661.1,2025-05-30
TXN-0003562,Elijah Archer,East,Electronics,Gold,1,2005,250.95,12.02,220.79,2025-10-27
TXN-0003563,Lisa Hendricks,Central,Grocery,Bronze,4,1979,19.21,10.84,68.51,2024-05-05
TXN-0003564,Kristin Hudson,North,Clothing,Bronze,2,1952,81.66,3.04,158.36,2026-03-12
TXN-0003565,James Livingston,Central,Grocery,Gold,6,1963,41.52,6.76,232.28,2026-06-06
TXN-0003566,Jeffrey Evans,West,Grocery,Bronze,3,1996,13.28,0.74,39.55,2024-11-18
TXN-0003567,Dennis Santana,West,Clothing,Bronze,6,1978,52.08,0.0,312.48,2026-05-30
TXN-0003568,Nichole Parker,East,Electronics,Silver,3,1989,150.91,14.52,386.99,2025-07-02
TXN-0003569,Benjamin Mosley,West,Clothing,Bronze,3,1975,46.24,0.0,138.72,2025-05-02
TXN-0003570,Jennifer Reilly,South,Grocery,Bronze,5,1975,15.48,6.42,72.43,2025-08-30
TXN-0003571,Nicole Sanchez,West,Clothing,Platinum,5,2000,89.87,23.38,344.29,2024-01-23
TXN-0003572,Shannon Hill,North,Electronics,Gold,3,1979,165.66,8.96,452.45,2026-06-08
TXN-0003573,Darrell Ibarra,South,Sports,Gold,5,1991,179.25,7.71,827.15,2024-02-19
TXN-0003574,Deborah Fox,East,Grocery,Silver,2,2006,15.61,10.49,27.95,2025-06-14
TXN-0003575,Mary Hoffman,South,Home,Bronze,2,1973,152.47,0.83,302.41,2025-12-06
TXN-0003576,Anthony Murphy,South,Grocery,Gold,3,1993,33.31,13.07,86.87,2024-12-03
TXN-0003577,Larry Woods,West,Clothing,Silver,2,2001,53.43,7.59,98.75,2026-09-11
TXN-0003578,Virginia Caldwell,South,Sports,Bronze,2,2007,87.71,0.0,175.42,2025-04-23
TXN-0003579,Patricia Boyd,West,Grocery,Bronze,2,1971,24.52,1.76,48.18,2025-09-03
TXN-0003580,Debra Wright,North,Clothing,Silver,4,1952,45.26,11.02,161.09,2025-10-25
TXN-0003581,Adam Shannon,West,Clothing,Bronze,3,2001,98.46,0.0,295.38,2025-02-17
TXN-0003582,Betty Vazquez,West,Clothing,Bronze,2,1970,41.4,4.86,78.78,2026-03-20
TXN-0003583,John Williams,South,Grocery,Bronze,4,1949,15.0,1.24,59.26,2023-10-01
TXN-0003584,Steven Stone,West,Home,Silver,4,1960,75.3,3.02,292.1,2024-02-19
TXN-0003585,Mark Mueller,Central,Home,Bronze,4,1999,97.38,3.21,377.02,2025-09-09
TXN-0003586,John Richards,West,Sports,Silver,3,1965,84.12,6.94,234.85,2026-06-10
TXN-0003587,Beth Sanchez,South,Home,Bronze,1,1983,72.03,6.77,67.15,2026-07-25
TXN-0003588,Donald Reynolds,East,Grocery,Silver,5,2005,17.3,5.05,82.13,2026-09-15
TXN-0003589,Timothy Hernandez,West,Grocery,Bronze,1,1988,12.19,6.51,11.4,2025-04-06
TXN-0003590,Lacey Morrow,South,Home,Bronze,7,1979,135.29,1.87,929.32,2024-01-04
TXN-0003591,Omar Kelly,West,Electronics,Silver,5,1967,204.06,8.51,933.47,2026-01-05
TXN-0003592,Brian Gross,South,Grocery,Silver,4,1997,15.94,5.77,60.08,2025-06-06
TXN-0003593,Scott Lin,West,Home,Bronze,3,1992,84.14,0.0,252.42,2024-08-31
TXN-0003594,Linda Lee,North,Electronics,Silver,1,1945,126.86,10.31,113.78,2025-07-26
TXN-0003595,Lori Franco,North,Grocery,Gold,5,1972,13.0,12.84,56.65,2024-08-22
TXN-0003596,Kristi Jordan,Central,Home,Bronze,7,1977,61.65,0.85,427.88,2025-11-04
TXN-0003597,Tammy Lynch,West,Clothing,Silver,3,1966,39.78,10.48,106.83,2024-11-18
TXN-0003598,Debbie Ward,Central,Grocery,Silver,2,2005,25.17,12.24,44.18,2025-02-10
TXN-0003599,David Murphy,Central,Clothing,Gold,2,2005,79.03,11.14,140.45,2024-12-11
TXN-0003600,Bradley Walker,South,Home,Silver,3,1966,55.73,12.75,145.87,2025-03-05
TXN-0003601,Jacqueline Dyer,South,Home,Platinum,8,1945,114.93,17.26,760.74,2026-01-25
TXN-0003602,Clifford Poole,North,Electronics,Silver,5,1976,104.36,7.74,481.41,2026-03-13
TXN-0003603,Michael Taylor,East,Clothing,Silver,6,1986,71.87,10.02,388.01,2024-04-17
TXN-0003604,Chloe Ellis,South,Electronics,Bronze,1,1963,164.78,0.0,164.78,2026-02-23
TXN-0003605,Jason Douglas,Central,Electronics,Silver,5,1988,133.34,3.58,642.83,2025-10-20
TXN-0003606,David Hayes,North,Grocery,Bronze,3,1989,21.04,0.5,62.8,2025-03-14
TXN-0003607,Kathy Steele,North,Electronics,Bronze,8,1946,256.52,2.93,1992.03,2026-08-23
TXN-0003608,Jennifer Underwood,South,Sports,Bronze,2,1945,38.91,2.0,76.26,2023-12-12
TXN-0003609,Amanda Moody,North,Clothing,Silver,2,1980,81.91,0.0,163.82,2023-12-08
TXN-0003610,Marilyn Page DVM,South,Clothing,Gold,4,1980,41.64,11.62,147.21,2024-02-29
TXN-0003611,Diana Mullins,West,Sports,Gold,3,1997,123.44,7.5,342.55,2026-05-27
TXN-0003612,Brittany Ballard,South,Home,Bronze,3,1952,121.89,0.0,365.67,2025-09-10
TXN-0003613,Matthew Freeman,East,Home,Gold,5,1971,60.79,11.77,268.18,2023-10-23
TXN-0003614,Amy Baker,Central,Grocery,Gold,3,1973,14.68,13.72,38.0,2024-04-07
TXN-0003615,Elizabeth Skinner MD,East,Grocery,Gold,2,1986,21.3,11.39,37.75,2024-05-30
TXN-0003616,Riley Davenport,West,Electronics,Gold,7,1976,222.87,13.07,1356.19,2025-08-13
TXN-0003617,Carla Briggs,South,Electronics,Bronze,1,1988,189.01,0.06,188.9,2025-09-06
TXN-0003618,Diana Myers,North,Sports,Gold,2,1970,85.97,14.12,147.66,2023-09-29
TXN-0003619,Paul Blair,South,Electronics,Silver,3,1951,127.94,2.39,374.65,2025-07-23
TXN-0003620,Olivia Gonzalez,Central,Grocery,Gold,6,1948,18.21,12.72,95.36,2024-08-07
TXN-0003621,Xavier Hanson,East,Home,Bronze,4,1948,87.72,0.0,350.88,2026-09-01
TXN-0003622,Chad Taylor,South,Home,Bronze,3,1980,53.22,0.55,158.78,2024-04-19
TXN-0003623,William Lewis,East,Grocery,Bronze,1,1972,20.24,2.68,19.7,2026-07-03
TXN-0003624,Crystal Robinson,West,Sports,Silver,4,1960,65.96,3.81,253.79,2025-01-08
TXN-0003625,John Jones,West,Electronics,Bronze,5,1983,258.98,1.5,1275.48,2024-05-31
TXN-0003626,Meagan Patterson,East,Home,Gold,4,1972,135.53,11.7,478.69,2024-11-26
TXN-0003627,Timothy Smith,Central,Grocery,Bronze,4,1964,19.2,9.14,69.78,2024-02-19
TXN-0003628,Brenda Mendoza,West,Clothing,Bronze,2,1950,80.95,3.17,156.77,2026-07-10
TXN-0003629,Nicole Edwards,East,Sports,Bronze,3,1952,93.02,3.68,268.79,2025-04-09
TXN-0003630,Amy Ramirez,North,Home,Bronze,4,1955,89.3,0.0,357.2,2024-10-20
TXN-0003631,Anthony David,North,Electronics,Bronze,3,1955,97.48,0.0,292.44,2024-02-03
TXN-0003632,David Perkins,Central,Grocery,Silver,1,1983,17.02,4.8,16.2,2025-04-27
TXN-0003633,Rose Jackson,East,Sports,Platinum,3,1983,66.73,14.23,171.7,2026-07-26
TXN-0003634,Devin Hardin,South,Electronics,Bronze,2,2007,153.92,2.69,299.56,2026-07-02
TXN-0003635,Amber Fernandez,East,Grocery,Bronze,4,1950,16.61,2.87,64.53,2024-06-11
TXN-0003636,Travis Marsh,North,Electronics,Gold,4,2006,235.42,13.63,813.33,2023-12-17
TXN-0003637,Rebecca Lowery,West,Electronics,Bronze,3,1990,244.71,1.65,722.02,2025-06-04
TXN-0003638,Jesse Martin,South,Clothing,Silver,3,1952,46.36,3.79,133.81,2026-05-26
TXN-0003639,Robert Carter,West,Grocery,Silver,3,1980,11.32,4.34,32.49,2025-01-14
TXN-0003640,Amy Olsen,East,Electronics,Gold,2,1981,113.91,14.35,195.13,2026-09-18
TXN-0003641,Sydney Green,South,Electronics,Bronze,3,1951,247.09,8.87,675.52,2024-09-25
TXN-0003642,Julia Parsons,North,Grocery,Platinum,9,2001,25.16,20.75,179.45,2025-07-25
TXN-0003643,Thomas May,West,Clothing,Platinum,7,1989,36.91,21.18,203.65,2026-07-12
TXN-0003644,Erica Green,North,Electronics,Bronze,5,1970,95.75,8.56,437.77,2024-02-16
TXN-0003645,Richard Burke,North,Electronics,Silver,2,1971,130.09,6.85,242.36,2026-09-25
TXN-0003646,Tammy Williams,West,Grocery,Bronze,1,1995,33.75,0.0,33.75,2024-02-22
TXN-0003647,Joshua Herrera,South,Home,Bronze,3,1983,104.22,3.23,302.56,2023-09-29
TXN-0003648,Brittany Byrd,South,Grocery,Platinum,4,1953,16.57,25.71,49.24,2024-08-24
TXN-0003649,Gina Brennan,South,Electronics,Bronze,5,1982,153.11,5.06,726.81,2025-10-07
TXN-0003650,Christopher George,West,Home,Bronze,2,2007,46.59,2.68,90.68,2024-01-27
TXN-0003651,Lauren Watts,South,Grocery,Bronze,3,2000,16.25,0.0,48.75,2024-04-21
TXN-0003652,Peter Campbell,South,Clothing,Silver,3,1985,84.89,1.58,250.65,2026-04-07
TXN-0003653,Jonathon Stevenson,South,Electronics,Gold,2,1979,139.37,14.16,239.27,2024-09-13
TXN-0003654,Karla Burton,South,Clothing,Silver,2,1983,50.5,5.76,95.18,2025-12-12
TXN-0003655,Randy Jones,South,Clothing,Silver,4,1962,61.71,6.66,230.4,2026-08-19
TXN-0003656,Carlos Miller,North,Electronics,Bronze,3,1981,107.96,5.41,306.36,2025-08-19
TXN-0003657,Joseph Church,North,Sports,Silver,3,1997,84.27,2.6,246.24,2023-10-12
TXN-0003658,Michael Haas,South,Home,Bronze,2,2001,67.36,0.0,134.72,2023-10-10
TXN-0003659,Renee Newton,Central,Home,Silver,4,1982,75.57,11.2,268.42,2026-09-12
TXN-0003660,Thomas Daugherty,North,Electronics,Silver,4,1964,140.16,2.61,546.01,2025-03-14
TXN-0003661,Scott Roy,South,Home,Platinum,8,1958,78.86,24.06,479.09,2024-04-02
TXN-0003662,Mr. Robert Cantu,Central,Home,Gold,3,1958,93.28,14.23,240.02,2025-07-15
TXN-0003663,Heather Matthews,Central,Sports,Silver,3,1959,73.09,6.56,204.89,2026-09-10
TXN-0003664,Darlene Kelly,West,Clothing,Silver,3,1978,51.61,7.51,143.2,2024-04-20
TXN-0003665,Nancy Merritt,South,Grocery,Bronze,5,1972,18.78,3.29,90.81,2025-10-09
TXN-0003666,Brian Thompson,South,Clothing,Silver,3,2007,40.03,9.3,108.92,2024-01-16
TXN-0003667,Theresa Goodman,South,Home,Silver,4,1983,42.29,0.0,169.16,2024-09-17
TXN-0003668,Justin White,North,Sports,Silver,4,2006,74.77,11.43,264.9,2025-05-15
TXN-0003669,Scott Hernandez,South,Home,Silver,3,2002,70.75,7.86,195.57,2024-02-13
TXN-0003670,Christopher Shelton,East,Grocery,Bronze,2,1950,21.1,6.03,39.66,2024-03-05
TXN-0003671,Debbie Koch,South,Grocery,Bronze,4,1961,14.84,3.57,57.24,2024-03-06
TXN-0003672,Tyler Stout,East,Sports,Bronze,4,1948,38.6,9.64,139.52,2025-01-26
TXN-0003673,April Ryan,South,Electronics,Silver,3,1985,153.43,4.5,439.58,2025-04-20
TXN-0003674,William Phillips,South,Electronics,Platinum,4,1995,231.18,25.66,687.44,2025-01-04
TXN-0003675,Taylor Smith,West,Home,Silver,2,2002,100.41,3.98,192.83,2024-04-28
TXN-0003676,Kelly Romero,Central,Sports,Silver,2,1985,45.62,8.91,83.11,2025-05-14
TXN-0003677,Erin Nelson,South,Home,Silver,3,1959,72.31,10.72,193.68,2024-04-21
TXN-0003678,Christopher Dalton,East,Clothing,Bronze,6,1984,46.22,2.06,271.61,2026-06-20
TXN-0003679,Jamie Romero,South,Home,Bronze,6,1961,84.39,0.0,506.34,2026-08-14
TXN-0003680,Logan Golden,North,Electronics,Bronze,3,1989,130.29,2.47,381.22,2024-05-06
TXN-0003681,Michael Crawford,West,Electronics,Platinum,6,1947,86.53,18.35,423.91,2024-01-12
TXN-0003682,Stephanie Sanders,North,Electronics,Bronze,3,1946,152.48,5.16,433.84,2025-12-30
TXN-0003683,Christine Meza,South,Electronics,Silver,4,1983,264.14,3.89,1015.46,2026-02-19
TXN-0003684,Emily Hall,East,Grocery,Bronze,3,1970,14.32,0.09,42.92,2023-10-11
TXN-0003685,Thomas Wells,North,Clothing,Silver,5,1953,35.59,4.64,169.69,2026-05-03
TXN-0003686,Caitlin Howard,North,Electronics,Bronze,6,1975,263.43,0.91,1566.2,2026-07-03
TXN-0003687,Jason Blackwell,South,Home,Platinum,6,1984,176.29,20.3,843.02,2024-06-08
TXN-0003688,Bradley Pacheco,Central,Clothing,Bronze,3,1986,47.69,4.0,137.35,2025-08-11
TXN-0003689,Matthew Armstrong,East,Clothing,Gold,4,1947,59.77,14.73,203.86,2025-03-26
TXN-0003690,Brittany Mitchell,South,Clothing,Silver,3,1981,59.42,2.52,173.77,2024-08-23
TXN-0003691,Thomas Friedman,North,Electronics,Bronze,1,1949,218.38,0.0,218.38,2026-05-30
TXN-0003692,Colleen Hernandez,East,Grocery,Silver,3,1992,12.18,4.95,34.73,2024-05-20
TXN-0003693,Peter Haynes,North,Electronics,Silver,6,1990,158.34,5.78,895.13,2025-06-28
TXN-0003694,Jeffrey Ford,East,Electronics,Bronze,2,1979,109.25,0.0,218.5,2026-05-12
TXN-0003695,Brittany Ortiz,West,Electronics,Silver,6,1995,180.55,4.38,1035.85,2026-08-29
TXN-0003696,Miranda Beck,South,Clothing,Silver,3,1984,93.4,11.54,247.86,2025-08-15
TXN-0003697,Amanda Bennett,South,Electronics,Silver,3,1982,179.8,8.08,495.82,2024-08-30
TXN-0003698,David Robertson,North,Clothing,Silver,1,1945,40.85,3.13,39.57,2024-02-09
TXN-0003699,Kristen Davis,North,Clothing,Silver,10,1956,77.93,8.4,713.84,2024-03-02
TXN-0003700,Brian Pena,South,Electronics,Bronze,2,1985,129.19,0.56,256.93,2024-05-02
TXN-0003701,Amanda Nelson,Central,Grocery,Bronze,2,2004,21.24,8.47,38.88,2024-04-06
TXN-0003702,Sarah Bush,South,Clothing,Bronze,3,1977,41.91,0.0,125.73,2026-03-31
TXN-0003703,Robert Miller,East,Electronics,Silver,4,2007,100.5,5.27,380.81,2025-05-16
TXN-0003704,Anna Poole,West,Home,Bronze,3,1971,68.99,0.96,204.98,2025-03-27
TXN-0003705,Jacqueline Phillips,North,Electronics,Bronze,4,1953,62.13,0.0,248.52,2025-07-26
TXN-0003706,Sophia Dawson,North,Grocery,Gold,2,1988,12.32,14.62,21.04,2025-01-28
TXN-0003707,Sheila Stephens,South,Electronics,Bronze,3,1990,338.54,2.16,993.68,2024-05-02
TXN-0003708,Wendy Evans,West,Home,Bronze,3,1945,33.55,3.19,97.44,2024-10-16
TXN-0003709,Phillip Rodriguez,South,Sports,Gold,5,2000,43.28,13.1,188.05,2024-12-01
TXN-0003710,Justin Brown,West,Electronics,Silver,2,1993,294.34,7.64,543.7,2026-06-25
TXN-0003711,Eric Anderson,West,Electronics,Gold,6,1982,114.36,18.68,557.99,2024-02-05
TXN-0003712,April Norton,West,Home,Bronze,2,2000,78.15,3.92,150.17,2024-10-17
TXN-0003713,Timothy Sexton,Central,Sports,Silver,3,1990,74.6,0.72,222.19,2026-02-03
TXN-0003714,Mr. John Decker MD,West,Clothing,Platinum,4,1952,30.89,21.09,97.5,2026-04-18
TXN-0003715,Tina Little,West,Home,Bronze,4,1986,129.69,6.08,487.22,2026-04-17
TXN-0003716,Seth Curry,West,Electronics,Bronze,1,1967,153.39,0.0,153.39,2026-04-28
TXN-0003717,Barbara Graham,West,Home,Bronze,3,2007,72.07,0.0,216.21,2024-12-13
TXN-0003718,Edward White,West,Clothing,Gold,4,1999,76.53,15.1,259.9,2026-09-04
TXN-0003719,Michelle Graham,Central,Home,Bronze,5,1989,56.49,5.4,267.2,2023-11-08
TXN-0003720,Benjamin White,East,Electronics,Silver,4,1948,162.16,7.6,599.34,2026-07-16
TXN-0003721,Austin Mitchell,East,Home,Silver,4,2002,63.09,8.53,230.83,2025-01-08
TXN-0003722,Kim Flynn,East,Electronics,Platinum,3,1959,103.1,24.8,232.59,2024-08-12
TXN-0003723,Nicholas Pace,West,Grocery,Bronze,1,1994,36.28,0.2,36.21,2025-12-10
TXN-0003724,Laura Atkins,South,Grocery,Silver,6,1995,18.81,3.7,108.68,2026-04-27
TXN-0003725,Ann Huffman,West,Grocery,Platinum,2,1976,25.08,19.12,40.57,2025-11-27
TXN-0003726,Roger Sullivan,West,Sports,Bronze,4,1967,62.52,2.61,243.55,2024-07-17
TXN-0003727,Vanessa Ramirez,Central,Home,Silver,2,1957,62.78,8.1,115.39,2025-05-28
TXN-0003728,Anne Martin,South,Grocery,Bronze,4,1966,6.05,4.7,23.06,2024-12-30
TXN-0003729,Ashley Dunn,West,Electronics,Bronze,1,1949,143.2,7.83,131.99,2026-06-27
TXN-0003730,Shaun Henderson,West,Sports,Bronze,5,1970,41.97,2.65,204.29,2023-12-21
TXN-0003731,Michael Jackson,Central,Home,Bronze,5,1971,93.03,0.0,465.15,2024-10-03
TXN-0003732,Aaron Mayer,Central,Clothing,Bronze,2,2005,34.98,0.0,69.96,2025-11-04
TXN-0003733,Kimberly Lee,East,Clothing,Gold,4,1973,64.79,13.48,224.23,2025-05-19
TXN-0003734,Shane Smith,East,Grocery,Silver,3,1948,37.0,12.09,97.58,2024-03-21
TXN-0003735,Erin White,North,Grocery,Bronze,3,1954,48.4,4.29,138.97,2024-10-06
TXN-0003736,Joseph Young,Central,Grocery,Silver,6,1968,20.14,3.89,116.14,2025-11-12
TXN-0003737,Taylor Tran,South,Home,Platinum,4,1964,89.64,17.72,295.02,2026-06-15
TXN-0003738,Jason Patrick,West,Clothing,Bronze,1,1967,43.03,0.98,42.61,2026-04-07
TXN-0003739,Richard Saunders,West,Sports,Bronze,2,1973,57.05,2.26,111.52,2024-01-16
TXN-0003740,Jerry Ferguson,East,Home,Bronze,4,2006,65.25,1.05,258.26,2025-12-26
TXN-0003741,Rodney Avila,South,Home,Gold,4,1947,151.21,9.94,544.72,2023-10-16
TXN-0003742,Shannon Thompson,North,Home,Gold,5,1963,78.46,10.37,351.62,2025-04-10
TXN-0003743,Stacy Macias,West,Home,Silver,2,1965,191.7,6.74,357.56,2025-01-31
TXN-0003744,Stephanie Nunez,East,Grocery,Bronze,7,2004,13.0,2.73,88.52,2024-04-20
TXN-0003745,Christina Olsen,North,Home,Silver,7,1985,85.67,3.6,578.1,2025-05-20
TXN-0003746,Paul Wagner,West,Grocery,Silver,5,1970,11.55,8.12,53.06,2026-02-26
TXN-0003747,Sophia Richmond,South,Grocery,Bronze,4,1947,21.69,8.35,79.52,2025-07-12
TXN-0003748,Nicole Tate,Central,Clothing,Bronze,1,1973,51.23,2.72,49.84,2025-04-17
TXN-0003749,Jesse Wright,South,Electronics,Bronze,2,1999,158.14,2.96,306.92,2026-01-23
TXN-0003750,Traci Rodriguez,South,Home,Silver,2,1987,80.75,2.2,157.95,2026-08-23
TXN-0003751,Cheryl Beck,North,Home,Platinum,3,2003,109.36,22.58,254.0,2024-06-22
TXN-0003752,Christina Perez,East,Home,Bronze,5,1975,113.8,0.0,569.0,2025-09-28
TXN-0003753,Annette Fernandez,East,Sports,Gold,4,1962,100.32,16.75,334.07,2024-01-19
TXN-0003754,Tricia Bailey,West,Electronics,Silver,6,1958,115.11,13.31,598.73,2023-10-23
TXN-0003755,Omar Chandler,East,Clothing,Silver,3,1983,61.54,4.63,176.07,2026-03-28
TXN-0003756,John Erickson,South,Grocery,Gold,4,1997,15.12,10.74,53.98,2024-01-10
TXN-0003757,Teresa Smith,South,Sports,Silver,3,1981,119.4,8.87,326.43,2023-10-19
TXN-0003758,Karen Cruz,South,Clothing,Bronze,2,1962,59.97,0.0,119.94,2024-11-08
TXN-0003759,Jenny Soto,Central,Electronics,Bronze,3,1983,177.73,2.35,520.66,2024-08-28
TXN-0003760,Kevin Smith,North,Clothing,Gold,3,1999,49.92,11.99,131.8,2023-11-28
TXN-0003761,Kimberly Garcia,Central,Home,Silver,3,1982,67.7,6.72,189.45,2023-12-30
TXN-0003762,Deborah Townsend,South,Home,Bronze,1,2005,92.34,0.0,92.34,2025-06-07
TXN-0003763,Julie Wallace,North,Clothing,Silver,4,1961,84.44,8.77,308.14,2025-11-22
TXN-0003764,Joe Gordon,South,Clothing,Bronze,3,1978,42.01,10.6,112.67,2024-12-16
TXN-0003765,Wayne Barnes,North,Grocery,Bronze,2,1960,28.57,0.55,56.83,2026-05-31
TXN-0003766,Maria Weaver,West,Home,Gold,6,1955,109.85,7.96,606.64,2025-11-14
TXN-0003767,Matthew Thompson,East,Grocery,Bronze,2,1952,8.84,4.8,16.83,2025-07-04
TXN-0003768,Wanda Short,South,Clothing,Bronze,4,1955,39.92,0.0,159.68,2025-07-17
TXN-0003769,James Richardson,West,Clothing,Bronze,1,1965,122.52,2.11,119.93,2026-09-22
TXN-0003770,Jennifer Cruz,East,Clothing,Gold,6,1998,52.71,10.52,282.99,2025-06-13
TXN-0003771,Sergio Andrews,Central,Sports,Bronze,3,1957,54.66,0.0,163.98,2024-02-03
TXN-0003772,Franklin Harris,Central,Clothing,Bronze,5,1962,40.53,3.09,196.39,2026-06-19
TXN-0003773,Leslie Vance,West,Home,Bronze,5,1991,85.82,0.0,429.1,2026-01-08
TXN-0003774,Gabriel Guzman,West,Home,Bronze,3,1976,124.11,0.0,372.33,2026-01-10
TXN-0003775,Lori Smith,West,Grocery,Bronze,5,1986,15.99,3.02,77.54,2026-05-11
TXN-0003776,Edward Taylor,East,Clothing,Bronze,3,1994,41.93,12.05,110.63,2024-05-22
TXN-0003777,Alison Adams,West,Clothing,Bronze,4,1974,24.89,5.56,94.02,2024-12-02
TXN-0003778,Phillip Jenkins,North,Grocery,Silver,2,1948,13.09,6.86,24.38,2024-02-04
TXN-0003779,Yolanda Brown,West,Electronics,Bronze,6,1974,125.31,12.62,656.98,2025-01-21
TXN-0003780,Malik Washington,Central,Home,Bronze,4,1972,100.72,0.0,402.88,2024-01-28
TXN-0003781,Kristen Larson,North,Clothing,Silver,4,2004,63.39,9.01,230.71,2025-11-30
TXN-0003782,Michael Scott,West,Sports,Bronze,3,1987,124.1,8.41,340.99,2024-08-08
TXN-0003783,Luke Duncan,Central,Grocery,Bronze,4,1983,11.87,0.0,47.48,2024-05-26
TXN-0003784,Bernard Hicks,South,Electronics,Platinum,4,1981,167.65,21.06,529.37,2026-01-08
TXN-0003785,Rebecca Boone,East,Grocery,Silver,4,1969,19.04,4.79,72.51,2025-02-16
TXN-0003786,Joel Roberts,Central,Grocery,Silver,3,1970,12.68,5.81,35.83,2025-05-26
TXN-0003787,Tony Cooper,Central,Home,Silver,4,1959,123.88,8.44,453.7,2026-03-26
TXN-0003788,Kevin Stokes,North,Electronics,Platinum,4,1967,290.52,13.82,1001.48,2026-06-09
TXN-0003789,James Frank,South,Electronics,Bronze,5,1990,161.34,0.0,806.7,2026-07-03
TXN-0003790,Deborah Stewart,West,Home,Bronze,1,1950,76.15,2.13,74.53,2026-08-20
TXN-0003791,Carol Bowman,South,Clothing,Gold,4,1979,92.78,6.86,345.66,2026-06-23
TXN-0003792,Sheri Murphy,South,Grocery,Bronze,5,1983,20.97,0.71,104.11,2024-01-08
TXN-0003793,Russell Downs,North,Clothing,Silver,7,1954,35.95,1.67,247.45,2025-01-21
TXN-0003794,Charles Ellis,North,Home,Bronze,3,1948,84.1,0.0,252.3,2026-09-17
TXN-0003795,Dylan Guzman,East,Clothing,Bronze,2,1972,48.45,5.23,91.83,2025-08-07
TXN-0003796,Ryan White,West,Home,Silver,2,1977,66.94,7.35,124.04,2024-10-02
TXN-0003797,Dawn Meyer,East,Electronics,Silver,4,1956,120.96,6.24,453.65,2023-12-26
TXN-0003798,April Wiley,West,Clothing,Silver,7,1953,43.51,5.46,287.94,2024-10-11
TXN-0003799,Cheryl Wade,South,Electronics,Bronze,2,1963,212.5,3.1,411.82,2024-02-08
TXN-0003800,John Estrada,South,Home,Bronze,2,1947,81.19,0.33,161.84,2025-08-02
TXN-0003801,Cynthia Larson,North,Clothing,Silver,3,1984,56.68,4.36,162.63,2024-03-26
TXN-0003802,Roy Paul,South,Grocery,Bronze,9,1975,25.25,5.66,214.39,2025-09-01
TXN-0003803,Gregory Joyce,South,Electronics,Silver,2,1981,144.11,4.84,274.27,2026-05-06
TXN-0003804,Chase Choi,North,Home,Silver,2,1964,59.08,11.69,104.35,2026-04-30
TXN-0003805,Suzanne Williams,North,Home,Bronze,5,1982,125.25,0.06,625.87,2023-12-22
TXN-0003806,Michael Cortez,North,Electronics,Bronze,2,1975,140.05,4.63,267.13,2025-01-20
TXN-0003807,Jennifer Vargas,West,Electronics,Gold,2,2005,298.5,13.9,514.02,2026-07-28
TXN-0003808,Linda Newman,East,Clothing,Bronze,3,1955,78.29,3.97,225.55,2026-07-16
TXN-0003809,Walter Howard,Central,Home,Bronze,1,1973,108.32,3.01,105.06,2024-06-26
TXN-0003810,Justin Saunders,West,Sports,Platinum,6,2005,81.18,22.5,377.49,2024-03-31
TXN-0003811,Jeffrey Weaver,East,Electronics,Bronze,5,2004,237.01,7.09,1101.03,2023-10-17
TXN-0003812,Wanda Reynolds,North,Grocery,Gold,3,1945,19.64,9.92,53.08,2024-04-28
TXN-0003813,Kathryn Castillo,East,Grocery,Bronze,3,1966,8.42,7.21,23.44,2026-09-21
TXN-0003814,Alicia Wilson,North,Grocery,Bronze,1,1953,17.37,0.96,17.2,2023-10-15
TXN-0003815,Jason Day,South,Home,Silver,5,1988,109.93,0.66,546.02,2024-06-08
TXN-0003816,Brian Christensen,South,Sports,Bronze,3,1989,52.78,4.39,151.39,2025-11-07
TXN-0003817,Stephen Martinez,South,Home,Silver,4,1980,222.99,9.9,803.66,2025-03-19
TXN-0003818,Thomas Turner,South,Grocery,Bronze,4,2003,17.1,3.76,65.83,2025-12-18
TXN-0003819,Bonnie Larson,West,Clothing,Silver,1,1947,66.95,5.81,63.06,2025-12-09
TXN-0003820,John Ortega,West,Grocery,Gold,4,1947,27.13,9.71,97.98,2024-11-03
TXN-0003821,Kristin Hickman,West,Sports,Silver,2,2003,92.66,5.15,175.78,2024-06-13
TXN-0003822,Jacqueline Turner,East,Sports,Silver,5,1946,72.25,7.58,333.87,2025-04-27
TXN-0003823,Charles Strickland,East,Clothing,Bronze,5,2005,63.28,1.04,313.11,2024-04-12
TXN-0003824,Thomas Carr,North,Grocery,Bronze,2,1980,16.82,0.0,33.64,2024-11-18
TXN-0003825,John Stewart,West,Electronics,Gold,6,1984,154.8,12.09,816.51,2024-03-29
TXN-0003826,Christopher Mcmillan,East,Grocery,Silver,3,1972,12.05,4.09,34.67,2023-11-12
TXN-0003827,Lee Rivera,South,Clothing,Silver,3,1984,50.21,4.65,143.63,2025-03-01
TXN-0003828,Mark Keller,South,Grocery,Silver,2,1957,11.81,9.55,21.36,2025-07-25
TXN-0003829,Allen Porter,Central,Clothing,Bronze,6,1951,54.91,0.0,329.46,2024-11-23
TXN-0003830,Mr. Joshua Cohen,East,Electronics,Bronze,2,1953,138.76,3.15,268.78,2025-12-19
TXN-0003831,Kyle Burke,East,Electronics,Bronze,5,1955,190.71,0.11,952.5,2024-01-05
TXN-0003832,Brent Holloway,East,Electronics,Silver,2,1998,94.8,7.95,174.53,2024-11-09
TXN-0003833,Danny Smith,South,Clothing,Bronze,2,1972,39.74,0.0,79.48,2026-03-11
TXN-0003834,Tracy Roberts,East,Grocery,Bronze,4,1952,13.04,1.23,51.52,2026-05-29
TXN-0003835,Colleen Martin,South,Grocery,Silver,2,1960,17.91,3.99,34.39,2024-01-25
TXN-0003836,Stephanie Brown,South,Grocery,Silver,4,1988,16.52,8.02,60.78,2025-11-06
TXN-0003837,Jennifer Barrett,West,Grocery,Silver,4,1967,26.42,0.6,105.05,2025-09-04
TXN-0003838,Tara Jones,North,Clothing,Gold,5,1997,55.81,12.66,243.72,2025-11-29
TXN-0003839,Kaitlyn Leblanc,West,Home,Silver,2,1946,90.0,2.36,175.75,2025-04-09
TXN-0003840,Madeline Ford,South,Home,Bronze,3,1946,62.21,0.0,186.63,2023-12-23
TXN-0003841,Raymond Herrera,West,Electronics,Gold,4,1993,144.62,11.8,510.22,2025-11-12
TXN-0003842,Danielle Reed,East,Home,Silver,3,1991,56.42,9.47,153.23,2026-02-24
TXN-0003843,Michael Spencer,West,Grocery,Silver,2,1950,21.4,1.05,42.35,2024-06-13
TXN-0003844,Kevin Torres,East,Home,Gold,5,1988,120.37,6.41,563.27,2025-04-21
TXN-0003845,Hannah Marquez,Central,Grocery,Bronze,1,1958,10.62,5.88,10.0,2024-05-29
TXN-0003846,Jared Madden,East,Electronics,Silver,2,1979,162.51,5.75,306.33,2024-10-28
TXN-0003847,Jacob Miller,West,Grocery,Bronze,5,1991,17.35,0.0,86.75,2024-03-05
TXN-0003848,George Williams,West,Electronics,Bronze,5,1950,243.88,0.48,1213.55,2026-03-07
TXN-0003849,Amber Parker,South,Grocery,Silver,4,2007,12.69,5.28,48.08,2026-08-10
TXN-0003850,Jerome Parker,South,Clothing,Bronze,3,2002,42.16,0.0,126.48,2024-03-25
TXN-0003851,Phillip Fowler,South,Home,Bronze,4,1964,98.71,2.74,384.02,2024-09-16
TXN-0003852,Charles Gonzales,South,Home,Silver,1,2002,75.87,1.01,75.1,2025-11-26
TXN-0003853,Natalie Oconnor,South,Clothing,Bronze,5,1978,47.23,2.09,231.21,2023-10-01
TXN-0003854,Richard Murray,South,Clothing,Silver,3,1966,46.92,5.29,133.31,2023-12-05
TXN-0003855,Eric Shaffer,East,Electronics,Bronze,5,2000,192.11,1.7,944.22,2023-10-17
TXN-0003856,Christina Roberts,South,Home,Bronze,3,1966,133.95,5.04,381.6,2024-10-11
TXN-0003857,Christina Cook,West,Sports,Silver,4,1972,72.87,10.44,261.05,2023-12-08
TXN-0003858,Joseph Walker Jr.,South,Clothing,Silver,2,1979,50.03,12.46,87.59,2025-09-29
TXN-0003859,Bradley Cobb,West,Home,Silver,8,1958,113.56,0.23,906.39,2025-04-15
TXN-0003860,Cynthia Newman,North,Grocery,Platinum,3,2000,19.35,21.16,45.77,2025-05-14
TXN-0003861,Veronica Simmons,East,Home,Bronze,1,1999,95.14,4.6,90.76,2024-05-18
TXN-0003862,John Nichols,North,Grocery,Bronze,2,2003,26.77,0.0,53.54,2024-07-02
TXN-0003863,Thomas Jones,West,Clothing,Gold,6,1999,37.86,12.79,198.11,2023-11-21
TXN-0003864,Karen Alvarez,South,Clothing,Silver,3,1960,50.16,11.54,133.11,2026-02-02
TXN-0003865,Ronald Graham,Central,Electronics,Platinum,4,1981,113.51,19.16,367.05,2026-07-12
TXN-0003866,Arthur White,South,Electronics,Silver,5,1980,132.61,11.42,587.33,2025-07-10
TXN-0003867,Eric Murphy,East,Home,Silver,5,1995,57.6,6.69,268.73,2024-09-10
TXN-0003868,Tammy Daniel,South,Grocery,Bronze,2,1967,15.77,3.48,30.44,2025-02-08
TXN-0003869,Dr. Jose Garcia,East,Electronics,Bronze,5,1978,182.13,5.12,864.02,2024-10-17
TXN-0003870,Ashley Coleman,East,Sports,Silver,3,1958,29.86,3.06,86.84,2025-07-05
TXN-0003871,Eduardo Booth,South,Clothing,Silver,6,1978,49.06,8.38,269.69,2025-02-06
TXN-0003872,Nicholas Ramos MD,South,Clothing,Gold,5,1945,53.3,11.19,236.68,2024-11-22
TXN-0003873,Robert Chapman,North,Sports,Platinum,8,1945,68.1,24.14,413.29,2024-01-26
TXN-0003874,Eric Clark,North,Sports,Bronze,3,1963,41.72,0.82,124.13,2026-03-03
TXN-0003875,Kevin Johnston,Central,Home,Silver,6,1989,125.75,5.77,710.97,2025-04-29
TXN-0003876,Lori Jordan,South,Clothing,Gold,1,1965,76.49,9.98,68.86,2024-03-31
TXN-0003877,Gloria Lynch,North,Electronics,Gold,3,1988,238.75,12.76,624.86,2025-11-15
TXN-0003878,Rachel Norris,Central,Clothing,Gold,4,1986,45.24,14.86,154.07,2026-08-08
TXN-0003879,Joseph Spencer,North,Grocery,Silver,5,1963,19.12,7.2,88.72,2023-12-18
TXN-0003880,Kenneth Schmidt,South,Clothing,Platinum,3,1985,42.6,27.71,92.39,2024-07-02
TXN-0003881,Timothy Fletcher,West,Grocery,Bronze,6,1970,12.37,0.41,73.92,2024-09-08
TXN-0003882,Michael Fernandez,Central,Electronics,Bronze,4,2006,107.93,0.0,431.72,2025-12-07
TXN-0003883,Joseph Conway,West,Home,Bronze,6,1946,96.55,1.54,570.38,2023-12-08
TXN-0003884,Edward Hill,East,Clothing,Silver,1,1986,73.69,8.19,67.65,2025-06-11
TXN-0003885,Paula Evans,Central,Home,Gold,3,1997,141.18,8.53,387.41,2024-01-13
TXN-0003886,Stephanie Santiago,North,Home,Silver,6,1954,88.45,11.58,469.24,2025-09-19
TXN-0003887,Lauren Kim,Central,Sports,Silver,2,2006,59.07,6.1,110.93,2024-12-09
TXN-0003888,Sherri Colon,West,Sports,Bronze,1,1982,72.5,7.94,66.74,2025-01-22
TXN-0003889,Erin Mckinney,Central,Grocery,Silver,1,1980,25.29,11.67,22.34,2025-02-17
TXN-0003890,Joseph Dougherty,South,Electronics,Bronze,3,1955,282.31,4.31,810.43,2024-02-09
TXN-0003891,Sarah Williams,North,Sports,Silver,3,1982,113.24,6.92,316.21,2026-02-03
TXN-0003892,Jeremy Silva,West,Sports,Bronze,3,1954,109.41,0.0,328.23,2025-09-06
TXN-0003893,Lisa Prince,East,Sports,Silver,5,1970,120.79,4.79,575.02,2023-10-10
TXN-0003894,Sara Wilkins,East,Home,Silver,3,2003,92.35,3.23,268.1,2025-04-23
TXN-0003895,Joshua Fowler,Central,Electronics,Silver,10,1959,176.58,3.08,1711.41,2024-08-04
TXN-0003896,Jodi Miller,East,Grocery,Silver,5,1956,26.09,8.01,120.0,2024-12-23
TXN-0003897,Garrett Carpenter,South,Clothing,Platinum,4,1945,65.86,21.14,207.75,2026-02-19
TXN-0003898,Vincent Schaefer,South,Clothing,Gold,5,1975,74.5,7.55,344.38,2025-01-12
TXN-0003899,Rachel Norton,North,Clothing,Bronze,3,1991,44.46,0.29,132.99,2026-05-22
TXN-0003900,Jon Russo,North,Home,Bronze,3,2002,146.84,0.0,440.52,2024-10-08
TXN-0003901,Jeanne Mills,North,Clothing,Bronze,4,1951,46.19,7.1,171.64,2025-09-17
TXN-0003902,Nicholas Little,West,Grocery,Bronze,2,1983,26.57,0.0,53.14,2025-04-22
TXN-0003903,Jonathan Walton,West,Home,Bronze,2,1955,87.22,8.71,159.25,2026-04-04
TXN-0003904,Ashley Miller,East,Home,Gold,8,1973,74.67,15.03,507.58,2025-11-02
TXN-0003905,William Vasquez,South,Electronics,Gold,3,1961,79.63,4.04,229.24,2024-07-27
TXN-0003906,Denise Hendricks,West,Sports,Bronze,6,1966,69.49,0.0,416.94,2026-01-24
TXN-0003907,Stacy Johnson,West,Clothing,Gold,5,1977,35.55,14.56,151.87,2024-10-12
TXN-0003908,Mary Delacruz,Central,Clothing,Gold,4,1952,39.82,10.62,142.36,2024-05-18
TXN-0003909,Laura Singleton,East,Home,Bronze,3,1999,107.56,1.04,319.32,2023-10-07
TXN-0003910,Jill Ray,West,Clothing,Gold,5,1999,32.33,20.96,127.77,2025-06-25
TXN-0003911,Charles Hensley,East,Grocery,Platinum,4,1961,27.69,18.52,90.25,2023-11-04
TXN-0003912,Lauren Walker,East,Electronics,Platinum,6,1995,386.57,16.21,1943.44,2024-09-23
TXN-0003913,Ann Calderon,West,Grocery,Gold,4,1986,15.2,16.21,50.94,2026-01-16
TXN-0003914,Jonathan Potter,South,Electronics,Bronze,2,2002,243.9,0.0,487.8,2025-03-19
TXN-0003915,Julie Curry,South,Sports,Bronze,3,1992,46.0,4.46,131.85,2026-06-11
TXN-0003916,Maureen Lee,South,Home,Platinum,2,1993,103.53,22.04,161.42,2026-09-09
TXN-0003917,Alicia Garner,East,Electronics,Bronze,3,1977,181.17,8.39,497.91,2023-10-12
TXN-0003918,David Silva,East,Home,Silver,2,1975,264.04,8.45,483.46,2025-03-01
TXN-0003919,Tyler Patel,West,Clothing,Bronze,3,1959,48.28,1.18,143.13,2023-09-30
TXN-0003920,Victoria Parker,South,Sports,Silver,3,1957,88.17,6.9,246.26,2026-07-15
TXN-0003921,Emily Martinez,South,Grocery,Bronze,6,1978,16.87,9.48,91.62,2025-05-04
TXN-0003922,Amanda Brown,West,Home,Gold,1,2000,79.03,13.22,68.58,2025-01-17
TXN-0003923,Samantha Salinas,South,Clothing,Silver,3,1976,52.4,6.25,147.38,2024-03-07
TXN-0003924,Michelle Williams,Central,Sports,Bronze,3,1957,70.21,1.77,206.9,2024-08-11
TXN-0003925,Shawn Evans,South,Grocery,Bronze,3,1981,14.42,3.67,41.67,2025-12-29
TXN-0003926,Christine Jones,East,Home,Silver,2,1974,98.85,5.68,186.47,2024-10-01
TXN-0003927,Michael Buchanan,East,Clothing,Gold,4,1960,40.2,9.38,145.72,2025-07-11
TXN-0003928,James Morales DVM,West,Clothing,Gold,3,1986,47.82,10.65,128.18,2025-10-31
TXN-0003929,Michael Hicks,North,Grocery,Gold,4,1966,35.27,9.9,127.11,2023-12-30
TXN-0003930,Laura Clark,Central,Home,Silver,4,1998,86.42,6.46,323.35,2024-05-06
TXN-0003931,Luke Bush,East,Grocery,Gold,3,1996,24.55,10.85,65.66,2024-12-05
TXN-0003932,Kimberly Cantrell,East,Home,Silver,4,1998,87.63,6.37,328.19,2024-02-19
TXN-0003933,Sarah Jordan,East,Home,Silver,3,2003,117.77,6.47,330.45,2023-12-05
TXN-0003934,Tyler Cole,North,Home,Silver,4,1967,84.66,7.92,311.82,2024-09-21
TXN-0003935,Matthew Valencia,East,Grocery,Bronze,5,1991,7.28,0.0,36.4,2025-12-13
TXN-0003936,Cynthia Freeman,South,Clothing,Silver,5,1952,54.41,12.96,236.79,2025-06-30
TXN-0003937,Gregory Wiley,South,Grocery,Silver,3,1990,12.68,11.36,33.72,2026-09-20
TXN-0003938,Dylan Long,East,Clothing,Bronze,3,1975,49.52,3.89,142.78,2025-04-28
TXN-0003939,Amanda Anderson,East,Grocery,Gold,4,1967,22.9,15.58,77.33,2025-09-09
TXN-0003940,Cynthia Tucker,North,Sports,Bronze,4,1999,141.63,0.0,566.52,2024-02-06
TXN-0003941,Scott Stephens,North,Grocery,Silver,5,1967,10.99,4.96,52.22,2026-03-18
TXN-0003942,Ralph Gray,North,Clothing,Gold,5,1963,50.59,11.34,224.27,2024-02-23
TXN-0003943,Thomas Phillips,North,Grocery,Bronze,4,1985,18.11,0.0,72.44,2025-11-21
TXN-0003944,Jamie Scott,East,Electronics,Bronze,3,1978,162.76,0.68,484.96,2024-04-22
TXN-0003945,Michael Gutierrez,North,Electronics,Silver,2,1994,163.14,14.95,277.5,2026-06-13
TXN-0003946,Brian Kidd,Central,Grocery,Bronze,4,1954,21.92,2.37,85.6,2025-06-01
TXN-0003947,Travis Walters,South,Grocery,Bronze,2,2007,15.44,7.36,28.61,2024-01-22
TXN-0003948,Joseph Meyers,North,Electronics,Gold,4,1991,149.26,18.12,488.86,2026-04-04
TXN-0003949,Jennifer Baker,Central,Sports,Bronze,4,1966,86.1,0.0,344.4,2026-02-26
TXN-0003950,Tracey Johnson,South,Clothing,Silver,2,1983,43.07,7.13,80.0,2024-01-02
TXN-0003951,Kimberly Taylor,South,Sports,Bronze,4,1945,60.98,0.61,242.43,2025-08-03
TXN-0003952,Alejandra Thomas,Central,Grocery,Bronze,3,1991,17.59,5.26,49.99,2026-07-23
TXN-0003953,Jay Peck,Central,Sports,Bronze,1,1948,60.98,3.65,58.75,2024-04-18
TXN-0003954,Ashley Schultz,West,Grocery,Platinum,8,1963,12.78,25.83,75.83,2024-09-29
TXN-0003955,Jody Rice,North,Sports,Silver,3,1995,51.13,7.72,141.55,2024-12-24
TXN-0003956,Leslie Bauer,East,Home,Bronze,3,1987,88.64,4.89,252.92,2024-11-06
TXN-0003957,Laura Andrews,Central,Electronics,Bronze,3,1978,258.47,0.0,775.41,2025-01-29
TXN-0003958,Jon Green,Central,Clothing,Silver,2,1955,63.1,1.87,123.84,2025-05-30
TXN-0003959,Sylvia Dalton,North,Grocery,Silver,6,1992,12.9,9.35,70.16,2026-09-20
TXN-0003960,Melissa Smith,South,Electronics,Bronze,4,1971,275.09,2.52,1072.63,2025-02-15
TXN-0003961,Jonathan Gallagher,South,Sports,Bronze,3,1986,62.93,3.94,181.35,2025-02-03
TXN-0003962,Louis Gibson,North,Electronics,Silver,2,1997,278.85,11.95,491.05,2025-08-31
TXN-0003963,Francisco Woodward,West,Grocery,Silver,4,2007,17.54,8.18,64.42,2024-11-23
TXN-0003964,Michael Guerra,South,Home,Gold,11,1977,98.79,15.9,913.91,2024-09-24
TXN-0003965,Kimberly Orozco,South,Grocery,Silver,2,1983,15.84,10.58,28.33,2024-01-22
TXN-0003966,John Chavez,North,Sports,Silver,4,2001,67.56,6.48,252.73,2024-08-07
TXN-0003967,Alison Faulkner,East,Clothing,Silver,4,1973,89.22,4.9,339.39,2024-04-26
TXN-0003968,Toni Galloway,North,Grocery,Silver,5,1996,16.9,13.92,72.74,2026-03-24
TXN-0003969,Nina Combs,South,Electronics,Silver,5,1992,222.56,8.35,1019.88,2024-03-15
TXN-0003970,Patricia Cannon,North,Grocery,Bronze,3,1978,18.3,3.01,53.25,2024-05-26
TXN-0003971,Eric Clark,Central,Grocery,Platinum,2,2006,17.29,16.56,28.85,2024-03-10
TXN-0003972,Kelly Brown,North,Clothing,Bronze,6,1966,68.42,2.87,398.74,2024-06-09
TXN-0003973,Joshua Ramos DDS,East,Electronics,Silver,3,2005,153.52,8.13,423.12,2025-08-26
TXN-0003974,Courtney Young,North,Clothing,Silver,4,1992,41.75,3.72,160.79,2025-09-20
TXN-0003975,Philip Cole,North,Electronics,Gold,1,1980,122.69,15.59,103.56,2025-01-27
TXN-0003976,Anna Love,South,Grocery,Bronze,4,1992,22.04,1.11,87.18,2025-06-20
TXN-0003977,Lisa Rodriguez,North,Clothing,Gold,4,1962,25.38,5.26,96.18,2024-04-02
TXN-0003978,Cheryl Petersen,North,Sports,Bronze,4,1977,85.55,0.17,341.62,2026-01-07
TXN-0003979,Tracy Lopez,East,Sports,Bronze,3,1990,45.34,5.39,128.69,2025-04-06
TXN-0003980,Casey Baker,West,Sports,Gold,6,1953,79.74,9.86,431.27,2024-08-15
TXN-0003981,Andrew Green,North,Home,Bronze,2,2007,143.78,10.46,257.48,2025-08-30
TXN-0003982,Carolyn Kane,East,Clothing,Silver,6,1965,40.36,8.67,221.16,2025-01-18
TXN-0003983,Lisa Ramsey,East,Grocery,Silver,3,1992,21.62,14.83,55.24,2025-09-16
TXN-0003984,Joel Smith,South,Grocery,Platinum,7,1975,26.68,16.14,156.62,2024-11-12
TXN-0003985,Andrea Brown,South,Sports,Gold,4,1999,61.31,8.76,223.76,2024-04-01
TXN-0003986,Melissa Combs,North,Clothing,Bronze,4,2004,43.85,1.16,173.37,2024-02-15
TXN-0003987,Karl Moore,South,Electronics,Gold,4,1951,182.44,8.56,667.29,2024-05-29
TXN-0003988,Richard Larsen,East,Sports,Bronze,5,1993,116.16,0.4,578.48,2026-08-28
TXN-0003989,Amy Webb,Central,Grocery,Silver,4,1980,40.01,12.56,139.94,2025-01-12
TXN-0003990,Annette Walters,Central,Electronics,Gold,5,1993,123.47,11.92,543.76,2026-09-26
TXN-0003991,Paul Stephens,Central,Grocery,Silver,3,2001,22.58,1.43,66.77,2026-09-14
TXN-0003992,Kevin Moss,South,Electronics,Silver,2,1957,135.24,8.06,248.68,2026-04-22
TXN-0003993,Patrick Bird,North,Home,Gold,3,1998,60.62,17.63,149.8,2023-11-29
TXN-0003994,Laura Harris,South,Clothing,Silver,2,1954,50.68,0.45,100.9,2024-08-27
TXN-0003995,Blake Crawford,South,Clothing,Gold,4,1964,50.73,8.27,186.14,2025-02-18
TXN-0003996,Charles Roberts,North,Clothing,Bronze,3,2006,56.69,2.2,166.33,2024-05-15
TXN-0003997,Steve Brewer,North,Clothing,Bronze,5,1957,63.68,0.0,318.4,2024-02-16
TXN-0003998,Jason Rodriguez,East,Home,Gold,2,1963,97.63,12.41,171.03,2024-10-17
TXN-0003999,Amber Lee,South,Clothing,Bronze,7,1993,84.15,7.04,547.58,2025-04-02
TXN-0004000,Jeffrey Watts,North,Home,Silver,8,1986,173.68,5.68,1310.52,2025-06-04
TXN-0004001,John Hernandez,West,Home,Gold,3,1996,90.49,14.6,231.84,2025-12-03
TXN-0004002,Michael Jackson,South,Grocery,Silver,3,1992,15.15,8.85,41.43,2023-12-13
TXN-0004003,Brittany Johnson,West,Grocery,Bronze,1,1959,16.79,0.0,16.79,2026-08-14
TXN-0004004,Peggy Young,South,Clothing,Bronze,6,1977,50.74,0.0,304.44,2025-01-04
TXN-0004005,Jennifer Taylor,East,Electronics,Bronze,6,1948,130.08,5.48,737.71,2024-11-05
TXN-0004006,Christina Mullen,North,Grocery,Bronze,6,1949,10.65,2.17,62.51,2024-06-24
TXN-0004007,Alexandra Marshall,East,Grocery,Bronze,3,1994,11.23,2.73,32.77,2023-11-15
TXN-0004008,Amanda Davis,North,Sports,Gold,3,1966,95.28,12.88,249.02,2025-06-17
TXN-0004009,Gavin Yates,North,Sports,Bronze,4,1976,97.51,1.55,383.99,2025-08-30
TXN-0004010,Allison Murray,East,Home,Gold,2,2003,100.85,13.68,174.11,2026-02-07
TXN-0004011,Ann Goodwin,South,Sports,Platinum,4,1989,68.91,16.09,231.29,2026-01-29
TXN-0004012,Jerry Martin,North,Clothing,Bronze,1,1980,46.09,3.36,44.54,2024-10-20
TXN-0004013,Joshua James,Central,Grocery,Platinum,7,1979,11.13,16.49,65.06,2024-02-22
TXN-0004014,Jordan Wilkerson,North,Sports,Bronze,2,2004,59.71,10.14,107.31,2025-09-14
TXN-0004015,Kathleen Lopez,East,Grocery,Silver,5,1967,13.93,9.14,63.28,2024-03-04
TXN-0004016,Rodney Stewart,East,Clothing,Platinum,6,1955,33.53,20.99,158.95,2024-05-02
TXN-0004017,Patricia Paul,South,Clothing,Gold,4,2003,59.35,9.27,215.39,2024-04-03
TXN-0004018,Yvonne Rodriguez,East,Clothing,Bronze,5,1949,42.47,5.86,199.91,2023-10-16
TXN-0004019,Robert Brandt,North,Clothing,Bronze,2,1998,55.78,0.34,111.18,2024-01-01
TXN-0004020,Aaron Scott,West,Grocery,Bronze,1,1986,10.73,4.12,10.29,2024-09-07
TXN-0004021,Anthony Good,South,Grocery,Platinum,4,1957,22.11,17.66,72.82,2024-04-18
TXN-0004022,Olivia Carter,North,Clothing,Bronze,4,1962,63.92,0.0,255.68,2024-07-31
TXN-0004023,Stephanie White,South,Grocery,Silver,2,1970,15.04,12.39,26.35,2025-06-11
TXN-0004024,Matthew Smith,Central,Clothing,Bronze,2,1981,88.95,4.03,170.73,2025-04-28
TXN-0004025,Daniel Matthews,West,Home,Bronze,5,1976,87.49,0.63,434.69,2026-08-29
TXN-0004026,Brenda Oconnor,Central,Clothing,Bronze,5,1968,57.68,8.88,262.79,2026-06-03
TXN-0004027,Monica Aguilar,West,Home,Bronze,2,1979,52.1,1.94,102.18,2026-06-25
TXN-0004028,Rodney Salinas,West,Grocery,Silver,6,1960,13.69,11.23,72.92,2024-02-05
TXN-0004029,Christopher Jensen,East,Grocery,Silver,2,1945,14.33,1.28,28.29,2026-03-20
TXN-0004030,Clayton May,Central,Grocery,Silver,3,1950,23.67,5.85,66.86,2026-03-26
TXN-0004031,Brandon Leblanc,East,Clothing,Silver,4,1966,77.06,5.98,289.81,2024-11-03
TXN-0004032,Blake Owens,South,Grocery,Bronze,3,1979,14.74,0.0,44.22,2024-01-22
TXN-0004033,Michelle Johnson,East,Electronics,Gold,3,1952,169.83,9.9,459.05,2023-10-31
TXN-0004034,Brandi Gould,East,Home,Silver,4,1948,121.47,7.52,449.34,2024-01-06
TXN-0004035,Heather Fernandez,North,Home,Silver,6,1993,79.9,6.39,448.77,2024-07-31
TXN-0004036,Andrew Rodriguez,South,Grocery,Bronze,3,1990,10.79,1.31,31.95,2026-06-27
TXN-0004037,Ashley Friedman,South,Sports,Bronze,7,1975,96.19,0.21,671.92,2025-08-16
TXN-0004038,Tammy Davis,West,Clothing,Gold,2,1961,63.82,16.57,106.49,2024-04-15
TXN-0004039,Kimberly Sullivan,South,Grocery,Gold,6,1984,19.93,8.64,109.25,2024-02-17
TXN-0004040,Donna Obrien,West,Clothing,Bronze,3,1953,76.95,2.19,225.79,2025-02-24
TXN-0004041,Jennifer Mendoza,East,Home,Bronze,1,1945,129.6,0.42,129.06,2024-04-05
TXN-0004042,Shawn Hooper,West,Grocery,Bronze,6,1997,22.37,0.14,134.03,2023-12-03
TXN-0004043,Beth Ford,North,Grocery,Silver,3,1993,11.95,0.0,35.85,2025-09-13
TXN-0004044,Dr. Kathryn Adams DDS,Central,Grocery,Bronze,1,2001,10.6,1.86,10.4,2023-12-15
TXN-0004045,Paul Gonzales,East,Grocery,Platinum,8,1997,20.35,17.85,133.74,2024-06-14
TXN-0004046,Vanessa Davila,South,Clothing,Bronze,2,1952,56.27,2.97,109.2,2026-03-07
TXN-0004047,Andrew Carter,South,Sports,Platinum,5,1948,78.78,30.76,272.74,2025-07-31
TXN-0004048,Bianca Kim,South,Sports,Bronze,4,2004,135.55,2.6,528.1,2025-06-02
TXN-0004049,Jamie Mclaughlin,South,Clothing,Bronze,4,2000,75.83,3.63,292.31,2025-11-06
TXN-0004050,Taylor Mack,West,Electronics,Bronze,6,1974,150.01,0.0,900.06,2023-11-12
TXN-0004051,Christina Franklin,Central,Clothing,Bronze,3,1980,42.51,2.61,124.2,2025-05-14
TXN-0004052,Bethany Gonzalez,West,Grocery,Platinum,4,1952,22.56,19.61,72.54,2026-08-24
TXN-0004053,David Fernandez,East,Sports,Silver,3,1958,88.18,4.11,253.67,2025-07-21
TXN-0004054,Debra Blackburn,East,Grocery,Bronze,3,1968,16.69,0.0,50.07,2024-06-22
TXN-0004055,Christopher Walker,West,Clothing,Platinum,6,1959,21.11,21.66,99.23,2025-03-30
TXN-0004056,Jennifer Hill,West,Electronics,Bronze,4,1979,114.4,0.0,457.6,2024-08-26
TXN-0004057,Miguel Smith,South,Home,Bronze,5,1969,121.07,0.0,605.35,2024-07-14
TXN-0004058,Christopher Paul,Central,Clothing,Bronze,4,1961,34.99,6.61,130.71,2024-11-28
TXN-0004059,Todd Hernandez Jr.,South,Electronics,Silver,4,1959,195.95,12.35,687.0,2024-12-05
TXN-0004060,April Clark,West,Electronics,Gold,2,1994,186.88,9.75,337.32,2025-08-20
TXN-0004061,Antonio Smith,Central,Electronics,Bronze,3,1985,113.1,5.7,319.96,2024-05-15
TXN-0004062,Danielle Carter,West,Electronics,Silver,3,1952,219.23,1.26,649.4,2023-11-20
TXN-0004063,Jennifer Allen,North,Grocery,Bronze,2,1992,17.51,0.0,35.02,2026-05-08
TXN-0004064,Aaron Black,East,Clothing,Bronze,2,2000,52.22,0.0,104.44,2026-05-16
TXN-0004065,Paula Kidd,North,Clothing,Silver,4,1961,36.78,5.24,139.41,2026-05-13
TXN-0004066,Bryan Yates,West,Home,Gold,3,1971,141.74,12.99,369.98,2024-10-13
TXN-0004067,Troy Jefferson,South,Sports,Silver,4,1951,49.41,2.6,192.5,2026-06-29
TXN-0004068,Paul Burton,West,Grocery,Bronze,3,2006,11.81,0.47,35.26,2024-12-29
TXN-0004069,Brenda Simpson,Central,Home,Bronze,1,1990,94.57,0.0,94.57,2025-11-11
TXN-0004070,Natalie Perkins,North,Grocery,Silver,2,1973,12.77,7.81,23.55,2025-06-29
TXN-0004071,Patricia Acosta,South,Grocery,Silver,4,1950,37.12,7.41,137.48,2026-01-30
TXN-0004072,Lisa Price,East,Grocery,Silver,5,1946,12.74,11.86,56.15,2025-10-11
TXN-0004073,Morgan Evans,South,Home,Bronze,5,1973,118.8,0.0,594.0,2023-12-31
TXN-0004074,Tiffany Bender DVM,North,Home,Gold,5,1969,159.95,16.96,664.11,2024-02-11
TXN-0004075,Karen Scott,North,Home,Bronze,4,1972,115.62,5.97,434.87,2024-12-05
TXN-0004076,Anthony Morse,South,Clothing,Silver,3,1969,42.22,5.1,120.2,2025-05-14
TXN-0004077,Valerie Robertson,East,Clothing,Silver,1,2004,62.02,5.7,58.48,2024-04-28
TXN-0004078,Danielle Wilson,East,Clothing,Bronze,4,1967,88.38,3.14,342.42,2025-07-10
TXN-0004079,Ruben Benton,North,Clothing,Silver,3,1970,32.55,10.51,87.39,2024-08-02
TXN-0004080,Brendan Khan,East,Home,Silver,3,1992,132.15,0.0,396.45,2026-06-22
TXN-0004081,Matthew Peters,South,Home,Silver,7,1967,106.88,5.37,707.98,2025-12-22
TXN-0004082,David Mason,South,Electronics,Gold,6,1981,310.03,14.51,1590.27,2024-10-19
TXN-0004083,Tonya Parker,West,Clothing,Silver,5,1991,63.9,7.23,296.4,2026-06-03
TXN-0004084,Chelsea Green,South,Clothing,Bronze,4,2002,58.01,2.08,227.21,2026-01-19
TXN-0004085,Alexandria Cox,East,Grocery,Bronze,2,1946,22.87,0.0,45.74,2023-10-28
TXN-0004086,David Gutierrez,Central,Clothing,Silver,2,1984,35.64,5.25,67.54,2025-05-14
TXN-0004087,Frank Harding,East,Electronics,Bronze,4,1978,120.26,0.62,478.06,2025-04-07
TXN-0004088,Danielle Perkins,East,Electronics,Gold,3,1981,163.93,9.88,443.2,2025-10-12
TXN-0004089,Sharon Reynolds,North,Home,Bronze,3,2006,74.93,5.88,211.57,2026-01-20
TXN-0004090,Anthony Brown,North,Electronics,Bronze,4,1962,129.17,0.69,513.11,2025-10-19
TXN-0004091,Stanley Le,North,Home,Bronze,3,1996,183.66,0.0,550.98,2025-03-15
TXN-0004092,Michelle Ryan,West,Home,Gold,7,1986,168.63,19.85,946.1,2026-02-22
TXN-0004093,Jonathon Knapp,West,Sports,Silver,4,1971,30.81,8.56,112.69,2025-11-16
TXN-0004094,Kayla Carlson,North,Grocery,Silver,3,1989,18.25,7.56,50.61,2025-02-08
TXN-0004095,Tracy Hernandez,South,Electronics,Bronze,2,1994,105.43,1.54,207.61,2025-05-23
TXN-0004096,Brenda Schmidt,South,Clothing,Gold,4,1947,82.27,10.64,294.07,2024-11-21
TXN-0004097,Andrea Baker,East,Grocery,Gold,2,1979,19.46,10.06,35.0,2024-07-03
TXN-0004098,Chad Perez,East,Clothing,Bronze,3,1948,91.85,0.0,275.55,2023-11-07
TXN-0004099,Mandy Lee,West,Sports,Gold,6,1946,55.48,11.83,293.5,2025-02-04
TXN-0004100,Trevor Walker,Central,Home,Gold,7,1958,64.54,7.69,417.04,2026-04-12
TXN-0004101,Alicia Phillips MD,South,Electronics,Bronze,5,1957,148.19,5.15,702.79,2024-09-02
TXN-0004102,Raymond Clements,West,Clothing,Bronze,2,1981,44.63,0.0,89.26,2023-11-12
TXN-0004103,Evelyn Dunn,East,Sports,Silver,3,1997,72.61,10.0,196.05,2024-12-07
TXN-0004104,Teresa Fuller,South,Sports,Bronze,3,1985,113.63,0.0,340.89,2023-12-28
TXN-0004105,Vanessa Reed,Central,Grocery,Gold,3,1998,21.2,14.35,54.47,2025-09-29
TXN-0004106,Max Mcclain,North,Clothing,Silver,3,1967,49.58,2.08,145.65,2025-12-28
TXN-0004107,Andres Marshall,West,Grocery,Bronze,3,2002,18.34,0.0,55.02,2025-04-05
TXN-0004108,Anthony Simmons,West,Electronics,Bronze,4,1960,91.95,0.17,367.17,2026-03-23
TXN-0004109,Bradley Hoffman,Central,Clothing,Silver,1,1991,27.77,7.87,25.58,2024-09-23
TXN-0004110,Judy Johnson,East,Grocery,Bronze,6,1955,27.5,0.0,165.0,2024-06-01
TXN-0004111,Nichole Thompson,South,Sports,Bronze,4,1981,57.46,7.07,213.59,2024-03-01
TXN-0004112,Mrs. Nancy Schaefer,West,Clothing,Bronze,3,1963,90.85,1.92,267.32,2024-10-17
TXN-0004113,Gregory Martinez,West,Home,Gold,3,1983,80.85,12.77,211.58,2026-07-14
TXN-0004114,Deborah Patel,East,Electronics,Bronze,2,1973,167.7,0.0,335.4,2024-10-06
TXN-0004115,Jonathan Jordan,West,Clothing,Bronze,3,1951,73.56,3.06,213.93,2024-11-15
TXN-0004116,Courtney Briggs,South,Electronics,Gold,5,1982,222.92,16.83,927.01,2026-01-04
TXN-0004117,Susan Molina,East,Grocery,Bronze,5,1991,15.03,0.0,75.15,2023-12-23
TXN-0004118,Nicholas Arellano,West,Electronics,Silver,2,1999,164.03,4.88,312.05,2024-09-02
TXN-0004119,Christopher Thomas,South,Grocery,Bronze,2,2002,17.89,1.08,35.39,2026-03-10
TXN-0004120,William Christian,East,Clothing,Gold,5,1984,62.79,11.87,276.68,2025-05-23
TXN-0004121,Roger Johnson,Central,Home,Bronze,2,1985,96.3,0.0,192.6,2025-04-01
TXN-0004122,Faith Smith,West,Clothing,Bronze,5,1979,42.6,3.38,205.8,2024-06-23
TXN-0004123,Dr. Mario Harris DDS,Central,Clothing,Bronze,2,2003,57.95,6.1,108.83,2024-06-27
TXN-0004124,Chase Young MD,South,Home,Platinum,2,1966,53.93,19.74,86.57,2024-09-29
TXN-0004125,John Ortiz,Central,Home,Gold,5,1976,90.1,9.83,406.22,2026-04-05
TXN-0004126,Todd Sherman,North,Sports,Bronze,2,1972,78.17,0.0,156.34,2025-02-03
TXN-0004127,Beth Ellis,East,Clothing,Bronze,4,1965,39.02,10.47,139.74,2026-09-15
TXN-0004128,Jennifer Hatfield,East,Home,Bronze,3,1985,81.54,0.45,243.52,2025-04-07
TXN-0004129,Sarah Padilla,West,Sports,Bronze,3,1948,62.66,3.75,180.93,2026-04-03
TXN-0004130,Gregory Hale,Central,Clothing,Bronze,4,1985,46.26,0.0,185.04,2023-11-10
TXN-0004131,Christian Anderson,West,Grocery,Gold,4,1997,23.47,10.35,84.16,2026-09-24
TXN-0004132,Dr. Lisa Ramos,East,Sports,Bronze,1,1958,88.17,5.77,83.08,2026-09-20
TXN-0004133,Dr. Jessica Chase MD,South,Grocery,Gold,5,1960,25.2,9.91,113.51,2025-03-27
TXN-0004134,Kara Gallegos,East,Home,Bronze,4,1996,186.27,0.0,745.08,2026-02-25
TXN-0004135,Laura Fowler,East,Grocery,Gold,4,1963,26.43,14.25,90.65,2026-02-19
TXN-0004136,Andrew Proctor,North,Home,Silver,5,1997,52.57,4.69,250.52,2024-05-05
TXN-0004137,Jordan Mason,East,Home,Bronze,3,1984,71.55,3.9,206.28,2026-02-18
TXN-0004138,Mr. Charles Young,West,Sports,Gold,4,2006,119.97,10.68,428.63,2024-07-16
TXN-0004139,Robin Parker,West,Clothing,Bronze,1,1975,47.9,1.64,47.11,2025-10-31
TXN-0004140,Jason Stevenson,West,Grocery,Gold,6,2001,15.32,15.27,77.88,2026-01-17
TXN-0004141,Christian Rodriguez,South,Home,Gold,3,2003,101.17,11.39,268.94,2025-01-20
TXN-0004142,Richard Reynolds,East,Electronics,Platinum,8,1951,144.83,15.6,977.89,2024-06-26
TXN-0004143,Oscar Kelly,North,Home,Gold,3,1958,163.71,11.47,434.8,2025-10-28
TXN-0004144,Kenneth Jackson,South,Grocery,Bronze,2,1972,17.01,0.0,34.02,2023-11-25
TXN-0004145,Mary Hill,East,Home,Bronze,4,1962,209.34,0.26,835.18,2024-02-15
TXN-0004146,Robert Miranda,South,Grocery,Silver,2,1948,14.8,7.02,27.52,2023-12-24
TXN-0004147,Michael Snyder,North,Clothing,Bronze,2,2006,43.7,2.02,85.63,2024-09-23
TXN-0004148,Joshua Schmidt,West,Sports,Silver,2,1993,55.99,10.16,100.6,2026-04-19
TXN-0004149,Aaron Barnett,South,Home,Bronze,3,1967,68.33,0.0,204.99,2024-09-01
TXN-0004150,Darin Byrd,South,Grocery,Silver,3,1999,23.19,6.93,64.75,2023-10-28
TXN-0004151,Kathryn Shields,South,Clothing,Bronze,4,2003,34.36,6.78,128.12,2025-12-23
TXN-0004152,Misty Rice,East,Clothing,Bronze,1,1975,38.7,3.13,37.49,2025-10-09
TXN-0004153,Robert Herrera,South,Sports,Platinum,7,1953,89.96,23.3,483.0,2023-09-29
TXN-0004154,Jennifer Cline MD,East,Electronics,Gold,4,1956,74.87,12.8,261.15,2025-02-24
TXN-0004155,Rose Kaiser,East,Clothing,Bronze,3,1997,32.85,4.81,93.81,2026-05-09
TXN-0004156,Christopher Humphrey,North,Grocery,Bronze,3,1973,17.68,1.35,52.32,2024-08-05
TXN-0004157,Matthew Ramirez,Central,Grocery,Silver,3,1977,20.76,2.06,61.0,2024-04-17
TXN-0004158,Charlotte Roy,North,Grocery,Bronze,2,1953,16.0,4.26,30.64,2025-03-10
TXN-0004159,James Collins,East,Grocery,Silver,4,1947,20.96,8.29,76.89,2024-06-29
TXN-0004160,Kelsey Smith,South,Sports,Gold,4,1950,55.49,13.14,192.79,2025-02-11
TXN-0004161,Kathleen Garcia,East,Home,Bronze,4,1989,152.88,0.0,611.52,2023-12-29
TXN-0004162,Shelia Cruz,South,Home,Bronze,1,1952,123.8,7.44,114.59,2023-11-01
TXN-0004163,Mrs. Amy Hale,West,Grocery,Bronze,3,1997,13.54,4.78,38.68,2024-05-14
TXN-0004164,Jeremy Clayton,South,Grocery,Bronze,4,1951,16.85,0.0,67.4,2026-03-27
TXN-0004165,Susan Williams,East,Electronics,Silver,5,1956,80.45,11.98,354.06,2026-09-26
TXN-0004166,Donald Mays,South,Clothing,Bronze,5,2001,76.15,6.79,354.9,2024-05-05
TXN-0004167,Thomas Wells,North,Home,Platinum,7,1978,57.51,19.29,324.91,2024-03-18
TXN-0004168,Brian Vaughn,South,Grocery,Silver,4,1946,14.91,4.0,57.25,2025-12-23
TXN-0004169,Leah Owens,East,Home,Bronze,5,1957,81.23,3.65,391.33,2025-04-16
TXN-0004170,Jennifer Norman,East,Grocery,Silver,4,1962,11.12,6.32,41.67,2024-01-18
TXN-0004171,Mark Hughes,Central,Grocery,Bronze,2,1961,13.45,11.42,23.83,2025-04-30
TXN-0004172,Paige Case,West,Clothing,Bronze,2,1957,62.66,0.0,125.32,2026-09-26
TXN-0004173,Lisa Potter,Central,Home,Silver,6,1966,75.6,12.48,396.99,2026-07-22
TXN-0004174,Jordan Garcia,South,Home,Bronze,3,1973,122.11,0.57,364.24,2025-06-03
TXN-0004175,Sarah Fields,West,Electronics,Bronze,1,1950,207.42,1.18,204.97,2026-03-26
TXN-0004176,Erin Diaz,East,Home,Bronze,3,1961,66.87,0.0,200.61,2024-03-02
TXN-0004177,Bryan Harris,East,Home,Bronze,5,2006,76.79,2.42,374.66,2025-03-03
TXN-0004178,Danny Moreno,Central,Grocery,Silver,8,1960,15.36,3.94,118.04,2025-01-08
TXN-0004179,Alison Livingston,West,Home,Platinum,3,1955,78.13,19.19,189.41,2025-02-10
TXN-0004180,Megan Hood,Central,Electronics,Silver,2,2001,268.1,2.58,522.37,2024-04-26
TXN-0004181,April Taylor,West,Home,Platinum,5,1950,96.24,13.01,418.6,2024-05-29
TXN-0004182,Philip Espinoza,North,Grocery,Silver,2,1986,10.07,6.2,18.89,2025-08-06
TXN-0004183,Tony Rodriguez,West,Home,Bronze,5,1948,71.57,6.56,334.38,2026-06-17
TXN-0004184,Michael Rodriguez,East,Clothing,Gold,3,1963,46.79,13.85,120.93,2025-10-23
TXN-0004185,Vanessa Moore,Central,Sports,Bronze,2,1987,86.98,1.38,171.56,2026-07-02
TXN-0004186,Megan Koch,West,Electronics,Bronze,4,1965,300.65,11.13,1068.75,2025-02-01
TXN-0004187,Victoria King,North,Clothing,Platinum,4,1984,72.45,11.85,255.46,2024-06-24
TXN-0004188,Bryan Gonzalez MD,North,Clothing,Silver,3,1968,53.07,7.96,146.54,2026-02-17
TXN-0004189,Jermaine Barnes,North,Grocery,Gold,6,1966,13.36,9.9,72.22,2026-09-09
TXN-0004190,Stephanie Smith,East,Grocery,Bronze,3,1969,29.6,2.13,86.91,2026-05-08
TXN-0004191,Kimberly Nunez,North,Electronics,Gold,3,1948,144.22,10.23,388.4,2025-04-04
TXN-0004192,Holly Bell,West,Grocery,Bronze,2,1956,10.95,0.0,21.9,2024-09-08
TXN-0004193,Kathryn Smith,East,Grocery,Bronze,5,1982,20.4,2.93,99.01,2026-07-27
TXN-0004194,Maureen Carter,West,Sports,Gold,6,1967,48.67,12.32,256.04,2026-03-30
TXN-0004195,Brandy Walter,South,Sports,Bronze,1,2006,94.48,0.0,94.48,2024-06-26
TXN-0004196,Carla Holloway,East,Grocery,Silver,3,2000,15.68,2.27,45.97,2025-05-07
TXN-0004197,Andrew Holder,North,Electronics,Gold,1,1991,143.76,15.64,121.28,2025-01-16
TXN-0004198,Pamela Arnold,Central,Clothing,Gold,6,1990,21.04,12.13,110.93,2026-09-01
TXN-0004199,Debbie Estrada,North,Sports,Bronze,1,1995,109.36,0.0,109.36,2024-12-28
TXN-0004200,Robert Fleming,North,Home,Bronze,2,1947,59.57,0.0,119.14,2024-04-12
TXN-0004201,Jeffrey Vaughn,South,Home,Gold,2,1957,69.9,13.92,120.34,2024-06-30
TXN-0004202,Samuel Rocha,West,Sports,Silver,5,1996,80.18,5.87,377.37,2023-09-30
TXN-0004203,Paul Rich,North,Grocery,Silver,4,2002,17.1,7.55,63.24,2026-09-22
TXN-0004204,Frank Fitzgerald,East,Grocery,Bronze,3,1970,40.21,10.84,107.55,2026-03-05
TXN-0004205,Stephanie Colon,West,Sports,Bronze,3,1978,41.01,4.79,117.14,2025-05-28
TXN-0004206,Aaron Pennington,West,Electronics,Platinum,3,1990,139.92,19.84,336.48,2026-02-25
TXN-0004207,Jack Krause,North,Grocery,Silver,2,1972,23.7,1.08,46.89,2023-11-17
TXN-0004208,Mariah Wang,North,Sports,Gold,5,1969,64.23,18.66,261.22,2024-07-06
TXN-0004209,Brooke Allison,East,Electronics,Bronze,4,2007,159.81,2.23,624.98,2026-04-20
TXN-0004210,Melissa Harvey,South,Electronics,Bronze,3,1993,395.38,10.53,1061.24,2025-02-03
TXN-0004211,Laura Roberts,West,Grocery,Silver,6,2003,18.42,4.13,105.96,2026-05-04
TXN-0004212,Kathy Robinson,South,Home,Gold,5,1986,146.94,8.46,672.54,2024-09-05
TXN-0004213,Thomas Rodgers,East,Electronics,Bronze,2,1950,200.85,7.0,373.58,2026-06-17
TXN-0004214,Rhonda Cervantes,North,Clothing,Bronze,3,1987,71.2,2.85,207.51,2026-02-22
TXN-0004215,Darryl Hernandez,East,Clothing,Silver,8,1968,51.31,11.34,363.93,2024-03-07
TXN-0004216,Benjamin Alvarez,North,Clothing,Bronze,5,2000,31.1,0.0,155.5,2025-11-06
TXN-0004217,Robert Pierce,West,Grocery,Bronze,5,2002,26.34,0.0,131.7,2024-05-03
TXN-0004218,Earl Marquez,North,Grocery,Silver,2,1997,21.87,3.4,42.25,2025-02-23
TXN-0004219,Michael Walls,Central,Grocery,Bronze,4,1979,21.71,0.0,86.84,2024-01-26
TXN-0004220,Crystal Pierce,West,Electronics,Silver,5,1976,151.82,5.17,719.85,2024-10-01
TXN-0004221,Gabriel Wilkins,North,Clothing,Bronze,2,1964,43.84,0.0,87.68,2025-03-19
TXN-0004222,Desiree Jimenez,North,Clothing,Silver,4,1986,87.38,7.26,324.14,2025-02-05
TXN-0004223,Wyatt Henry,South,Grocery,Gold,2,1983,20.18,12.66,35.25,2024-06-14
TXN-0004224,Lauren Coleman,North,Sports,Gold,2,1968,39.54,9.86,71.28,2026-06-12
TXN-0004225,Erica Wright,South,Clothing,Silver,3,2005,53.98,8.79,147.71,2024-02-12
TXN-0004226,Patrick Rocha,Central,Sports,Silver,4,1986,67.43,7.56,249.33,2026-08-03
TXN-0004227,Joshua Jones,East,Electronics,Bronze,4,1962,63.81,6.65,238.27,2026-06-16
TXN-0004228,Johnathan Aguirre,North,Clothing,Silver,4,1961,42.33,13.47,146.51,2025-03-02
TXN-0004229,Kevin Hubbard,East,Grocery,Bronze,1,1954,44.66,2.46,43.56,2025-08-21
TXN-0004230,Mr. Jack Moore PhD,South,Clothing,Silver,7,1981,24.08,8.51,154.22,2023-10-15
TXN-0004231,Pamela Burnett,Central,Sports,Bronze,5,1971,50.08,4.04,240.28,2024-11-12
TXN-0004232,Darren Reyes,North,Electronics,Bronze,1,1996,68.28,8.74,62.31,2024-08-18
TXN-0004233,Richard Graham,West,Grocery,Silver,1,1950,10.34,2.07,10.13,2024-10-19
TXN-0004234,Wanda Ingram,West,Electronics,Silver,6,1976,84.08,5.01,479.21,2026-09-08
TXN-0004235,Joel Thomas,North,Electronics,Bronze,4,1951,105.7,0.0,422.8,2024-01-11
TXN-0004236,Jeremy Johnson,North,Clothing,Silver,4,1987,100.28,4.8,381.87,2025-03-25
TXN-0004237,Ronald Marshall,South,Sports,Silver,3,1980,102.98,5.65,291.48,2024-10-30
TXN-0004238,Robert Fischer,West,Home,Gold,4,1963,82.2,9.93,296.15,2024-03-13
TXN-0004239,Dr. Paul Olson,East,Home,Silver,2,2007,161.69,8.46,296.02,2023-09-29
TXN-0004240,Cindy Tucker,West,Electronics,Bronze,3,1996,135.44,3.76,391.04,2023-12-11
TXN-0004241,Darren Smith,West,Electronics,Gold,4,1957,114.53,12.97,398.7,2025-05-19
TXN-0004242,Jeremy Nicholson,West,Electronics,Bronze,4,1974,137.5,3.13,532.78,2025-08-08
TXN-0004243,Kathy Nguyen,East,Grocery,Bronze,3,1988,10.34,8.21,28.47,2025-07-10
TXN-0004244,Christopher Williams,East,Electronics,Bronze,3,1969,82.68,3.26,239.95,2024-06-12
TXN-0004245,Evelyn Townsend,West,Clothing,Silver,4,1974,69.29,2.33,270.7,2025-07-02
TXN-0004246,Joseph Zavala,South,Home,Silver,3,1946,101.08,4.22,290.44,2025-11-01
TXN-0004247,Charlene Black,West,Home,Silver,3,1975,57.36,3.96,165.27,2025-05-08
TXN-0004248,Angel Butler,North,Clothing,Gold,4,1951,64.77,17.95,212.58,2025-03-26
TXN-0004249,Adam Delgado,North,Electronics,Silver,4,1997,191.09,5.23,724.38,2026-01-23
TXN-0004250,Daniel Mendoza,West,Clothing,Bronze,1,1952,44.51,0.0,44.51,2025-05-03
TXN-0004251,Ruben Clark,South,Grocery,Silver,8,1948,12.9,3.0,100.1,2024-03-03
TXN-0004252,Nicholas Rasmussen,North,Electronics,Silver,2,1975,211.08,4.99,401.09,2025-10-11
TXN-0004253,Jason Taylor,North,Grocery,Silver,4,1970,21.05,4.85,80.12,2026-03-13
TXN-0004254,Claudia Rice,East,Electronics,Silver,4,1949,294.17,4.33,1125.73,2026-07-05
TXN-0004255,Sara Lawson,West,Sports,Silver,9,1981,87.36,10.06,707.14,2026-08-30
TXN-0004256,Michael Johnson,North,Sports,Silver,3,1984,40.33,5.97,113.77,2024-09-12
TXN-0004257,Thomas Mills,North,Electronics,Bronze,3,1982,93.59,1.72,275.94,2024-06-06
TXN-0004258,Michael Thompson,East,Home,Gold,3,1954,83.4,15.62,211.12,2025-08-29
TXN-0004259,Penny Waters,Central,Clothing,Bronze,3,1947,73.0,4.88,208.31,2024-01-20
TXN-0004260,Gregory Johnson,South,Grocery,Bronze,4,1984,20.14,0.0,80.56,2023-11-18
TXN-0004261,Sandra Ingram,Central,Home,Gold,2,2005,72.52,17.22,120.06,2024-12-29
TXN-0004262,Kenneth Harmon,Central,Home,Gold,4,1977,49.94,12.92,173.95,2023-10-29
TXN-0004263,Erin Nash,South,Electronics,Silver,5,1991,267.54,4.93,1271.75,2025-02-04
TXN-0004264,David Smith,West,Electronics,Silver,5,1962,263.1,10.19,1181.45,2024-11-06
TXN-0004265,Matthew Morris,West,Grocery,Platinum,6,1950,11.0,21.37,51.9,2024-03-08
TXN-0004266,Norman Porter,East,Home,Bronze,2,1974,113.56,3.03,220.24,2024-01-21
TXN-0004267,Kathryn Morgan,South,Grocery,Bronze,3,1949,19.68,0.73,58.61,2025-03-11
TXN-0004268,Jeffrey Jones,West,Grocery,Silver,4,1974,22.87,6.99,85.09,2024-06-18
TXN-0004269,Alyssa Guerra,West,Home,Silver,2,1965,153.1,4.44,292.6,2025-05-03
TXN-0004270,Bridget White,West,Home,Silver,2,1953,148.21,6.26,277.86,2024-06-03
TXN-0004271,James Hood,Central,Sports,Platinum,5,2003,89.54,18.53,364.74,2024-01-22
TXN-0004272,Daniel Brown,East,Grocery,Bronze,1,1974,16.53,2.85,16.06,2026-01-24
TXN-0004273,Tony Thomas,West,Sports,Bronze,3,1985,67.54,7.38,187.67,2024-02-19
TXN-0004274,Philip Huff,West,Sports,Silver,3,1985,69.47,6.38,195.11,2025-03-05
TXN-0004275,Marilyn Henry,South,Clothing,Silver,8,2000,143.0,9.75,1032.46,2026-04-07
TXN-0004276,Tracy Rodriguez,North,Grocery,Silver,6,1988,18.29,7.47,101.54,2026-05-08
TXN-0004277,Richard Moore,South,Grocery,Platinum,5,1962,23.65,24.02,89.85,2025-10-16
TXN-0004278,Jacqueline Roberts,West,Electronics,Silver,4,2001,185.08,12.96,644.37,2026-09-26
TXN-0004279,Jennifer Tran,South,Home,Platinum,2,1997,63.66,18.21,104.14,2023-11-15
TXN-0004280,Christopher Garcia,West,Clothing,Bronze,3,1990,65.01,0.0,195.03,2025-07-29
TXN-0004281,Kenneth Clark,North,Home,Bronze,3,1954,71.38,0.0,214.14,2026-07-09
TXN-0004282,Cassidy Johnson,South,Electronics,Bronze,2,1978,114.88,5.45,217.24,2024-06-10
TXN-0004283,Jason Woodward,East,Grocery,Gold,4,2006,22.16,14.11,76.13,2026-04-28
TXN-0004284,Krista Davis,North,Grocery,Bronze,7,1963,11.56,0.0,80.92,2025-08-02
TXN-0004285,Deborah Gregory,Central,Home,Bronze,2,2001,122.36,7.61,226.1,2024-05-29
TXN-0004286,Ronald Brown,North,Electronics,Bronze,2,1974,195.34,0.89,387.2,2023-12-20
TXN-0004287,Sheena Hayes,Central,Home,Bronze,2,1977,140.12,0.74,278.17,2024-03-03
TXN-0004288,Olivia Dorsey,South,Electronics,Silver,6,2006,189.27,5.98,1067.71,2025-02-23
TXN-0004289,Angela Bradshaw,Central,Clothing,Gold,3,1963,39.36,17.43,97.5,2024-08-12
TXN-0004290,Richard Beasley,East,Clothing,Bronze,3,2004,81.23,0.0,243.69,2024-07-19
TXN-0004291,Teresa Carter,North,Sports,Silver,4,1996,112.79,11.48,399.37,2025-06-24
TXN-0004292,Cody Conley,North,Clothing,Bronze,1,1991,75.19,3.97,72.2,2026-09-15
TXN-0004293,Thomas Bennett,North,Home,Bronze,4,1948,116.33,6.78,433.77,2026-02-04
TXN-0004294,Brian Stokes,East,Grocery,Bronze,3,1947,10.73,4.68,30.68,2026-01-14
TXN-0004295,Donald Wallace,West,Clothing,Silver,4,1965,74.21,8.23,272.41,2024-11-13
TXN-0004296,Sydney Smith,South,Sports,Silver,4,1949,48.44,9.44,175.47,2026-07-20
TXN-0004297,Justin Figueroa,East,Electronics,Silver,4,1966,128.72,7.33,477.14,2024-12-08
TXN-0004298,Erika Brown,East,Clothing,Gold,4,2006,41.11,10.53,147.12,2025-01-01
TXN-0004299,Lisa Salazar,East,Electronics,Bronze,4,1994,92.4,4.32,353.63,2024-10-01
TXN-0004300,Mrs. Melissa Robinson,West,Home,Gold,6,1996,95.76,12.75,501.3,2024-02-24
TXN-0004301,Bethany Haynes,East,Sports,Silver,2,1982,74.19,11.42,131.44,2023-12-14
TXN-0004302,Katherine Weaver MD,West,Grocery,Bronze,5,1975,28.65,6.3,134.23,2025-05-30
TXN-0004303,Bailey Hughes,Central,Home,Bronze,2,1970,137.23,4.04,263.37,2026-03-04
TXN-0004304,Anthony Proctor,South,Clothing,Bronze,3,1970,58.51,5.47,165.93,2026-01-28
TXN-0004305,Jessica Martinez,North,Sports,Bronze,6,1971,98.82,3.73,570.8,2025-10-29
TXN-0004306,Jason Foster,North,Home,Bronze,2,1956,86.78,3.76,167.03,2024-05-23
TXN-0004307,Christopher Roy,East,Clothing,Bronze,2,1948,52.91,0.0,105.82,2023-12-21
TXN-0004308,Elizabeth Rowland,South,Sports,Gold,5,1977,78.37,13.89,337.42,2025-04-10
TXN-0004309,Deborah Curry,Central,Clothing,Gold,5,1977,52.17,14.56,222.87,2023-10-03
TXN-0004310,Allison Sharp,East,Clothing,Silver,5,1985,59.24,8.29,271.65,2025-07-23
TXN-0004311,Kimberly Turner,East,Electronics,Silver,5,1956,201.82,7.96,928.78,2024-02-11
TXN-0004312,Paul Chaney,West,Electronics,Platinum,5,1953,104.41,20.74,413.78,2024-12-28
TXN-0004313,Sarah Smith,South,Grocery,Bronze,2,2004,15.6,9.28,28.3,2026-07-22
TXN-0004314,Adam Espinoza,West,Home,Silver,7,1974,118.08,7.48,764.73,2026-05-26
TXN-0004315,Tyler Richard,North,Sports,Silver,4,1962,61.77,9.6,223.36,2026-04-17
TXN-0004316,Carol Ingram,East,Electronics,Gold,3,1967,132.76,13.11,346.07,2025-10-13
TXN-0004317,Paula Blackburn,Central,Home,Gold,4,1948,128.41,14.2,440.7,2024-08-03
TXN-0004318,Cynthia Johnson,West,Grocery,Bronze,3,2000,13.89,0.0,41.67,2024-02-25
TXN-0004319,Kenneth Johnson,West,Home,Silver,2,1995,104.74,5.01,198.99,2023-11-06
TXN-0004320,Steven Bailey,South,Home,Bronze,5,1989,94.85,0.35,472.59,2024-08-14
TXN-0004321,Daniel Smith,West,Home,Bronze,4,1994,122.79,0.0,491.16,2024-06-19
TXN-0004322,Hunter Williams,East,Grocery,Silver,5,2001,17.59,7.5,81.35,2026-06-15
TXN-0004323,Susan Trujillo,East,Grocery,Silver,4,1985,13.65,3.94,52.45,2024-12-24
TXN-0004324,William Wilson,North,Clothing,Bronze,5,1967,43.78,0.0,218.9,2024-02-02
TXN-0004325,Courtney Morgan,South,Home,Bronze,5,1951,160.67,9.61,726.15,2025-10-02
TXN-0004326,Mitchell Merritt,East,Home,Silver,2,1955,74.67,11.12,132.73,2024-03-25
TXN-0004327,Jared Gordon,North,Clothing,Bronze,3,1972,44.6,9.28,121.38,2025-01-19
TXN-0004328,Kristina Neal,West,Electronics,Gold,8,1997,136.13,12.88,948.77,2025-06-06
TXN-0004329,Cory Parsons,West,Sports,Silver,4,1966,68.22,6.08,256.29,2025-09-28
TXN-0004330,Christopher Horn,Central,Electronics,Silver,4,1971,138.7,8.55,507.36,2025-10-26
TXN-0004331,Christopher Simmons,North,Electronics,Bronze,1,2004,194.96,3.51,188.12,2026-07-20
TXN-0004332,Joshua Reed,Central,Home,Platinum,7,1981,93.26,19.0,528.78,2024-11-12
TXN-0004333,Kimberly Brewer,North,Electronics,Gold,3,2000,130.14,10.54,349.27,2024-02-16
TXN-0004334,Ronald Kramer,East,Electronics,Bronze,3,1990,206.04,4.29,591.6,2026-06-21
TXN-0004335,Ann Hobbs,West,Electronics,Silver,6,1977,176.58,1.67,1041.79,2026-01-20
TXN-0004336,Richard Potter,North,Electronics,Gold,4,1984,254.58,15.25,863.03,2025-05-22
TXN-0004337,Terry Carr,North,Clothing,Bronze,2,1990,61.44,1.16,121.45,2024-07-11
TXN-0004338,Tiffany Wilson,North,Grocery,Silver,4,1995,17.21,9.94,62.0,2025-04-26
TXN-0004339,Jon Gonzalez,East,Clothing,Gold,2,1989,51.22,16.97,85.06,2025-05-12
TXN-0004340,Mr. Jacob Moore,West,Clothing,Silver,4,1956,57.87,9.22,210.14,2025-04-23
TXN-0004341,Janet Larson,North,Home,Gold,6,1960,102.34,9.12,558.04,2024-07-13
TXN-0004342,Margaret Knight,North,Clothing,Bronze,4,1950,54.96,0.0,219.84,2025-08-20
TXN-0004343,Gloria Odom,East,Clothing,Gold,5,1963,47.14,7.67,217.62,2023-12-06
TXN-0004344,Casey Foster,South,Clothing,Platinum,10,1966,68.49,18.43,558.67,2024-11-10
TXN-0004345,Daryl Olson,West,Clothing,Bronze,5,1952,64.0,0.0,320.0,2025-08-11
TXN-0004346,James Raymond,Central,Clothing,Silver,4,1978,55.36,6.94,206.07,2025-09-19
TXN-0004347,Denise Flores,West,Electronics,Silver,2,2003,202.17,3.96,388.33,2024-11-10
TXN-0004348,Katie Hardin,Central,Sports,Gold,2,1992,73.02,11.08,129.86,2024-09-13
TXN-0004349,Brian Bullock,East,Sports,Bronze,5,1999,75.32,2.04,368.92,2024-11-18
TXN-0004350,Stefanie Simmons,West,Grocery,Bronze,4,1994,22.45,3.43,86.72,2026-02-20
TXN-0004351,Randall Johnson,North,Electronics,Gold,4,1999,211.77,10.25,760.25,2024-01-01
TXN-0004352,Brooke Harmon,North,Grocery,Bronze,3,1980,22.62,0.55,67.49,2024-05-19
TXN-0004353,Debra Baxter,West,Home,Silver,3,1975,68.87,8.28,189.5,2026-09-13
TXN-0004354,Corey Thornton,North,Electronics,Silver,2,1993,182.5,6.6,340.91,2026-07-30
TXN-0004355,Michael Dalton,Central,Sports,Platinum,5,1982,76.15,19.5,306.5,2024-02-25
TXN-0004356,Evan Nelson,West,Grocery,Bronze,5,1981,20.65,4.42,98.69,2024-02-08
TXN-0004357,Brenda Perkins,Central,Electronics,Platinum,11,1998,302.91,16.89,2769.23,2026-07-31
TXN-0004358,David Skinner,South,Sports,Silver,4,1960,69.67,9.93,251.01,2025-03-15
TXN-0004359,Jessica Lowery,East,Electronics,Gold,2,1949,161.24,21.02,254.69,2026-01-16
TXN-0004360,Charles Owens,West,Home,Bronze,3,1992,73.91,3.01,215.06,2025-07-02
TXN-0004361,Jacqueline Figueroa,South,Electronics,Silver,4,1989,149.61,5.45,565.83,2026-04-01
TXN-0004362,Brittany Davis,East,Electronics,Gold,5,1982,126.23,7.95,580.97,2024-09-15
TXN-0004363,Michelle King,West,Sports,Gold,6,1955,51.52,11.28,274.25,2026-02-03
TXN-0004364,Erica Huynh,Central,Home,Bronze,4,1980,45.39,3.28,175.6,2023-12-31
TXN-0004365,Leslie Fitzgerald,West,Clothing,Silver,8,1975,43.12,6.6,322.19,2025-05-21
TXN-0004366,Elizabeth Daniels,North,Grocery,Bronze,1,1995,14.46,1.82,14.2,2025-12-17
TXN-0004367,Jeffrey Walters PhD,East,Grocery,Bronze,3,1960,17.63,1.62,52.03,2025-07-09
TXN-0004368,Daniel Young,East,Sports,Silver,4,1947,62.1,5.27,235.31,2026-01-06
TXN-0004369,Kevin Grant,North,Sports,Platinum,6,1987,107.65,19.8,518.01,2026-08-30
TXN-0004370,Hunter Williamson,South,Sports,Silver,3,1959,81.19,4.17,233.41,2025-10-04
TXN-0004371,Gerald Moran,South,Home,Bronze,3,1967,116.69,2.35,341.84,2026-03-05
TXN-0004372,Toni Hill,North,Clothing,Bronze,5,1988,77.59,2.55,378.06,2024-09-28
TXN-0004373,Felicia Gordon,East,Sports,Bronze,4,1967,121.87,6.89,453.89,2025-10-06
TXN-0004374,Nancy Moreno,North,Electronics,Bronze,4,1958,224.92,0.0,899.68,2025-01-04
TXN-0004375,Kimberly Kaufman,East,Electronics,Gold,4,1946,117.43,15.57,396.58,2024-01-28
TXN-0004376,Jeffrey Leon,North,Clothing,Bronze,1,1957,74.3,4.96,70.61,2025-06-02
TXN-0004377,Richard Smith,West,Clothing,Bronze,6,1945,61.53,1.12,365.05,2023-11-20
TXN-0004378,Jennifer Martinez,North,Home,Silver,2,2004,144.18,4.67,274.89,2025-11-15
TXN-0004379,Carol Torres,Central,Sports,Bronze,5,1964,75.68,6.68,353.12,2026-03-03
TXN-0004380,Richard Golden,North,Home,Bronze,4,2003,134.34,0.0,537.36,2025-12-08
TXN-0004381,Angela Richards,East,Home,Silver,5,1968,93.2,4.15,446.66,2026-03-03
TXN-0004382,Christopher White,South,Clothing,Bronze,1,1974,57.76,0.0,57.76,2026-08-15
TXN-0004383,Paul Ferguson,South,Grocery,Silver,3,1952,22.73,4.64,65.03,2026-05-18
TXN-0004384,Robert Peck,East,Electronics,Silver,8,1951,143.32,6.18,1075.7,2024-05-14
TXN-0004385,Peter Zhang,West,Electronics,Silver,6,1959,194.15,12.19,1022.9,2024-04-01
TXN-0004386,Juan Lopez,Central,Home,Bronze,5,1994,52.9,0.53,263.1,2025-08-25
TXN-0004387,Shirley Lucas,South,Home,Bronze,1,2005,106.6,9.36,96.62,2024-06-22
TXN-0004388,Tracy Mcguire,North,Clothing,Silver,2,1994,35.24,10.15,63.33,2024-06-13
TXN-0004389,Donald Roberts,West,Clothing,Bronze,5,1963,66.78,0.24,333.1,2024-08-22
TXN-0004390,Linda French,East,Electronics,Bronze,3,1967,53.67,0.28,160.56,2024-07-23
TXN-0004391,Mary Foster,South,Grocery,Bronze,2,1960,9.54,2.69,18.57,2024-04-11
TXN-0004392,Jill Taylor,West,Clothing,Bronze,1,1992,56.03,2.27,54.76,2023-12-03
TXN-0004393,Dennis Guerra,East,Clothing,Bronze,3,1998,56.37,0.0,169.11,2025-07-16
TXN-0004394,Ryan Mccarty,West,Sports,Platinum,4,1950,68.65,17.44,226.71,2024-01-27
TXN-0004395,Cory Jones,South,Grocery,Silver,4,1953,23.18,1.59,91.25,2026-08-24
TXN-0004396,Maria Smith,South,Electronics,Silver,2,1973,221.75,13.15,385.18,2025-08-04
TXN-0004397,Benjamin Mclaughlin,North,Grocery,Bronze,1,2003,43.65,2.49,42.56,2024-08-06
TXN-0004398,Daniel Wood,West,Electronics,Bronze,5,1948,162.48,0.91,805.01,2026-05-29
TXN-0004399,Manuel Taylor,North,Electronics,Gold,5,1961,229.81,10.66,1026.56,2024-05-14
TXN-0004400,John Miller,West,Grocery,Silver,5,2000,13.47,5.05,63.95,2026-04-09
TXN-0004401,Janet Smith,West,Electronics,Platinum,4,1974,132.13,14.87,449.93,2024-11-01
TXN-0004402,Vincent Huynh,West,Clothing,Bronze,4,1967,41.27,2.57,160.84,2025-02-05
TXN-0004403,John Johnson,North,Sports,Bronze,3,1996,72.16,4.72,206.26,2024-01-10
TXN-0004404,James Mclean,South,Grocery,Silver,4,1955,19.46,12.49,68.12,2024-02-10
TXN-0004405,Sandra Brown,East,Sports,Bronze,2,1955,108.0,4.78,205.68,2025-05-22
TXN-0004406,Sheila Myers,East,Sports,Bronze,3,1954,84.64,4.62,242.19,2026-02-08
TXN-0004407,Joseph Ayers,Central,Clothing,Bronze,4,1997,87.81,6.08,329.88,2025-06-06
TXN-0004408,Kenneth Perez,South,Home,Bronze,3,1951,144.52,1.45,427.27,2026-02-01
TXN-0004409,Devon Davis,Central,Clothing,Gold,4,1985,55.78,8.31,204.58,2025-02-15
TXN-0004410,Mary Mathews,North,Grocery,Gold,3,1951,17.36,15.72,43.89,2024-11-30
TXN-0004411,Christine Dillon,South,Clothing,Silver,4,1989,32.25,4.5,123.2,2025-12-13
TXN-0004412,Jason Smith,North,Electronics,Bronze,9,1974,132.32,1.69,1170.75,2025-09-08
TXN-0004413,Lisa Campbell,West,Electronics,Gold,6,1961,120.54,9.46,654.82,2023-10-17
TXN-0004414,Jeffrey Taylor,North,Grocery,Silver,4,1955,13.77,11.04,49.0,2026-09-20
TXN-0004415,Brett Bailey,South,Electronics,Gold,3,1987,137.94,15.98,347.69,2026-05-22
TXN-0004416,Donna Sexton,West,Home,Silver,3,1993,108.2,2.09,317.82,2026-03-28
TXN-0004417,Christopher Harrison,East,Grocery,Platinum,2,1981,19.92,20.36,31.73,2025-12-17
TXN-0004418,Kelly Woods,North,Grocery,Bronze,4,1977,25.44,5.64,96.02,2025-07-10
TXN-0004419,Thomas Johnson,North,Clothing,Silver,6,1976,62.93,6.56,352.81,2024-03-20
TXN-0004420,Christine King,East,Electronics,Gold,5,1999,130.08,12.95,566.17,2025-07-02
TXN-0004421,Marcus Williams,South,Sports,Gold,2,1968,97.75,16.38,163.48,2024-05-17
TXN-0004422,Jeffrey Jones,North,Home,Platinum,5,1996,55.7,19.07,225.39,2024-05-15
TXN-0004423,Gerald Hunt,East,Clothing,Bronze,2,1952,77.43,1.7,152.23,2026-02-24
TXN-0004424,Zachary Huff,South,Sports,Silver,5,1991,57.37,9.75,258.88,2026-03-29
TXN-0004425,Luis Lopez V,East,Electronics,Bronze,2,2005,71.64,0.0,143.28,2026-03-21
TXN-0004426,Stephen Mitchell,South,Clothing,Silver,4,1955,66.55,4.61,253.93,2024-03-01
TXN-0004427,Eric Ingram,North,Electronics,Bronze,5,1957,143.6,0.0,718.0,2024-03-10
TXN-0004428,Jon Robinson,North,Electronics,Silver,5,1974,241.37,14.03,1037.53,2026-02-18
TXN-0004429,Richard Flynn,South,Clothing,Gold,8,1983,77.04,13.41,533.67,2024-03-02
TXN-0004430,Jasmine Scott,North,Grocery,Gold,4,2002,12.75,16.68,42.49,2024-12-15
TXN-0004431,Yolanda Martin,South,Clothing,Silver,4,1975,93.73,2.82,364.35,2026-01-07
TXN-0004432,Patricia Wood,Central,Grocery,Bronze,6,1993,9.31,6.34,52.32,2025-03-15
TXN-0004433,Ryan Taylor,West,Grocery,Bronze,3,1968,21.18,0.97,62.92,2025-06-27
TXN-0004434,Amanda Watts,South,Grocery,Bronze,3,1979,29.64,6.82,82.86,2024-11-11
TXN-0004435,Jose Gross,East,Electronics,Bronze,1,1959,112.13,1.3,110.67,2025-05-15
TXN-0004436,Matthew Krause,East,Grocery,Gold,4,1979,37.7,9.21,136.91,2026-07-11
TXN-0004437,Gerald Mason,West,Electronics,Silver,3,2001,169.34,10.8,453.15,2025-10-21
TXN-0004438,Stephen Olson,South,Grocery,Bronze,3,1966,20.51,2.21,60.17,2026-03-04
TXN-0004439,Carrie Myers,South,Clothing,Silver,2,1999,82.96,2.9,161.11,2026-04-30
TXN-0004440,Frank Lawrence,South,Grocery,Bronze,1,1998,20.84,0.0,20.84,2025-10-01
TXN-0004441,Robert Perkins,North,Electronics,Bronze,2,1983,100.63,3.45,194.32,2023-11-25
TXN-0004442,Joseph Green,South,Home,Bronze,5,2001,29.2,1.9,143.23,2024-06-21
TXN-0004443,Eric Mathis,Central,Electronics,Bronze,1,1997,113.7,2.72,110.61,2024-11-28
TXN-0004444,Nancy Carter,Central,Electronics,Silver,4,1988,117.29,7.82,432.47,2025-06-14
TXN-0004445,Tyler Mills,North,Home,Silver,4,2003,64.58,6.5,241.53,2024-05-08
TXN-0004446,Jim Foster,East,Clothing,Silver,4,2007,44.08,8.33,161.63,2026-05-15
TXN-0004447,Joshua Hayes,South,Grocery,Gold,3,1965,6.64,15.52,16.83,2026-04-30
TXN-0004448,Savannah Johns,East,Grocery,Gold,3,1994,11.86,12.48,31.14,2026-08-20
TXN-0004449,Jason Mcdonald,East,Home,Gold,6,1974,108.96,14.82,556.87,2026-09-09
TXN-0004450,Jasmine Hall,North,Grocery,Platinum,5,1996,25.92,22.0,101.09,2025-06-13
TXN-0004451,Rhonda Oconnell,West,Grocery,Gold,4,1954,13.95,16.74,46.46,2023-11-27
TXN-0004452,Matthew Khan,Central,Sports,Gold,4,1976,95.51,5.19,362.21,2025-06-03
TXN-0004453,Jake Holmes,West,Electronics,Bronze,3,1981,64.64,0.5,192.95,2025-02-23
TXN-0004454,Amanda Brown,West,Home,Bronze,2,1974,98.92,3.93,190.06,2026-09-04
TXN-0004455,Tim Jackson,East,Grocery,Silver,6,2004,27.25,14.33,140.07,2024-10-01
TXN-0004456,Alexandra Holmes,South,Electronics,Gold,1,1968,191.65,17.13,158.82,2023-12-13
TXN-0004457,Michael Santos,North,Clothing,Gold,6,1982,54.49,17.21,270.67,2025-10-05
TXN-0004458,Janice Roberts,East,Clothing,Silver,4,1975,22.53,16.3,75.43,2024-11-18
TXN-0004459,Jason Khan,North,Home,Gold,4,1977,174.42,12.7,609.07,2025-04-28
TXN-0004460,Steven Perez,West,Clothing,Silver,3,1982,108.49,14.25,279.09,2023-10-29
TXN-0004461,Derek Coleman,South,Grocery,Silver,6,1980,23.0,9.39,125.04,2025-03-05
TXN-0004462,Christine Sanders,South,Home,Bronze,1,1979,143.45,0.0,143.45,2025-01-10
TXN-0004463,Mary Johnson,South,Grocery,Silver,3,2003,18.01,1.01,53.48,2025-01-23
TXN-0004464,Michael Clay,Central,Clothing,Bronze,2,1957,71.79,1.21,141.84,2024-12-06
TXN-0004465,Timothy White,North,Grocery,Bronze,6,1953,24.15,4.31,138.65,2025-10-30
TXN-0004466,Jason Mathews,North,Grocery,Silver,5,1972,17.6,6.07,82.66,2026-09-13
TXN-0004467,Maria Parsons,North,Electronics,Bronze,4,1998,119.8,2.41,467.65,2026-08-26
TXN-0004468,Patricia Hayes,West,Electronics,Gold,2,1976,217.34,19.71,349.0,2024-02-27
TXN-0004469,Jessica Robinson,Central,Clothing,Silver,3,1967,106.15,7.16,295.65,2024-09-16
TXN-0004470,Megan Stokes,South,Sports,Silver,4,1979,115.84,13.88,399.05,2024-04-23
TXN-0004471,John Harris,Central,Clothing,Bronze,5,2005,61.97,4.71,295.26,2025-01-06
TXN-0004472,Eric Li,South,Electronics,Gold,7,1948,175.48,16.73,1022.86,2025-08-16
TXN-0004473,Melissa Oneill,East,Electronics,Silver,6,1984,179.04,6.21,1007.53,2025-02-07
TXN-0004474,Karen Ross,North,Electronics,Silver,3,1990,71.91,6.74,201.19,2024-11-19
TXN-0004475,Emily Gamble,East,Clothing,Silver,3,1968,52.99,7.06,147.75,2025-07-06
TXN-0004476,Alex Lambert,West,Grocery,Silver,4,2006,16.69,6.69,62.29,2026-04-24
TXN-0004477,Charles Poole,East,Home,Silver,5,1980,58.98,9.28,267.53,2026-06-26
TXN-0004478,Amy Wong,South,Grocery,Gold,4,1956,26.03,17.52,85.88,2024-02-13
TXN-0004479,Pamela Hubbard,West,Electronics,Gold,4,1971,176.59,21.62,553.64,2024-07-15
TXN-0004480,Jennifer Cummings,Central,Home,Bronze,3,1999,36.01,0.0,108.03,2025-08-14
TXN-0004481,James Lopez,East,Grocery,Gold,2,2000,19.54,13.0,34.0,2024-08-21
TXN-0004482,Benjamin Hines,East,Grocery,Bronze,3,1957,28.14,5.48,79.79,2025-06-21
TXN-0004483,Tonya Kemp,West,Grocery,Bronze,1,1967,14.61,2.22,14.29,2025-10-19
TXN-0004484,Corey Pacheco,South,Clothing,Bronze,5,1948,38.42,0.0,192.1,2025-12-08
TXN-0004485,Pamela Hicks,West,Home,Bronze,3,1951,57.32,4.78,163.74,2025-04-30
TXN-0004486,Megan Knight,South,Grocery,Bronze,2,1991,18.64,0.0,37.28,2023-12-24
TXN-0004487,Caitlin Wilson,West,Electronics,Gold,3,1978,124.09,13.69,321.31,2025-12-06
TXN-0004488,Michael Church,North,Grocery,Silver,4,1999,10.76,13.02,37.44,2024-05-31
TXN-0004489,Patricia Hall,South,Clothing,Platinum,6,1945,96.97,22.47,451.09,2024-01-07
TXN-0004490,Omar Weeks,East,Electronics,Bronze,2,1998,171.83,4.21,329.19,2025-01-23
TXN-0004491,Samantha Parker,East,Grocery,Silver,5,1984,14.98,12.23,65.74,2025-11-23
TXN-0004492,Jared Carter,West,Grocery,Bronze,2,1950,32.34,1.57,63.66,2025-06-15
TXN-0004493,Mitchell Garza,Central,Sports,Silver,5,1986,82.56,8.2,378.95,2024-04-25
TXN-0004494,Mary Compton,North,Sports,Bronze,4,1945,71.54,1.38,282.21,2025-12-20
TXN-0004495,Ray Rosario,South,Clothing,Silver,4,2004,59.36,9.75,214.29,2026-02-27
TXN-0004496,William Guzman,South,Home,Gold,1,2000,74.8,8.34,68.56,2023-11-11
TXN-0004497,Douglas Hampton,East,Sports,Bronze,2,1965,71.42,0.0,142.84,2024-06-23
TXN-0004498,Jennifer Johnson,East,Clothing,Bronze,5,1961,67.48,2.12,330.25,2024-07-23
TXN-0004499,Christopher Jensen,West,Home,Bronze,4,1947,162.11,4.11,621.79,2024-08-04
TXN-0004500,Jessica Smith,West,Sports,Bronze,3,1958,61.89,8.66,169.59,2023-12-26
TXN-0004501,Lawrence Martin,North,Electronics,Silver,3,1980,199.33,3.87,574.85,2024-10-19
TXN-0004502,Mrs. Susan Newton MD,East,Sports,Silver,4,1998,44.76,6.77,166.92,2023-11-18
TXN-0004503,Robin Terry,East,Home,Gold,1,1955,107.43,13.89,92.51,2025-09-06
TXN-0004504,Melissa Short,East,Sports,Platinum,2,1963,141.0,15.98,236.94,2023-12-15
TXN-0004505,Nathaniel Rodriguez,North,Home,Bronze,2,1961,90.75,0.0,181.5,2025-04-09
TXN-0004506,Scott Smith,South,Grocery,Gold,3,1976,14.71,6.72,41.16,2026-09-26
TXN-0004507,Tiffany Nelson,South,Grocery,Gold,3,1946,14.94,14.94,38.12,2024-08-02
TXN-0004508,Brian Ware,North,Electronics,Bronze,2,2003,189.53,0.0,379.06,2024-11-26
TXN-0004509,Sharon Blake,West,Home,Gold,3,1956,91.92,17.3,228.05,2025-04-22
TXN-0004510,Ashley Santos,South,Sports,Silver,5,1988,65.1,8.47,297.93,2025-09-18
TXN-0004511,Raymond Mccall,East,Sports,Silver,7,1976,94.27,6.33,618.12,2025-11-20
TXN-0004512,Stephanie Valdez,East,Sports,Silver,7,1972,55.16,4.37,369.25,2025-06-05
TXN-0004513,Aaron Ayers,Central,Home,Gold,2,1960,121.82,14.34,208.7,2026-06-11
TXN-0004514,Ashley Brown,North,Home,Gold,5,1976,80.6,12.11,354.2,2024-04-07
TXN-0004515,Brittney Mccoy,North,Home,Gold,6,1976,113.34,14.89,578.78,2026-08-21
TXN-0004516,Shawn Harris,South,Home,Bronze,4,1965,120.75,6.04,453.83,2023-11-14
TXN-0004517,Kimberly Holmes,South,Home,Platinum,2,1973,45.6,17.34,75.39,2024-10-07
TXN-0004518,Tonya Jones,South,Electronics,Silver,4,1998,156.08,5.48,590.11,2025-04-28
TXN-0004519,Chris Martin,West,Electronics,Gold,4,1979,93.69,17.48,309.25,2025-10-26
TXN-0004520,Krista Curtis,South,Home,Gold,4,1979,49.11,17.87,161.34,2026-04-07
TXN-0004521,Sandra Kirby,North,Clothing,Bronze,2,1973,50.66,0.0,101.32,2025-08-20
TXN-0004522,Travis Guerrero,South,Clothing,Bronze,2,1996,61.24,0.0,122.48,2024-06-29
TXN-0004523,Charles Romero,West,Electronics,Gold,6,1978,93.17,10.03,502.95,2025-10-04
TXN-0004524,Gina Cunningham,West,Grocery,Gold,4,2007,19.79,13.83,68.21,2026-03-27
TXN-0004525,Julie Hill,West,Sports,Gold,2,1958,55.23,8.13,101.48,2026-01-31
TXN-0004526,Joshua Henderson,East,Home,Silver,5,1974,92.16,7.12,427.99,2025-03-24
TXN-0004527,Ashley Greene,West,Sports,Bronze,6,2007,181.78,1.86,1070.39,2025-03-15
TXN-0004528,Shannon Jackson,West,Sports,Silver,4,1946,67.12,4.85,255.46,2024-06-08
TXN-0004529,James Smith,South,Electronics,Bronze,2,2000,107.42,2.31,209.88,2024-11-02
TXN-0004530,Casey Smith,East,Electronics,Gold,2,2001,159.0,13.31,275.67,2026-09-02
TXN-0004531,Joy Reid,West,Electronics,Silver,2,1971,149.7,5.75,282.18,2024-02-15
TXN-0004532,Wendy Fisher,South,Electronics,Bronze,5,1960,141.77,7.88,652.99,2024-12-13
TXN-0004533,Sonya Ramirez,West,Home,Silver,5,2002,91.09,5.57,430.08,2023-11-09
TXN-0004534,Robert James,East,Clothing,Platinum,4,1961,51.55,20.15,164.65,2025-05-20
TXN-0004535,Maria Cook,East,Sports,Silver,4,1986,48.63,4.89,185.01,2023-12-14
TXN-0004536,Samantha Washington,North,Home,Bronze,5,1966,120.1,5.4,568.07,2024-06-07
TXN-0004537,Christopher Fitzgerald,West,Clothing,Silver,3,1945,87.1,3.03,253.38,2026-03-04
TXN-0004538,Matthew Barrett,West,Sports,Silver,2,2005,65.84,7.52,121.78,2024-08-25
TXN-0004539,Matthew Brooks,North,Sports,Bronze,3,1968,84.79,0.0,254.37,2024-09-05
TXN-0004540,Albert Davis,South,Grocery,Silver,4,1985,8.8,1.0,34.85,2026-06-29
TXN-0004541,Tina Ellis,North,Grocery,Bronze,3,1975,17.88,0.0,53.64,2024-09-11
TXN-0004542,Clayton Blankenship,North,Sports,Silver,1,1991,147.04,4.78,140.01,2026-08-15
TXN-0004543,Jennifer Velasquez,Central,Home,Silver,2,1948,119.08,8.88,217.01,2024-08-14
TXN-0004544,Danielle Bennett,East,Sports,Silver,3,1953,79.15,4.04,227.86,2024-11-19
TXN-0004545,April Hull,South,Electronics,Silver,2,2002,157.54,0.0,315.08,2026-07-06
TXN-0004546,James Anderson,South,Home,Silver,6,1968,81.06,0.04,486.17,2025-06-25
TXN-0004547,Melissa Williams,Central,Home,Bronze,1,1965,104.24,2.57,101.56,2025-12-03
TXN-0004548,Michael Coleman,South,Electronics,Bronze,4,1960,229.32,3.64,883.89,2023-10-29
TXN-0004549,Angela Patel,West,Electronics,Gold,3,1989,134.24,13.61,347.91,2026-08-22
TXN-0004550,Jacob David,South,Electronics,Gold,3,1946,208.11,11.51,552.47,2023-10-11
TXN-0004551,Tricia Russo,North,Clothing,Bronze,1,1993,41.44,3.11,40.15,2025-10-03
TXN-0004552,Denise Wiley,West,Electronics,Bronze,2,1986,137.3,0.0,274.6,2024-04-20
TXN-0004553,Bridget Bell,North,Clothing,Platinum,4,1984,37.27,12.95,129.77,2026-06-29
TXN-0004554,Jodi Jimenez,West,Grocery,Bronze,2,1945,19.04,0.0,38.08,2024-06-23
TXN-0004555,Destiny Joseph,South,Home,Platinum,6,1955,92.67,19.37,448.32,2026-04-18
TXN-0004556,Zachary Yu,West,Grocery,Gold,9,1999,20.68,15.74,156.82,2023-10-11
TXN-0004557,Andrew Powell,West,Electronics,Bronze,5,2002,178.25,0.0,891.25,2024-09-09
TXN-0004558,Reginald Cordova,West,Grocery,Bronze,1,1986,23.18,0.0,23.18,2024-10-24
TXN-0004559,Kevin Anderson,North,Electronics,Platinum,3,1948,331.92,22.21,774.6,2026-04-30
TXN-0004560,Latasha Washington,West,Clothing,Bronze,3,1978,71.08,0.54,212.09,2025-01-14
TXN-0004561,Stacy Stein,Central,Home,Silver,2,1980,45.11,7.63,83.34,2026-06-22
TXN-0004562,Anthony Scott,South,Sports,Bronze,6,1973,68.77,2.35,402.92,2024-11-28
TXN-0004563,Jasmine Martin,South,Sports,Silver,9,1994,74.08,2.64,649.12,2025-07-17
TXN-0004564,Manuel Smith,West,Grocery,Gold,9,1972,10.34,19.28,75.12,2025-05-04
TXN-0004565,Benjamin Chavez,North,Grocery,Silver,3,1985,24.07,3.91,69.39,2025-03-22
TXN-0004566,Lauren Thompson,West,Home,Bronze,3,1964,168.31,8.64,461.3,2025-09-10
TXN-0004567,Jamie Galloway,West,Grocery,Silver,2,1990,13.29,8.91,24.21,2024-10-23
TXN-0004568,Theresa Sandoval,North,Electronics,Silver,1,1987,248.96,7.95,229.17,2024-08-31
TXN-0004569,Thomas Morrison,East,Clothing,Bronze,2,1992,80.08,0.0,160.16,2025-09-21
TXN-0004570,Kimberly Lewis,East,Sports,Gold,8,1983,82.56,14.2,566.69,2025-01-09
TXN-0004571,Morgan Grimes,South,Sports,Silver,7,1996,100.3,6.72,654.92,2026-08-14
TXN-0004572,Jose Mckinney,Central,Clothing,Bronze,5,1964,42.09,1.2,207.92,2025-12-14
TXN-0004573,Cody Hendricks,North,Clothing,Platinum,3,1952,82.28,15.44,208.73,2026-05-23
TXN-0004574,Eric Wright,South,Electronics,Silver,4,2004,249.21,10.07,896.46,2025-06-05
TXN-0004575,Amber Meza,West,Home,Bronze,1,1998,106.36,5.22,100.81,2026-03-23
TXN-0004576,Stephanie Li,North,Electronics,Bronze,5,1969,178.05,0.0,890.25,2024-03-04
TXN-0004577,Curtis Rice,West,Home,Bronze,3,1989,68.18,0.0,204.54,2023-10-09
TXN-0004578,Phillip Miller,North,Electronics,Bronze,1,1990,222.83,1.0,220.6,2025-11-30
TXN-0004579,Jennifer Johnson DVM,East,Electronics,Bronze,5,1959,160.8,3.19,778.35,2026-07-22
TXN-0004580,Anthony Werner,North,Clothing,Gold,8,1973,52.43,13.5,362.82,2025-05-01
TXN-0004581,Tara Thomas,West,Grocery,Silver,1,1950,25.05,6.75,23.36,2026-02-16
TXN-0004582,Nicole Jones,West,Clothing,Bronze,3,1952,49.71,3.7,143.61,2026-06-29
TXN-0004583,Natalie Stanley,West,Home,Silver,4,1997,70.31,13.53,243.19,2026-04-07
TXN-0004584,Shelby Simon,Central,Grocery,Silver,5,2002,26.34,5.97,123.84,2026-05-01
TXN-0004585,Claudia Wilson,West,Grocery,Silver,2,1963,10.61,10.61,18.97,2024-12-10
TXN-0004586,Robert Simpson,West,Clothing,Platinum,4,1995,70.96,26.14,209.64,2025-01-03
TXN-0004587,Mark Stephens,East,Grocery,Bronze,7,1977,11.7,7.35,75.88,2026-08-26
TXN-0004588,Kevin Fernandez,Central,Clothing,Bronze,3,1956,29.19,4.3,83.8,2024-03-13
TXN-0004589,Sandra Reyes,East,Home,Bronze,3,1961,113.27,4.29,325.23,2025-10-15
TXN-0004590,Richard Case,Central,Home,Bronze,2,1972,100.82,3.51,194.56,2024-01-05
TXN-0004591,Terry Rivera,South,Sports,Silver,6,2004,60.11,12.92,314.06,2025-03-03
TXN-0004592,Mariah Brown,East,Sports,Bronze,4,1998,50.05,0.65,198.9,2024-11-30
TXN-0004593,George Hall,West,Grocery,Silver,4,1979,20.26,5.69,76.43,2026-06-19
TXN-0004594,Kari Simmons,South,Sports,Gold,3,1991,63.67,10.69,170.59,2025-02-14
TXN-0004595,Rebecca Dean,South,Electronics,Gold,4,1989,211.03,21.54,662.3,2024-12-01
TXN-0004596,Taylor Morales,Central,Grocery,Silver,3,1986,14.71,12.37,38.67,2024-11-06
TXN-0004597,Laura Davila,South,Electronics,Silver,2,2006,137.88,4.89,262.28,2026-07-13
TXN-0004598,Tammy Werner,North,Clothing,Silver,5,1996,81.08,2.78,394.13,2026-07-06
TXN-0004599,William Wood,South,Home,Silver,2,1947,62.81,6.31,117.69,2025-01-04
TXN-0004600,Sherry Miller,South,Grocery,Bronze,4,1965,10.81,2.25,42.27,2024-07-16
TXN-0004601,Danielle Mcconnell,East,Grocery,Bronze,1,1948,12.98,2.89,12.6,2024-05-17
TXN-0004602,Jason Garcia,Central,Grocery,Bronze,4,1998,19.59,0.0,78.36,2025-12-09
TXN-0004603,Laura Spence,Central,Home,Silver,6,1949,175.7,4.41,1007.71,2024-10-05
TXN-0004604,Phillip Herman,West,Sports,Silver,2,2002,79.1,11.25,140.4,2023-12-25
TXN-0004605,Patricia Atkinson,West,Sports,Bronze,1,1960,55.28,4.14,52.99,2026-04-17
TXN-0004606,David Ayers,South,Grocery,Bronze,1,1948,13.47,0.0,13.47,2025-06-16
TXN-0004607,Bryan Martin II,West,Electronics,Gold,12,1965,184.72,16.39,1853.33,2026-07-20
TXN-0004608,Cory Guerrero,South,Home,Bronze,3,2002,49.07,5.42,139.23,2025-02-05
TXN-0004609,Jared Smith,North,Grocery,Silver,2,1967,9.32,14.78,15.89,2026-08-20
TXN-0004610,Jon Day Jr.,Central,Sports,Bronze,3,2005,80.33,1.24,238.0,2024-05-02
TXN-0004611,Hannah Perez MD,West,Electronics,Bronze,3,1998,218.07,0.0,654.21,2023-11-06
TXN-0004612,Mary Church,South,Clothing,Gold,3,1969,75.63,12.48,198.57,2026-07-12
TXN-0004613,Gavin Howell,West,Clothing,Bronze,3,1969,62.09,5.24,176.51,2025-11-08
TXN-0004614,Linda Jones,East,Clothing,Bronze,3,2001,83.62,0.0,250.86,2024-12-30
TXN-0004615,John Clark,South,Grocery,Platinum,4,1981,16.85,20.01,53.91,2024-11-04
TXN-0004616,Edward White,South,Electronics,Silver,6,1948,140.14,7.14,780.8,2025-07-09
TXN-0004617,Zachary Hill,North,Clothing,Silver,5,1983,54.02,11.65,238.63,2025-06-17
TXN-0004618,Joshua Smith,East,Grocery,Silver,4,1989,19.96,5.12,75.75,2025-05-23
TXN-0004619,Jeffrey Wallace,East,Clothing,Bronze,2,1958,214.68,1.49,422.96,2023-11-21
TXN-0004620,Jennifer Anderson,East,Electronics,Bronze,3,1974,149.35,3.83,430.89,2026-03-21
TXN-0004621,William Leblanc,South,Home,Bronze,3,1965,95.82,0.0,287.46,2026-03-04
TXN-0004622,Melissa Ruiz,Central,Home,Bronze,5,1975,165.32,0.0,826.6,2024-07-19
TXN-0004623,Richard Franklin,East,Sports,Bronze,3,1989,91.06,8.55,249.82,2025-03-14
TXN-0004624,Lori Madden,Central,Grocery,Silver,2,2002,10.0,8.95,18.21,2024-09-07
TXN-0004625,Sarah Proctor,North,Sports,Bronze,1,2003,136.89,6.25,128.33,2026-08-29
TXN-0004626,Michael Woodward,East,Electronics,Bronze,2,1984,179.22,4.54,342.17,2026-01-05
TXN-0004627,Joshua Reed,West,Grocery,Silver,1,1969,6.67,6.59,6.23,2026-06-15
TXN-0004628,James Bonilla,South,Home,Silver,3,2001,78.05,4.88,222.72,2025-10-06
TXN-0004629,Robert Grant,North,Grocery,Silver,5,1976,13.99,5.02,66.44,2026-08-06
TXN-0004630,Aaron Reed,South,Home,Bronze,4,1956,76.23,0.0,304.92,2025-04-06
TXN-0004631,Monica Morton,South,Electronics,Silver,2,1957,158.04,4.45,302.01,2025-11-24
TXN-0004632,Russell Green,East,Electronics,Gold,5,1990,206.04,10.27,924.4,2025-01-06
TXN-0004633,Lisa Caldwell,South,Grocery,Silver,1,1978,28.05,9.73,25.32,2024-06-18
TXN-0004634,Melvin Weeks,South,Grocery,Gold,4,1959,28.41,9.64,102.69,2026-07-15
TXN-0004635,John Kennedy,East,Electronics,Bronze,3,1973,280.38,6.88,783.27,2026-02-11
TXN-0004636,Adam Sanchez,North,Home,Bronze,6,1955,83.91,4.64,480.1,2024-07-05
TXN-0004637,Alexandria Collins,South,Grocery,Bronze,2,2001,8.66,4.35,16.57,2024-12-27
TXN-0004638,Autumn Hill,West,Home,Silver,4,1999,37.48,7.83,138.18,2024-02-26
TXN-0004639,Philip Munoz,North,Clothing,Gold,5,2005,72.12,14.46,308.46,2025-09-28
TXN-0004640,Kimberly Thompson,South,Sports,Bronze,3,1982,73.44,0.52,219.17,2024-04-13
TXN-0004641,Allison Clark,South,Home,Bronze,4,1968,152.0,0.0,608.0,2024-11-02
TXN-0004642,Randy Wang,North,Grocery,Gold,3,1953,21.17,11.44,56.24,2026-02-12
TXN-0004643,Amanda Palmer,East,Grocery,Bronze,4,1980,9.74,0.0,38.96,2024-07-08
TXN-0004644,Kimberly Ross,North,Grocery,Silver,3,1979,14.57,8.6,39.95,2026-08-18
TXN-0004645,Lori Steele,South,Electronics,Bronze,3,1973,185.86,0.0,557.58,2025-03-02
TXN-0004646,Jeremy Fernandez,Central,Sports,Platinum,5,1985,50.79,22.28,197.37,2026-07-10
TXN-0004647,Frank Franklin,Central,Clothing,Bronze,5,1969,93.14,4.38,445.3,2024-02-13
TXN-0004648,Wesley Reyes,South,Grocery,Silver,2,2001,15.43,7.91,28.42,2024-09-07
TXN-0004649,Michelle Clark,South,Sports,Silver,4,2002,67.01,5.23,254.02,2025-04-01
TXN-0004650,David Le,East,Grocery,Platinum,5,1957,10.27,17.04,42.6,2024-09-08
TXN-0004651,Anthony Lee,West,Home,Platinum,7,1947,183.65,17.46,1061.09,2025-01-17
TXN-0004652,Mrs. Sarah Gordon,West,Electronics,Gold,4,1956,149.42,9.77,539.29,2025-07-12
TXN-0004653,Amy Mack,North,Clothing,Bronze,7,1962,60.89,1.96,417.88,2025-02-23
TXN-0004654,Andrew Cortez,North,Home,Silver,3,1990,68.67,6.62,192.37,2025-04-27
TXN-0004655,Karen Novak,South,Electronics,Gold,5,1959,139.36,19.67,559.74,2024-11-05
TXN-0004656,Amanda Shelton,Central,Electronics,Silver,4,1970,178.18,13.5,616.5,2026-03-25
TXN-0004657,Michael Davis,Central,Sports,Gold,2,1971,87.29,18.34,142.56,2024-12-27
TXN-0004658,Samantha Soto,North,Clothing,Gold,3,1989,67.29,12.3,177.04,2025-09-17
TXN-0004659,Sharon Miller,East,Clothing,Bronze,2,1975,78.35,0.0,156.7,2024-03-28
TXN-0004660,Scott Thomas,North,Clothing,Bronze,2,1957,70.1,2.65,136.48,2025-09-27
TXN-0004661,Brett Rogers,West,Home,Bronze,4,1997,108.93,1.13,430.8,2023-12-20
TXN-0004662,George Williams,Central,Home,Silver,3,1985,71.49,7.13,199.18,2026-06-09
TXN-0004663,James Lopez,East,Grocery,Silver,2,1995,16.63,8.51,30.43,2026-03-22
TXN-0004664,Kirk Powell,North,Home,Bronze,4,1957,58.57,4.46,223.83,2026-03-17
TXN-0004665,Jesse Sutton,East,Electronics,Gold,2,2004,134.32,6.78,250.43,2026-05-19
TXN-0004666,Bridget Edwards DDS,South,Home,Bronze,3,1971,104.5,6.53,293.03,2024-01-16
TXN-0004667,Adam Woods,West,Electronics,Bronze,4,1976,184.11,5.35,697.04,2025-09-30
TXN-0004668,Michael Phillips,South,Grocery,Silver,7,2002,22.7,4.99,150.97,2024-07-26
TXN-0004669,Tina Brown,Central,Electronics,Silver,5,1985,267.76,10.11,1203.45,2025-11-13
TXN-0004670,Stephanie Barton,South,Electronics,Bronze,3,1959,101.04,1.12,299.73,2024-04-01
TXN-0004671,Stephanie Miller,North,Home,Gold,4,1988,46.82,13.12,162.71,2026-08-20
TXN-0004672,Donna Reese,South,Electronics,Gold,3,1958,145.93,12.48,383.15,2025-05-12
TXN-0004673,Laura Daniel,North,Home,Silver,6,1969,150.8,4.47,864.36,2025-12-29
TXN-0004674,Jennifer Sparks,South,Home,Platinum,1,1989,149.08,15.61,125.81,2025-01-03
TXN-0004675,Yolanda Anderson,West,Sports,Bronze,2,1988,80.4,11.57,142.2,2025-06-30
TXN-0004676,David Warner,North,Electronics,Bronze,3,1960,144.8,4.2,416.16,2023-12-20
TXN-0004677,Tammy Cox,North,Home,Bronze,5,1947,98.63,2.48,480.92,2024-05-19
TXN-0004678,Brenda Cruz,North,Grocery,Silver,2,1980,26.64,13.34,46.17,2024-04-28
TXN-0004679,Elizabeth Anderson,North,Electronics,Bronze,4,1946,121.81,0.0,487.24,2024-08-04
TXN-0004680,Mr. Jerry Robinson,Central,Home,Platinum,2,1981,73.7,19.14,119.19,2025-03-13
TXN-0004681,James Rivera,Central,Grocery,Silver,5,1971,18.61,4.84,88.55,2025-06-24
TXN-0004682,Jennifer Williams,North,Grocery,Gold,3,1999,26.63,11.27,70.89,2026-02-28
TXN-0004683,Jeffrey Smith,West,Sports,Silver,3,2004,100.47,7.11,279.98,2025-09-07
TXN-0004684,Nicholas Eaton,West,Grocery,Silver,2,1948,9.03,5.47,17.07,2024-05-07
TXN-0004685,Mark Adams,Central,Clothing,Silver,4,2000,73.74,0.77,292.69,2025-01-31
TXN-0004686,Joshua Martinez,South,Sports,Silver,3,2003,74.62,3.45,216.14,2024-07-04
TXN-0004687,Laurie Vargas,South,Electronics,Gold,7,1983,199.93,9.78,1262.64,2024-01-31
TXN-0004688,Amy Yang DDS,East,Home,Bronze,5,1987,83.46,0.44,415.46,2025-10-24
TXN-0004689,Chad Franklin,West,Grocery,Gold,4,1956,21.44,9.66,77.48,2025-02-25
TXN-0004690,Michael Saunders,West,Grocery,Silver,5,1999,18.3,6.38,85.66,2026-06-04
TXN-0004691,Jacob Mcdonald,East,Sports,Gold,5,1945,61.99,12.49,271.24,2024-06-28
TXN-0004692,Crystal Rodriguez,South,Electronics,Bronze,5,1973,122.69,0.0,613.45,2025-01-26
TXN-0004693,Chelsea Long,West,Grocery,Bronze,1,2005,16.83,0.0,16.83,2026-06-09
TXN-0004694,Mitchell Jordan,West,Electronics,Bronze,3,1953,101.71,2.76,296.71,2023-12-27
TXN-0004695,Walter Bailey,South,Grocery,Silver,2,1971,15.42,6.61,28.8,2023-10-05
TXN-0004696,Katherine Phillips,West,Grocery,Bronze,5,1999,16.08,0.0,80.4,2025-08-30
TXN-0004697,Robert Jarvis,South,Electronics,Platinum,5,2006,229.97,22.82,887.45,2024-11-25
TXN-0004698,Breanna Flores,East,Grocery,Platinum,1,1970,22.7,22.12,17.68,2024-08-18
TXN-0004699,Tonya Campbell,East,Home,Bronze,5,1954,182.05,10.15,817.86,2024-06-15
TXN-0004700,Gary Palmer,West,Home,Silver,5,1979,50.03,13.17,217.21,2026-03-11
TXN-0004701,Alan Hoffman,Central,Sports,Bronze,3,1988,68.56,0.0,205.68,2024-05-31
TXN-0004702,Linda Bailey,East,Grocery,Bronze,4,1969,27.71,1.55,109.12,2025-10-27
TXN-0004703,Daniel Mercado,South,Home,Bronze,3,1991,99.07,2.11,290.94,2024-02-11
TXN-0004704,Pamela Sanders,South,Electronics,Gold,4,1949,148.24,17.46,489.43,2024-04-16
TXN-0004705,Sean Harper,North,Electronics,Gold,5,1954,115.45,12.0,507.98,2026-05-09
TXN-0004706,Brittany Snyder,South,Electronics,Bronze,3,1958,204.01,6.71,570.96,2025-08-01
TXN-0004707,Ethan Russell Jr.,North,Clothing,Bronze,5,1962,58.71,2.99,284.77,2026-06-08
TXN-0004708,Jennifer Cochran,South,Clothing,Silver,5,2005,48.86,4.21,234.01,2025-07-26
TXN-0004709,Emily Henderson,North,Home,Silver,5,1983,128.1,2.87,622.12,2025-06-15
TXN-0004710,Edward Shields,South,Grocery,Bronze,3,1982,39.4,5.56,111.63,2025-07-25
TXN-0004711,Javier Dorsey,West,Electronics,Gold,3,1995,117.24,16.39,294.07,2025-10-08
TXN-0004712,Craig Marsh,South,Home,Platinum,5,1977,110.38,23.83,420.38,2025-05-15
TXN-0004713,Jonathan Johnson,East,Sports,Bronze,3,1980,78.73,0.0,236.19,2023-10-05
TXN-0004714,Cristian Smith,Central,Electronics,Gold,3,1947,200.84,12.54,526.96,2023-11-25
TXN-0004715,Michael Walters,East,Grocery,Silver,4,1994,28.58,11.39,101.3,2026-01-04
TXN-0004716,Jonathan Davis,North,Electronics,Silver,1,2000,263.2,1.99,257.96,2024-08-02
TXN-0004717,Gregory Alexander,South,Home,Gold,5,1982,75.59,14.99,321.3,2025-04-29
TXN-0004718,Carl Scott,East,Grocery,Silver,7,2006,10.07,5.06,66.92,2023-10-19
TXN-0004719,David Nguyen,East,Electronics,Silver,1,1991,154.84,3.71,149.1,2025-02-09
TXN-0004720,Derek Mckinney,North,Clothing,Bronze,3,1949,53.34,0.0,160.02,2025-12-30
TXN-0004721,Monique Diaz,East,Grocery,Silver,4,1952,6.87,12.53,24.04,2024-07-20
TXN-0004722,Robert Benson,East,Electronics,Bronze,3,1991,228.1,5.13,649.2,2023-10-25
TXN-0004723,Mrs. Amy Sharp,South,Grocery,Bronze,4,1990,14.98,1.59,58.97,2026-08-14
TXN-0004724,Timothy Miller,East,Home,Silver,2,2005,88.39,14.7,150.79,2023-10-04
TXN-0004725,Kelly Johnston,North,Electronics,Bronze,2,1968,131.03,0.0,262.06,2026-05-28
TXN-0004726,Vincent Zuniga,South,Grocery,Bronze,6,2003,16.74,0.0,100.44,2024-10-18
TXN-0004727,Jennifer Lewis,West,Home,Bronze,5,1986,140.68,7.6,649.94,2024-09-13
TXN-0004728,Stephen Spencer,South,Electronics,Gold,4,1986,164.79,12.37,577.62,2026-09-09
TXN-0004729,Frank Lawson,East,Sports,Silver,3,1985,157.59,6.27,443.13,2025-03-15
TXN-0004730,Michael Stevens,South,Home,Bronze,3,1979,112.17,1.58,331.19,2025-01-24
TXN-0004731,Adriana Parks,South,Grocery,Gold,1,1948,23.01,11.4,20.39,2024-04-15
TXN-0004732,Cody Sanchez,Central,Electronics,Gold,6,1949,148.96,16.25,748.52,2024-03-05
TXN-0004733,Karen Wells,South,Electronics,Bronze,3,1976,156.67,0.0,470.01,2025-05-15
TXN-0004734,Kimberly Sanchez,South,Grocery,Silver,4,1979,25.84,16.41,86.4,2025-11-17
TXN-0004735,Martin Elliott,Central,Grocery,Bronze,2,1992,27.27,0.0,54.54,2026-03-30
TXN-0004736,Larry Reynolds,West,Clothing,Silver,2,1999,60.38,12.92,105.16,2025-01-15
TXN-0004737,Colton Roth,West,Grocery,Silver,4,1974,21.87,9.89,78.83,2024-06-13
TXN-0004738,Lindsey Mendoza,North,Home,Bronze,2,1954,85.7,0.0,171.4,2024-01-07
TXN-0004739,Brandi Cunningham,North,Clothing,Silver,2,1985,59.4,7.9,109.41,2023-12-08
TXN-0004740,Donna Williams,East,Grocery,Bronze,2,1954,18.56,4.96,35.28,2025-01-03
TXN-0004741,Tammy Morris,South,Home,Silver,4,1970,91.25,9.19,331.46,2024-12-22
TXN-0004742,Robin Donovan,South,Home,Bronze,4,1996,127.8,0.0,511.2,2025-09-05
TXN-0004743,Julia Williamson,West,Grocery,Gold,5,1996,17.69,14.35,75.76,2025-12-14
TXN-0004744,Chelsea Martin,South,Home,Silver,1,2006,72.21,2.14,70.66,2026-04-11
TXN-0004745,David Fitzpatrick,North,Sports,Bronze,1,1981,68.25,5.67,64.38,2025-12-20
TXN-0004746,Nathan Dillon,North,Grocery,Gold,2,1950,16.28,16.74,27.11,2025-03-05
TXN-0004747,Amber Allen,East,Clothing,Bronze,3,2001,64.18,0.0,192.54,2025-08-01
TXN-0004748,Kenneth King,East,Home,Silver,1,1954,74.03,0.08,73.97,2026-08-29
TXN-0004749,Ana Jensen MD,West,Sports,Silver,6,1971,111.21,5.93,627.69,2024-04-22
TXN-0004750,Kelli Carter,North,Sports,Bronze,4,1970,68.25,1.16,269.83,2025-03-13
TXN-0004751,Edward Keller,North,Electronics,Bronze,2,1986,277.1,2.03,542.95,2025-10-28
TXN-0004752,Kelly Preston,East,Clothing,Bronze,3,2004,55.5,3.47,160.72,2025-04-08
TXN-0004753,Michael Rivera,South,Clothing,Silver,2,1983,66.17,6.46,123.79,2024-07-16
TXN-0004754,Bradley Cameron,East,Grocery,Silver,6,1950,25.49,7.36,141.68,2024-06-10
TXN-0004755,Beth Price,Central,Sports,Bronze,2,1954,115.09,0.0,230.18,2025-06-15
TXN-0004756,Jessica Graham,East,Grocery,Bronze,4,1947,22.42,0.0,89.68,2023-10-27
TXN-0004757,Lisa Harris,South,Clothing,Gold,4,1966,137.68,15.11,467.51,2024-09-16
TXN-0004758,Becky Smith,Central,Sports,Bronze,3,2003,75.09,3.82,216.66,2024-09-10
TXN-0004759,Rachel Rollins,North,Electronics,Bronze,4,1948,94.35,0.75,374.57,2024-04-18
TXN-0004760,Christopher Ayala,Central,Clothing,Silver,4,1972,54.34,3.32,210.14,2024-08-21
TXN-0004761,Mario Maxwell,East,Clothing,Bronze,3,1988,72.64,7.43,201.73,2023-11-01
TXN-0004762,Katherine Mcdonald,East,Home,Platinum,3,1981,105.53,25.99,234.31,2026-04-01
TXN-0004763,Todd Perry,Central,Home,Bronze,2,1991,63.02,5.99,118.49,2025-11-19
TXN-0004764,Melissa Johnson,East,Electronics,Gold,6,1967,142.15,15.22,723.09,2024-06-16
TXN-0004765,Timothy Blair,South,Electronics,Bronze,6,2002,120.52,0.0,723.12,2024-04-06
TXN-0004766,Robert Smith,South,Grocery,Bronze,5,1984,14.27,6.48,66.73,2025-04-19
TXN-0004767,Amy Gray,West,Electronics,Bronze,3,1949,154.85,4.03,445.83,2026-07-04
TXN-0004768,Lucas Jackson,East,Home,Platinum,6,1978,105.97,16.41,531.48,2023-11-25
TXN-0004769,Elizabeth Mccoy,South,Electronics,Silver,4,1978,123.97,9.47,448.92,2025-05-02
TXN-0004770,Roger Bowman,West,Clothing,Bronze,2,1946,44.05,0.21,87.91,2026-06-18
TXN-0004771,Elizabeth Brown,East,Clothing,Platinum,3,1962,70.53,22.9,163.14,2024-10-29
TXN-0004772,Debra Leonard,South,Grocery,Bronze,2,1956,13.34,6.01,25.08,2026-01-05
TXN-0004773,Kara Blake,North,Home,Bronze,4,2006,65.65,3.82,252.57,2026-05-23
TXN-0004774,Jessica Fisher,East,Clothing,Bronze,2,1948,118.72,0.0,237.44,2023-12-12
TXN-0004775,Timothy Wilkinson,North,Grocery,Gold,9,1981,14.97,15.16,114.3,2026-04-07
TXN-0004776,Christopher Cameron,North,Electronics,Bronze,3,1951,84.46,3.97,243.32,2023-12-11
TXN-0004777,Jared Ballard,South,Grocery,Bronze,3,1957,11.66,0.0,34.98,2026-07-22
TXN-0004778,Heather Bradford,North,Clothing,Platinum,6,1955,27.38,18.81,133.38,2024-03-13
TXN-0004779,Jennifer Moses,South,Sports,Silver,1,2004,133.6,13.67,115.34,2026-07-09
TXN-0004780,Jason Jones,West,Electronics,Bronze,4,2002,156.0,7.8,575.33,2023-10-28
TXN-0004781,Debra Larson,South,Home,Silver,3,2002,62.52,5.08,178.03,2023-12-11
TXN-0004782,Christine Mills,Central,Home,Bronze,1,1958,109.53,0.0,109.53,2026-09-03
TXN-0004783,Kevin Carrillo,Central,Home,Silver,9,1945,163.88,12.19,1295.13,2024-03-25
TXN-0004784,Nicole Roberson,East,Grocery,Bronze,3,2007,16.95,9.42,46.06,2025-07-06
TXN-0004785,Sarah George,Central,Electronics,Silver,5,1969,283.36,12.51,1239.56,2025-08-18
TXN-0004786,Kyle Mccarthy,West,Clothing,Gold,5,2001,48.89,11.76,215.7,2025-05-10
TXN-0004787,Kevin Oliver,South,Grocery,Bronze,3,1983,11.92,4.35,34.2,2024-04-06
TXN-0004788,Erik Delacruz,West,Sports,Bronze,2,1971,141.31,0.0,282.62,2026-01-25
TXN-0004789,Rebecca Clark,North,Home,Bronze,2,1990,69.92,5.78,131.76,2024-10-24
TXN-0004790,Patricia Kim,West,Home,Gold,6,1949,73.84,10.96,394.48,2025-10-03
TXN-0004791,Carlos Walker,East,Grocery,Gold,4,2002,25.89,10.78,92.4,2026-09-22
TXN-0004792,Stephanie Garcia,North,Grocery,Gold,4,2005,18.22,12.7,63.62,2024-05-22
TXN-0004793,Nathan Willis,South,Sports,Platinum,7,1968,72.16,18.04,414.0,2024-08-12
TXN-0004794,Kimberly Curtis,Central,Grocery,Gold,2,1992,16.47,15.57,27.81,2026-09-11
TXN-0004795,Susan Rivera,South,Clothing,Platinum,2,1960,43.56,17.01,72.3,2026-08-28
TXN-0004796,Timothy Perez,North,Home,Silver,3,1965,95.88,16.06,241.45,2026-06-03
TXN-0004797,Michael White,North,Home,Bronze,3,1975,106.74,3.93,307.64,2023-10-12
TXN-0004798,Patrick Huerta,East,Electronics,Silver,3,1962,147.97,5.78,418.25,2025-01-07
TXN-0004799,Brenda Lee,West,Grocery,Bronze,4,1987,21.95,0.0,87.8,2025-07-12
TXN-0004800,Kiara Sexton,West,Home,Bronze,2,2000,103.97,0.91,206.05,2026-07-21
TXN-0004801,Elizabeth Serrano,South,Electronics,Bronze,4,1990,183.23,1.27,723.61,2024-03-02
TXN-0004802,Candice Sanders,South,Grocery,Bronze,2,1994,16.3,1.05,32.26,2026-07-23
TXN-0004803,Jonathan Vasquez,North,Clothing,Silver,4,2003,48.29,5.27,182.98,2025-12-14
TXN-0004804,Patricia Fox,East,Electronics,Bronze,4,1958,182.16,0.0,728.64,2024-11-20
TXN-0004805,Betty Cole,West,Home,Bronze,2,1963,59.14,5.17,112.16,2026-05-22
TXN-0004806,Mariah Brown,West,Grocery,Gold,5,1958,49.66,17.95,203.73,2026-04-25
TXN-0004807,Valerie Roberts,South,Home,Silver,3,1959,37.32,3.98,107.5,2026-09-20
TXN-0004808,Anthony Terry,East,Electronics,Bronze,4,1995,131.48,1.83,516.3,2024-04-28
TXN-0004809,Mrs. Miranda Johnston,South,Home,Bronze,3,1985,107.74,0.0,323.22,2025-07-09
TXN-0004810,Eric Adkins,East,Electronics,Bronze,2,1999,206.57,0.09,412.77,2024-03-08
TXN-0004811,Kimberly Kane,East,Sports,Gold,5,2007,55.8,19.89,223.51,2025-11-30
TXN-0004812,Alexander Shelton,West,Clothing,Bronze,2,1978,43.8,6.2,82.17,2026-05-14
TXN-0004813,Melissa Hanson,East,Grocery,Platinum,4,1967,18.32,22.17,57.03,2024-03-28
TXN-0004814,Rebecca Lee,Central,Electronics,Bronze,1,1954,99.47,0.0,99.47,2024-12-10
TXN-0004815,Dana Smith,South,Electronics,Gold,4,1983,105.04,10.56,375.79,2024-03-23
TXN-0004816,Tamara Moore,North,Home,Bronze,3,1960,122.32,0.19,366.26,2024-03-11
TXN-0004817,Bryan Franco,South,Grocery,Silver,4,1983,23.96,10.58,85.7,2025-11-09
TXN-0004818,Spencer Butler,East,Sports,Bronze,2,1986,75.31,6.55,140.75,2024-08-01
TXN-0004819,Casey Garcia,East,Home,Bronze,5,2007,117.83,2.03,577.19,2026-05-01
TXN-0004820,Steven Oconnor,East,Clothing,Platinum,5,1955,56.82,23.18,218.25,2024-08-03
TXN-0004821,Jennifer Ramirez,West,Electronics,Silver,5,1980,122.03,4.46,582.94,2024-11-09
TXN-0004822,Dr. Travis Morris DDS,South,Home,Bronze,2,1947,60.0,3.16,116.21,2025-12-18
TXN-0004823,Johnny Garcia,West,Clothing,Gold,3,1977,68.44,16.71,171.01,2024-08-06
TXN-0004824,Dawn Jordan,West,Sports,Bronze,3,1963,59.23,7.62,164.15,2025-04-06
TXN-0004825,Anthony Mills,South,Home,Gold,4,1962,119.46,8.98,434.93,2026-09-24
TXN-0004826,Richard Perry,South,Grocery,Silver,4,1985,16.17,12.12,56.84,2025-06-25
TXN-0004827,Brandi Vega,North,Grocery,Bronze,3,1947,28.36,10.49,76.16,2024-12-29
TXN-0004828,Jason Gomez,South,Electronics,Bronze,3,1975,114.48,0.0,343.44,2024-06-03
TXN-0004829,Christian Snow,West,Clothing,Bronze,1,1989,36.92,0.0,36.92,2023-11-28
TXN-0004830,Debbie Carrillo,Central,Sports,Platinum,3,2005,80.61,25.77,179.51,2026-01-26
TXN-0004831,Kaitlyn Phillips,East,Clothing,Bronze,6,2005,48.69,0.76,289.92,2025-11-07
TXN-0004832,Ryan Harris,South,Home,Bronze,5,1953,94.77,1.47,466.88,2024-08-15
TXN-0004833,Susan Bolton,West,Grocery,Gold,5,1948,17.55,17.4,72.48,2026-09-01
TXN-0004834,Reginald Copeland,West,Electronics,Bronze,2,2003,133.59,0.0,267.18,2025-10-13
TXN-0004835,Sharon Cross,South,Sports,Bronze,3,1996,68.27,3.21,198.24,2025-02-22
TXN-0004836,Tyler Russell,West,Clothing,Silver,4,1974,25.56,2.5,99.68,2024-09-26
TXN-0004837,Marcus Patrick,North,Home,Bronze,3,1970,151.61,5.33,430.59,2023-10-02
TXN-0004838,Thomas Hunt,North,Clothing,Gold,1,2004,43.94,16.31,36.77,2023-10-17
TXN-0004839,Christopher Salinas,North,Home,Silver,4,1974,104.82,7.91,386.11,2026-08-06
TXN-0004840,Anthony Carr,North,Electronics,Bronze,1,1956,77.25,2.36,75.43,2024-02-13
TXN-0004841,Amanda Franklin,Central,Electronics,Silver,1,1960,117.29,7.27,108.76,2024-03-17
TXN-0004842,Nicole Lewis,South,Clothing,Bronze,3,1961,60.03,1.72,176.99,2026-03-07
TXN-0004843,Alexandria Carrillo,South,Clothing,Silver,3,1982,103.5,7.06,288.58,2026-08-02
TXN-0004844,Samantha Alvarez,South,Home,Silver,3,1967,105.04,10.37,282.44,2025-11-03
TXN-0004845,Dr. Roberto Johnston,South,Electronics,Gold,6,1964,193.9,7.07,1081.15,2024-05-16
TXN-0004846,Dr. George Hernandez,South,Electronics,Silver,7,1952,134.37,13.74,811.35,2024-02-14
TXN-0004847,Daniel Price,North,Electronics,Gold,4,1955,158.78,13.97,546.39,2025-11-30
TXN-0004848,Adam Stewart,West,Clothing,Bronze,1,1957,51.15,10.2,45.93,2024-01-22
TXN-0004849,Daniel Molina,North,Clothing,Gold,2,1952,61.03,14.19,104.74,2024-03-03
TXN-0004850,Michael Evans,West,Electronics,Bronze,1,1970,246.11,2.35,240.33,2024-10-29
TXN-0004851,Victoria Berry,South,Home,Gold,5,1985,79.31,15.51,335.05,2026-06-24
TXN-0004852,Mr. Daniel King Jr.,West,Grocery,Silver,6,1980,18.1,2.94,105.41,2024-09-21
TXN-0004853,Ronald Juarez,West,Grocery,Bronze,4,1952,15.62,0.0,62.48,2025-09-06
TXN-0004854,Matthew Reynolds,North,Clothing,Bronze,3,1981,50.04,1.61,147.7,2024-12-30
TXN-0004855,Luis Nelson,North,Grocery,Gold,3,1974,26.67,13.58,69.14,2024-11-11
TXN-0004856,Rhonda Williams,Central,Home,Gold,3,1945,104.89,16.92,261.43,2025-09-18
TXN-0004857,Brandon Pruitt,East,Home,Silver,3,1955,100.25,7.58,277.95,2023-12-14
TXN-0004858,Pamela Cook,East,Electronics,Bronze,3,1995,152.54,7.39,423.8,2024-03-01
TXN-0004859,Ryan Smith,North,Clothing,Silver,2,1961,40.51,0.0,81.02,2024-06-25
TXN-0004860,Erik Williams,South,Home,Bronze,2,1964,114.44,8.64,209.1,2023-11-28
TXN-0004861,Patrick Ortega,East,Electronics,Silver,3,1955,213.9,5.88,603.97,2024-12-22
TXN-0004862,Joseph Stevens,Central,Grocery,Bronze,1,1991,24.43,4.7,23.28,2025-04-09
TXN-0004863,Tina Wilson,South,Clothing,Gold,2,1969,54.54,17.51,89.98,2026-08-14
TXN-0004864,Jose Coleman,West,Electronics,Silver,2,1962,121.5,2.7,236.44,2025-01-25
TXN-0004865,Terry Mills,West,Electronics,Bronze,2,1974,199.63,7.37,369.83,2025-07-20
TXN-0004866,Aaron Boyd,North,Electronics,Silver,5,1962,232.83,9.95,1048.32,2024-03-26
TXN-0004867,Sara Flores,South,Clothing,Bronze,4,1977,73.57,8.52,269.21,2024-02-22
TXN-0004868,Shelly Horton,South,Electronics,Bronze,2,1982,121.42,2.58,236.57,2023-12-08
TXN-0004869,Destiny Duncan,East,Home,Bronze,2,1949,102.4,2.3,200.09,2023-10-13
TXN-0004870,Matthew Robinson,East,Clothing,Bronze,4,1946,27.76,0.0,111.04,2024-04-29
TXN-0004871,Jessica Doyle,South,Home,Bronze,3,1993,143.46,0.0,430.38,2026-07-24
TXN-0004872,Joshua Moran,South,Sports,Silver,4,1952,79.42,7.08,295.19,2026-06-29
TXN-0004873,Carol Fisher,West,Grocery,Silver,4,1951,19.25,9.35,69.8,2024-06-18
TXN-0004874,Dr. Daniel Sweeney,East,Home,Silver,3,2006,154.39,9.94,417.13,2025-02-19
TXN-0004875,Michael Cruz,East,Clothing,Platinum,5,2001,44.69,16.77,185.98,2025-04-05
TXN-0004876,Kevin Sandoval,East,Grocery,Gold,4,1973,18.74,12.95,65.25,2025-08-07
TXN-0004877,Melanie Watson,South,Sports,Bronze,3,1949,55.46,3.1,161.22,2026-05-20
TXN-0004878,Ms. Stephanie Duran,West,Home,Silver,4,1997,53.29,0.0,213.16,2024-11-17
TXN-0004879,Jonathan Phillips,South,Electronics,Gold,9,2003,176.4,16.31,1328.66,2024-02-19
TXN-0004880,James Cox,South,Grocery,Bronze,2,1996,19.53,1.39,38.52,2025-04-28
TXN-0004881,Erik Dean,North,Electronics,Bronze,3,2005,76.09,2.34,222.93,2025-03-13
TXN-0004882,Allison Fisher,East,Grocery,Platinum,9,1945,23.23,25.39,155.99,2024-07-08
TXN-0004883,Casey Hardy,East,Electronics,Gold,6,2002,157.66,9.81,853.16,2024-03-22
TXN-0004884,John Cole,South,Electronics,Gold,2,1974,208.19,10.24,373.74,2025-06-11
TXN-0004885,Lauren Hooper,West,Grocery,Gold,4,1965,19.54,5.27,74.04,2025-06-10
TXN-0004886,Crystal Shelton,West,Grocery,Bronze,3,1984,25.96,2.01,76.31,2025-09-06
TXN-0004887,Amanda Hess,North,Home,Silver,4,2007,135.09,11.08,480.49,2024-11-23
TXN-0004888,Jessica Holloway,West,Grocery,Gold,4,1995,19.3,5.87,72.67,2025-05-19
TXN-0004889,Michelle Burton,South,Grocery,Bronze,3,1966,24.86,0.0,74.58,2026-09-03
TXN-0004890,Michael Arnold,Central,Home,Bronze,2,2005,122.56,2.81,238.23,2025-10-09
TXN-0004891,Victoria Carpenter,South,Sports,Bronze,5,1961,49.59,0.62,246.41,2025-07-14
TXN-0004892,Andrea Moody,South,Clothing,Gold,4,1953,40.38,11.65,142.7,2026-07-01
TXN-0004893,Erik Harris,East,Electronics,Silver,2,1998,112.35,7.77,207.24,2024-06-13
TXN-0004894,Virginia Johns,South,Grocery,Gold,5,1989,22.71,19.66,91.23,2024-03-21
TXN-0004895,Lori Williams,West,Clothing,Bronze,5,1951,42.94,2.38,209.59,2024-04-20
TXN-0004896,Daniel Palmer,East,Grocery,Silver,3,1972,8.84,8.08,24.38,2026-09-13
TXN-0004897,Austin Snyder,South,Electronics,Bronze,5,1952,112.4,3.92,539.97,2023-12-28
TXN-0004898,Kevin Wood,East,Electronics,Platinum,1,1969,139.95,13.42,121.17,2024-06-01
TXN-0004899,Dr. Lori Jackson,Central,Electronics,Silver,5,1981,187.93,8.37,861.0,2024-03-07
TXN-0004900,Christine Baker,West,Home,Gold,8,1945,141.5,7.84,1043.25,2025-07-05
TXN-0004901,Jennifer Warren,East,Grocery,Bronze,1,1967,25.12,2.33,24.53,2026-04-02
TXN-0004902,Tina Jennings,South,Clothing,Bronze,3,2007,58.54,6.06,164.98,2025-10-16
TXN-0004903,Chris Wheeler,North,Electronics,Bronze,4,1966,119.79,0.78,475.42,2026-02-27
TXN-0004904,Catherine Walls,Central,Clothing,Gold,6,1983,27.27,16.99,135.82,2026-08-16
TXN-0004905,Lindsey Chen,West,Clothing,Bronze,2,1967,46.38,0.0,92.76,2025-08-08
TXN-0004906,Brandon Johns,East,Home,Gold,6,1984,81.42,14.2,419.15,2024-07-05
TXN-0004907,Brittney Bradley,Central,Grocery,Bronze,2,1959,18.64,3.26,36.06,2026-05-04
TXN-0004908,Kelly Hughes,North,Electronics,Silver,2,2003,218.84,0.0,437.68,2025-05-09
TXN-0004909,Pamela Dixon,West,Clothing,Bronze,1,1965,69.57,4.03,66.77,2025-04-07
TXN-0004910,Robert Banks,South,Home,Bronze,1,1959,92.99,0.0,92.99,2026-05-04
TXN-0004911,Thomas Hughes DDS,North,Clothing,Silver,1,1951,47.84,7.82,44.1,2023-11-11
TXN-0004912,Amanda Wilson,East,Clothing,Bronze,3,1989,32.28,3.78,93.18,2026-08-26
TXN-0004913,Carlos Castillo,South,Home,Silver,5,1992,68.01,5.73,320.57,2024-04-17
TXN-0004914,Justin Hughes,Central,Clothing,Silver,3,1973,39.24,7.8,108.54,2025-10-17
TXN-0004915,Crystal Hill,South,Electronics,Bronze,3,1952,396.47,10.14,1068.8,2025-10-25
TXN-0004916,Mary Atkinson,West,Electronics,Silver,3,1975,321.62,5.3,913.72,2024-03-21
TXN-0004917,Lisa Gibson,West,Grocery,Silver,6,1982,11.59,3.12,67.37,2025-06-27
TXN-0004918,Miguel Williams,West,Clothing,Bronze,1,1994,63.11,9.36,57.2,2025-08-12
TXN-0004919,Joe Mendez PhD,Central,Grocery,Bronze,5,1950,11.22,2.88,54.48,2023-12-08
TXN-0004920,Sharon Barajas,South,Home,Bronze,2,1961,97.33,6.25,182.49,2024-01-04
TXN-0004921,Hector Griffin,South,Home,Bronze,3,2005,75.8,0.0,227.4,2024-11-07
TXN-0004922,Jessica Singh,North,Grocery,Bronze,2,2003,17.13,0.0,34.26,2026-07-11
TXN-0004923,Sara Barrett,South,Clothing,Silver,2,1970,79.47,4.08,152.46,2025-01-28
TXN-0004924,Ariel Murphy,Central,Electronics,Bronze,3,1975,182.28,1.49,538.69,2023-10-17
TXN-0004925,Melanie Saunders,East,Electronics,Gold,5,1973,216.95,11.28,962.39,2026-09-26
TXN-0004926,Taylor Howard,South,Grocery,Gold,6,1977,21.46,11.27,114.25,2026-08-16
TXN-0004927,Kelly Williamson,South,Home,Bronze,6,1994,69.65,0.0,417.9,2025-12-21
TXN-0004928,Nancy Black,East,Grocery,Silver,6,1969,11.38,7.87,62.91,2026-03-11
TXN-0004929,Diana Williams,West,Home,Bronze,5,1961,81.04,1.18,400.42,2026-02-21
TXN-0004930,Jordan Clark,South,Clothing,Bronze,3,1949,49.49,0.0,148.47,2024-09-09
TXN-0004931,Emily Parker,West,Clothing,Platinum,8,1974,45.8,19.01,296.75,2026-08-03
TXN-0004932,Mr. Thomas Garcia,East,Electronics,Silver,1,1979,125.04,6.62,116.76,2025-03-06
TXN-0004933,Darrell Wong,West,Grocery,Bronze,2,1987,18.42,5.79,34.71,2025-12-12
TXN-0004934,Anthony Morales,South,Electronics,Gold,4,1986,254.07,11.2,902.46,2025-12-18
TXN-0004935,Ashley Burton MD,East,Sports,Gold,5,1967,35.96,16.49,150.15,2026-09-01
TXN-0004936,Kimberly Jones,North,Electronics,Silver,6,1948,103.56,10.09,558.66,2026-09-20
TXN-0004937,Mark Johns,South,Home,Silver,5,1973,98.62,4.2,472.39,2026-05-15
TXN-0004938,Jeremy Brown,West,Electronics,Gold,4,1963,83.52,15.44,282.5,2024-02-22
TXN-0004939,Crystal Beltran,East,Grocery,Silver,6,1959,10.86,11.07,57.95,2025-07-31
TXN-0004940,Lori Howard,North,Electronics,Silver,3,1997,335.5,10.9,896.79,2026-07-21
TXN-0004941,Deborah Cherry,West,Home,Gold,2,1973,109.58,14.3,187.82,2024-10-18
TXN-0004942,Elaine Herman,North,Sports,Silver,5,1976,190.91,6.68,890.79,2025-10-15
TXN-0004943,Sabrina Henderson DVM,East,Home,Bronze,2,1984,49.5,0.0,99.0,2025-03-18
TXN-0004944,Robin Jones,Central,Electronics,Bronze,3,1982,331.92,6.2,934.02,2026-07-25
TXN-0004945,Chad Flores,East,Grocery,Bronze,3,2003,11.37,0.0,34.11,2026-08-13
TXN-0004946,Jonathan Stanley,West,Clothing,Bronze,2,1968,75.24,1.46,148.28,2026-06-20
TXN-0004947,Heather Duffy,East,Electronics,Bronze,2,1984,74.69,5.84,140.66,2025-05-17
TXN-0004948,Michael Moore,West,Home,Silver,3,1948,99.63,3.53,288.34,2024-05-15
TXN-0004949,Maureen Bates,West,Grocery,Platinum,3,1945,20.42,20.0,49.01,2026-02-11
TXN-0004950,Jordan Nixon,West,Clothing,Bronze,2,1980,47.01,0.0,94.02,2026-05-07
TXN-0004951,Christine Johnson,South,Grocery,Bronze,2,1950,11.06,0.75,21.95,2023-12-21
TXN-0004952,Ann Hansen,West,Grocery,Gold,3,1961,16.32,9.52,44.3,2023-10-16
TXN-0004953,Mary Day,South,Home,Bronze,3,1989,97.88,0.0,293.64,2026-06-23
TXN-0004954,Cristina Thompson MD,Central,Clothing,Gold,5,1989,36.76,15.02,156.19,2024-05-28
TXN-0004955,Nancy Jones,South,Grocery,Silver,4,1966,16.74,9.33,60.71,2025-11-21
TXN-0004956,Patrick Medina,South,Clothing,Silver,1,1969,53.79,5.01,51.1,2025-09-26
TXN-0004957,Rebecca Johnson,West,Electronics,Bronze,2,2002,187.41,2.98,363.65,2025-11-06
TXN-0004958,Daniel Carter,South,Clothing,Bronze,4,1977,31.5,0.41,125.48,2024-06-10
TXN-0004959,John Scott,South,Grocery,Silver,4,1967,14.62,5.78,55.1,2024-01-22
TXN-0004960,Bryan Paul,West,Clothing,Bronze,3,1980,58.5,0.0,175.5,2025-10-30
TXN-0004961,Kimberly Santos,North,Electronics,Bronze,2,1970,139.22,0.2,277.88,2025-02-07
TXN-0004962,Katelyn Yang,North,Electronics,Bronze,3,1990,108.93,0.0,326.79,2024-10-06
TXN-0004963,Lisa Coleman,East,Electronics,Silver,1,1971,222.01,14.4,190.04,2025-02-23
TXN-0004964,George Vaughan,South,Sports,Silver,3,1996,105.27,11.23,280.34,2024-12-03
TXN-0004965,Angela Beck,South,Home,Silver,4,1958,117.15,15.6,395.5,2023-12-15
TXN-0004966,Juan Brewer,North,Grocery,Silver,8,1951,15.84,10.99,112.79,2025-11-23
TXN-0004967,Stephanie Garcia,South,Grocery,Bronze,6,1989,16.75,3.11,97.37,2024-09-07
TXN-0004968,Elizabeth Hill,South,Clothing,Gold,7,1950,85.14,5.38,563.92,2026-01-30
TXN-0004969,Michael Brown,North,Grocery,Gold,4,1979,23.83,16.67,79.43,2026-06-23
TXN-0004970,Ruth Harris,East,Sports,Bronze,4,1955,116.73,6.76,435.36,2025-05-08
TXN-0004971,Mr. Alexander Davies,East,Grocery,Silver,2,1955,18.54,3.06,35.95,2025-06-15
TXN-0004972,Michelle Martinez,North,Grocery,Bronze,2,1986,22.28,4.0,42.78,2024-09-27
TXN-0004973,Matthew Shea,South,Clothing,Gold,5,2005,69.39,13.58,299.83,2024-01-28
TXN-0004974,Patricia Johnson,Central,Grocery,Bronze,4,1960,29.82,1.8,117.13,2025-09-10
TXN-0004975,Vernon Walters,East,Electronics,Bronze,2,1959,72.05,3.97,138.38,2025-08-18
TXN-0004976,Nicole Andrews,South,Grocery,Gold,2,1993,18.79,14.68,32.06,2026-03-06
TXN-0004977,Janice Fuentes,East,Clothing,Silver,5,1971,76.78,3.57,370.19,2025-08-24
TXN-0004978,Steven Perry,South,Home,Bronze,4,1969,135.87,5.44,513.91,2024-02-11
TXN-0004979,Bryce Francis,West,Sports,Silver,4,1966,64.01,1.94,251.07,2025-11-10
TXN-0004980,Jennifer Cisneros MD,Central,Home,Gold,4,1971,103.16,14.75,351.78,2025-08-22
TXN-0004981,Nicole Herman MD,Central,Electronics,Bronze,2,1973,206.97,3.08,401.19,2025-01-30
TXN-0004982,Tammy Taylor,South,Grocery,Silver,3,1980,27.92,4.41,80.07,2024-03-30
TXN-0004983,Bethany Frazier,South,Sports,Silver,3,1978,84.95,11.41,225.77,2025-11-08
TXN-0004984,Debra Chapman,North,Home,Silver,4,1983,98.48,0.42,392.27,2026-07-08
TXN-0004985,Steven Clark,South,Grocery,Platinum,4,1979,16.37,20.99,51.74,2023-10-25
TXN-0004986,Jay Walker,South,Grocery,Silver,7,1946,26.65,7.73,172.13,2024-03-05
TXN-0004987,Hunter Yang,East,Grocery,Silver,2,1989,27.82,12.58,48.64,2025-06-15
TXN-0004988,Sean Mendez,North,Clothing,Gold,9,1971,79.25,15.34,603.84,2025-06-29
TXN-0004989,Mark Hill,Central,Home,Bronze,1,1949,116.68,0.0,116.68,2023-11-22
TXN-0004990,Donald Johnson,North,Grocery,Bronze,5,1996,19.61,0.41,97.65,2026-02-09
TXN-0004991,David Garrison,North,Sports,Platinum,5,1967,61.06,25.69,226.87,2026-01-27
TXN-0004992,Eric Foster,West,Electronics,Silver,3,1983,123.48,6.46,346.51,2023-09-28
TXN-0004993,Stephen Taylor,West,Electronics,Bronze,5,1999,229.43,0.0,1147.15,2024-02-16
TXN-0004994,Robin Rodriguez,South,Clothing,Bronze,6,1962,81.76,1.82,481.63,2026-04-23
TXN-0004995,John Anderson,East,Grocery,Bronze,3,1951,19.62,7.87,54.23,2026-05-16
TXN-0004996,Keith Casey,South,Grocery,Bronze,4,2003,19.61,0.0,78.44,2026-06-14
TXN-0004997,Tanner James,North,Home,Bronze,3,1987,96.98,0.0,290.94,2025-01-13
TXN-0004998,Frances Aguilar,East,Electronics,Silver,3,2006,243.39,6.2,684.9,2025-11-25
TXN-0004999,Clayton Jennings,South,Clothing,Bronze,2,1977,71.67,0.0,143.34,2026-02-17
TXN-0005000,Stanley Cain,East,Grocery,Silver,5,1974,15.48,9.58,69.99,2024-08-14
TXN-0005001,Andrew Robinson,South,Clothing,Platinum,3,1986,65.73,18.77,160.18,2026-07-10
TXN-0005002,Rebecca Olsen,West,Electronics,Platinum,4,1966,91.94,21.23,289.68,2026-08-06
TXN-0005003,William Paul,West,Clothing,Gold,6,1989,44.31,18.7,216.14,2025-09-05
TXN-0005004,Arthur Bowen,North,Grocery,Silver,2,1999,9.76,3.68,18.8,2025-03-10
TXN-0005005,Timothy Schmitt,North,Home,Silver,5,1996,66.68,10.63,297.96,2025-04-14
TXN-0005006,Tammy Scott,South,Electronics,Silver,3,1962,122.46,10.17,330.02,2023-12-21
TXN-0005007,Karen White,West,Clothing,Bronze,4,1975,26.53,0.0,106.12,2024-09-08
TXN-0005008,Crystal Smith,West,Sports,Gold,4,1990,113.05,17.82,371.62,2025-09-02
TXN-0005009,David Hall,West,Clothing,Silver,4,1949,46.03,2.7,179.15,2025-02-24
TXN-0005010,Isaiah Gray,South,Clothing,Silver,5,1988,49.12,1.9,240.93,2026-02-14
TXN-0005011,Angela Parks,South,Electronics,Bronze,2,1975,118.37,0.0,236.74,2026-05-17
TXN-0005012,Ronald Hernandez,East,Clothing,Bronze,5,1984,67.04,0.0,335.2,2026-04-16
TXN-0005013,Dean Harrington,South,Grocery,Gold,6,1965,29.18,11.79,154.44,2025-10-01
TXN-0005014,Jose Lawrence,West,Grocery,Bronze,5,1955,21.61,0.0,108.05,2026-07-14
TXN-0005015,Arthur Golden,North,Clothing,Bronze,3,1955,62.12,3.99,178.92,2025-04-14
TXN-0005016,Adrian Morris,South,Sports,Silver,1,1956,37.58,6.55,35.12,2025-08-30
TXN-0005017,Jon Graham,East,Clothing,Silver,3,2004,53.08,7.64,147.07,2024-03-23
TXN-0005018,Cory Hale,East,Grocery,Bronze,2,1969,22.58,4.37,43.19,2024-02-26
TXN-0005019,Kathryn Brown,East,Electronics,Bronze,4,1953,243.44,7.33,902.38,2026-07-17
TXN-0005020,Kimberly Hanna,South,Clothing,Gold,5,1979,68.01,11.48,301.01,2024-09-06
TXN-0005021,Daniel Miller,Central,Grocery,Gold,2,2003,37.38,10.85,66.65,2023-10-01
TXN-0005022,Austin Perez,West,Sports,Silver,4,1967,58.12,9.8,209.7,2025-03-11
TXN-0005023,Mr. Mark Landry,Central,Grocery,Gold,4,1964,13.95,17.39,46.1,2025-04-01
TXN-0005024,Robert Jones,East,Grocery,Bronze,6,1991,20.58,2.28,120.66,2026-06-08
TXN-0005025,Andrew Powers,East,Grocery,Silver,4,1987,28.15,7.25,104.44,2024-12-24
TXN-0005026,Erica Turner,East,Grocery,Silver,3,1962,29.78,6.27,83.74,2026-01-25
TXN-0005027,Jesse Brown,South,Clothing,Gold,7,1945,26.98,10.84,168.39,2025-12-16
TXN-0005028,Marissa Smith,South,Home,Gold,8,1983,93.55,11.62,661.44,2025-04-30
TXN-0005029,Samantha Douglas,East,Grocery,Bronze,3,2003,25.12,1.72,74.06,2026-09-22
TXN-0005030,Robert Jones,North,Home,Bronze,6,1960,124.39,4.32,714.1,2024-03-11
TXN-0005031,Cassidy Paul,North,Sports,Gold,4,1972,91.39,15.93,307.33,2023-12-08
TXN-0005032,Andrew Lopez,West,Home,Bronze,2,1972,87.36,0.0,174.72,2024-06-09
TXN-0005033,Tyler Reynolds,North,Electronics,Silver,5,1974,55.3,7.22,256.54,2025-10-31
TXN-0005034,Matthew Dunlap,East,Electronics,Silver,2,1971,328.61,4.49,627.71,2024-05-03
TXN-0005035,Alicia Nguyen,East,Grocery,Bronze,2,1972,22.3,1.1,44.11,2025-06-24
TXN-0005036,Carol Yang,North,Electronics,Silver,4,1977,117.51,7.45,435.02,2024-03-12
TXN-0005037,Richard Johnson,Central,Grocery,Silver,3,2005,16.07,10.36,43.22,2024-10-27
TXN-0005038,Andrew Edwards,North,Electronics,Gold,11,1992,175.28,12.51,1686.88,2026-05-03
TXN-0005039,Parker Knight,Central,Clothing,Bronze,3,1956,64.95,3.55,187.93,2024-07-28
TXN-0005040,William Morales,West,Grocery,Bronze,2,1966,11.07,0.0,22.14,2024-07-15
TXN-0005041,Christine Singh,South,Clothing,Bronze,5,1997,38.88,0.0,194.4,2024-04-02
TXN-0005042,Chad Taylor,North,Grocery,Bronze,5,1985,21.44,1.09,106.03,2025-05-30
TXN-0005043,William Hall,South,Electronics,Silver,2,1975,130.74,18.68,212.64,2024-08-27
TXN-0005044,Bianca Ortega,South,Home,Bronze,3,2001,48.29,0.0,144.87,2025-09-06
TXN-0005045,James Pena,South,Home,Bronze,1,1975,68.23,2.54,66.5,2024-07-20
TXN-0005046,Matthew Austin,Central,Sports,Platinum,6,1964,74.68,21.43,352.06,2025-03-05
TXN-0005047,Bernard Chang,South,Electronics,Bronze,5,1990,90.15,2.11,441.24,2024-03-13
TXN-0005048,Eric Walker,West,Clothing,Bronze,5,1977,97.47,0.0,487.35,2025-07-02
TXN-0005049,Darren Thompson,North,Grocery,Gold,3,1954,27.28,14.95,69.6,2023-12-09
TXN-0005050,James Dudley,Central,Sports,Silver,2,1964,103.36,3.81,198.84,2026-06-07
TXN-0005051,Brooke Quinn,South,Grocery,Bronze,4,1997,18.58,3.33,71.85,2026-08-07
TXN-0005052,Ronnie Jenkins,South,Grocery,Platinum,4,1997,11.68,17.96,38.33,2026-03-30
TXN-0005053,Cameron Torres,East,Home,Silver,4,1990,67.09,10.49,240.21,2024-04-06
TXN-0005054,Elizabeth Brock,North,Home,Bronze,5,1963,143.01,0.0,715.05,2025-08-27
TXN-0005055,Jessica Smith,West,Grocery,Bronze,1,1955,13.63,1.62,13.41,2025-09-07
TXN-0005056,Jose Jordan,South,Grocery,Platinum,6,2007,17.8,16.09,89.62,2026-07-16
TXN-0005057,Patrick Blair,East,Grocery,Bronze,1,1977,16.27,4.89,15.47,2026-03-31
TXN-0005058,Heather Kim,East,Grocery,Gold,10,1949,17.04,15.94,143.24,2025-11-19
TXN-0005059,Michael Weber,East,Grocery,Bronze,5,2000,17.22,0.0,86.1,2024-04-24
TXN-0005060,Dana Stanley,North,Electronics,Bronze,1,2001,147.18,0.0,147.18,2025-11-10
TXN-0005061,Lori Thompson,North,Clothing,Gold,1,1974,46.96,16.26,39.32,2023-10-04
TXN-0005062,David Sullivan,North,Sports,Platinum,3,1995,67.07,19.53,161.91,2025-12-29
TXN-0005063,Felicia Thompson,South,Home,Bronze,2,2000,83.66,4.14,160.39,2023-12-12
TXN-0005064,Tyler Watson,North,Electronics,Bronze,3,1954,114.97,1.94,338.22,2026-02-03
TXN-0005065,Ryan Adams,Central,Home,Silver,7,1981,55.12,7.56,356.67,2025-07-31
TXN-0005066,Jeanette Moore,East,Home,Silver,1,1987,79.06,10.46,70.79,2026-03-24
TXN-0005067,Shelia Dixon,East,Grocery,Bronze,6,2007,13.25,0.0,79.5,2025-10-17
TXN-0005068,Jennifer Evans,South,Grocery,Bronze,2,1947,17.59,0.45,35.02,2025-11-25
TXN-0005069,Richard Wood,South,Electronics,Platinum,8,1952,110.14,16.37,736.88,2024-06-29
TXN-0005070,Samuel Wolfe,East,Home,Bronze,3,1948,46.41,2.95,135.12,2026-09-06
TXN-0005071,Shawn Waters,South,Electronics,Bronze,4,2003,266.21,0.0,1064.84,2026-03-14
TXN-0005072,Tammy Long,South,Sports,Bronze,2,1980,60.1,5.23,113.91,2024-06-23
TXN-0005073,Mary Morgan,East,Electronics,Bronze,4,1962,73.47,0.13,293.5,2024-04-14
TXN-0005074,Melissa Lyons,East,Home,Silver,5,1981,116.74,8.79,532.39,2024-03-06
TXN-0005075,Philip Gilmore,Central,Home,Bronze,2,1961,75.76,0.0,151.52,2025-05-21
TXN-0005076,Stacy Adkins,South,Home,Silver,4,1964,87.88,9.83,316.97,2026-07-15
TXN-0005077,Dale Bartlett,East,Home,Bronze,4,1953,93.77,6.16,351.98,2026-04-17
TXN-0005078,Jasmine Bradshaw,North,Grocery,Bronze,3,1999,24.84,4.67,71.04,2026-04-26
TXN-0005079,Brian Wells,South,Home,Gold,7,1983,97.01,9.91,611.77,2025-02-08
TXN-0005080,Jimmy Newman,West,Electronics,Silver,4,1983,94.92,12.11,333.7,2025-11-19
TXN-0005081,Tiffany Mcgee,North,Clothing,Bronze,3,1965,35.05,4.42,100.5,2025-05-17
TXN-0005082,Courtney Nelson,East,Home,Bronze,2,1985,52.72,0.0,105.44,2025-07-09
TXN-0005083,Donna Dunn,South,Clothing,Silver,6,1998,44.76,7.98,247.13,2026-05-01
TXN-0005084,Jessica Barnett,North,Grocery,Gold,5,1983,19.98,18.38,81.54,2026-09-07
TXN-0005085,Richard Long,Central,Clothing,Silver,4,1998,40.09,3.86,154.17,2024-10-17
TXN-0005086,Elizabeth Ruiz,South,Grocery,Gold,2,1970,13.75,9.77,24.81,2024-11-26
TXN-0005087,Lisa Goodwin,West,Electronics,Bronze,2,1993,120.47,1.55,237.21,2025-06-07
TXN-0005088,Rachel Jones,South,Grocery,Platinum,3,1949,14.21,15.1,36.19,2025-03-13
TXN-0005089,Scott Nunez,Central,Electronics,Bronze,3,1994,196.72,2.38,576.11,2024-12-27
TXN-0005090,Ashley Prince,South,Home,Bronze,2,1980,78.94,4.56,150.68,2025-08-31
TXN-0005091,Christina Murray,South,Clothing,Silver,2,1962,78.7,7.6,145.44,2024-04-22
TXN-0005092,Alexander Drake,West,Home,Bronze,2,1996,72.61,0.0,145.22,2024-04-29
TXN-0005093,James Ruiz,South,Electronics,Silver,5,1982,157.23,10.18,706.12,2025-06-30
TXN-0005094,Ronald Smith,South,Grocery,Bronze,4,2002,16.37,1.4,64.56,2026-04-20
TXN-0005095,Joshua Henderson,Central,Home,Gold,4,1989,96.93,10.23,348.06,2026-09-19
TXN-0005096,Mr. Michael Peters,East,Sports,Gold,6,1953,88.11,13.9,455.18,2025-12-01
TXN-0005097,Nicholas Berry,West,Grocery,Silver,3,2006,17.72,11.22,47.2,2025-01-04
TXN-0005098,William Werner,East,Home,Silver,3,1991,225.52,4.97,642.93,2026-09-21
TXN-0005099,Craig Tate,West,Grocery,Bronze,3,1998,30.0,7.6,83.16,2026-01-25
TXN-0005100,Jessica White,West,Electronics,Gold,4,1958,129.49,13.27,449.23,2025-01-27
TXN-0005101,Sara Goodman,East,Home,Silver,1,1987,141.27,7.45,130.75,2026-02-03
TXN-0005102,Mackenzie Price DDS,South,Clothing,Silver,4,1958,83.12,7.4,307.88,2026-06-06
TXN-0005103,Jared Stark,North,Grocery,Bronze,3,1985,11.24,0.06,33.7,2024-08-30
TXN-0005104,Brian Taylor,East,Electronics,Bronze,1,1949,75.54,0.0,75.54,2024-08-05
TXN-0005105,Shannon Chapman,West,Clothing,Bronze,4,1949,58.72,8.85,214.09,2024-08-18
TXN-0005106,Alexandra Foster,East,Grocery,Silver,5,2006,17.02,2.87,82.66,2026-05-24
TXN-0005107,Kathy Ortega,North,Home,Gold,3,1952,37.44,17.35,92.83,2024-12-22
TXN-0005108,Ashley May DDS,South,Electronics,Platinum,5,1992,165.78,26.05,612.97,2026-08-29
TXN-0005109,Edgar Stevens,East,Home,Silver,3,1988,90.65,4.5,259.71,2025-03-17
TXN-0005110,Jocelyn Chambers,West,Grocery,Silver,3,1966,14.41,9.17,39.27,2026-08-07
TXN-0005111,Stephen Walker,North,Electronics,Gold,5,1947,275.45,15.42,1164.88,2024-04-21
TXN-0005112,Kyle Johnson,East,Clothing,Bronze,4,1998,50.4,4.42,192.69,2026-07-03
TXN-0005113,Ashley Bell,West,Sports,Silver,3,1983,64.73,4.79,184.89,2024-06-30
TXN-0005114,Alyssa Morales,Central,Sports,Silver,1,1954,74.33,5.64,70.14,2025-11-18
TXN-0005115,Latoya Nelson,North,Electronics,Bronze,7,1980,98.41,4.81,655.74,2026-01-17
TXN-0005116,Pam Miller,Central,Home,Bronze,4,1966,64.72,0.0,258.88,2026-09-10
TXN-0005117,Dillon Nelson,East,Electronics,Bronze,3,1983,59.13,0.0,177.39,2026-06-13
TXN-0005118,Maxwell Whitaker,West,Sports,Silver,5,1948,85.08,7.36,394.09,2025-02-09
TXN-0005119,Christine Jennings,North,Clothing,Bronze,2,1960,75.11,1.55,147.89,2024-03-25
TXN-0005120,Ashlee Williams,East,Clothing,Bronze,1,1972,60.16,2.55,58.63,2025-03-28
TXN-0005121,Rebecca Baker,East,Clothing,Bronze,6,2002,58.54,0.0,351.24,2026-02-17
TXN-0005122,Tina Hancock,South,Home,Gold,6,1961,86.39,15.75,436.7,2025-10-13
TXN-0005123,Daniel Jones III,South,Electronics,Gold,3,1956,267.97,15.97,675.53,2026-03-21
TXN-0005124,Ashley Smith,East,Grocery,Gold,7,2007,16.87,13.57,102.07,2026-03-02
TXN-0005125,Matthew Garza,East,Home,Gold,4,1976,121.46,8.37,445.18,2026-07-30
TXN-0005126,Patricia Williams,North,Home,Bronze,3,1956,117.2,5.65,331.73,2025-07-07
TXN-0005127,Steven Martin,South,Grocery,Bronze,5,1948,10.96,0.0,54.8,2026-08-10
TXN-0005128,Brittany Hoffman,South,Electronics,Silver,4,1955,198.33,2.58,772.85,2026-01-04
TXN-0005129,Sarah Frost,Central,Electronics,Silver,5,1965,106.69,9.66,481.92,2024-12-15
TXN-0005130,Joshua Johnson,Central,Clothing,Silver,4,1947,44.51,3.06,172.59,2025-07-15
TXN-0005131,Sherri Guzman,South,Grocery,Bronze,6,1952,16.65,0.0,99.9,2023-10-17
TXN-0005132,Charles Blevins,North,Electronics,Platinum,4,1976,244.33,20.47,777.26,2025-12-18
TXN-0005133,Deanna Woodard,South,Grocery,Bronze,2,1998,13.8,5.22,26.16,2024-03-11
TXN-0005134,Elizabeth Green,East,Home,Silver,5,1949,99.57,9.03,452.89,2023-11-06
TXN-0005135,Anthony Flores,Central,Home,Gold,2,1990,51.35,17.62,84.6,2025-05-11
TXN-0005136,Antonio Woods,East,Home,Silver,5,1993,83.06,5.42,392.79,2024-05-10
TXN-0005137,Mrs. Sara Hebert,North,Electronics,Gold,3,2001,133.36,9.97,360.19,2023-12-19
TXN-0005138,Thomas Reyes,North,Clothing,Gold,6,1971,84.28,8.51,462.65,2026-08-04
TXN-0005139,Richard Garcia,South,Grocery,Gold,2,1994,13.64,13.39,23.63,2023-12-24
TXN-0005140,Angelica Simpson,West,Clothing,Gold,4,2007,31.36,13.96,107.93,2024-08-03
TXN-0005141,Chad Thornton,East,Home,Bronze,3,1986,76.27,10.57,204.62,2024-11-15
TXN-0005142,Emily Abbott,East,Sports,Bronze,2,1949,59.6,4.15,114.25,2024-06-04
TXN-0005143,Chad Escobar,South,Electronics,Gold,4,1969,171.85,7.0,639.28,2024-12-16
TXN-0005144,April Arellano,Central,Clothing,Silver,3,1972,86.15,11.02,229.97,2026-08-24
TXN-0005145,Regina Davis,South,Clothing,Silver,6,1988,48.26,4.04,277.86,2024-10-21
TXN-0005146,Casey Ferguson,West,Electronics,Bronze,5,2006,179.52,0.0,897.6,2024-05-12
TXN-0005147,Elizabeth Taylor,Central,Sports,Bronze,1,1948,71.53,5.62,67.51,2024-01-02
TXN-0005148,Mr. Raymond Lawson,East,Sports,Silver,5,1972,88.25,9.94,397.39,2026-09-04
TXN-0005149,Karen Hicks,Central,Clothing,Platinum,6,1996,38.59,23.81,176.41,2024-12-29
TXN-0005150,Edward Patterson DDS,South,Sports,Bronze,1,1966,73.5,0.0,73.5,2024-08-09
TXN-0005151,Richard Miller,West,Electronics,Bronze,5,2003,220.02,9.78,992.51,2026-01-15
TXN-0005152,Kathryn Mendez,North,Sports,Bronze,2,1953,56.76,5.21,107.61,2023-11-17
TXN-0005153,William Martinez,East,Grocery,Silver,1,1966,16.74,3.67,16.13,2025-04-07
TXN-0005154,Donna Wright,South,Electronics,Bronze,3,1983,154.31,9.76,417.75,2025-08-31
TXN-0005155,Gregory Wiley,North,Home,Silver,6,1984,52.9,9.02,288.77,2024-03-05
TXN-0005156,David Mora,North,Grocery,Bronze,2,1964,22.89,1.94,44.89,2026-05-12
TXN-0005157,Anthony Carlson,South,Clothing,Bronze,2,1997,44.5,0.04,88.96,2026-08-12
TXN-0005158,Matthew Price,East,Clothing,Bronze,3,1981,53.45,0.0,160.35,2026-02-16
TXN-0005159,David Cooper,East,Home,Bronze,1,1974,110.21,4.68,105.05,2024-09-10
TXN-0005160,Frank Todd,South,Electronics,Gold,5,2003,203.0,10.83,905.08,2026-06-29
TXN-0005161,Eric Jones Jr.,Central,Electronics,Gold,6,1971,104.25,12.18,549.31,2026-02-15
TXN-0005162,John Stokes,Central,Clothing,Gold,5,1981,62.81,12.66,274.29,2025-05-24
TXN-0005163,Julie Daniels,North,Grocery,Gold,1,1987,25.09,9.98,22.59,2024-10-01
TXN-0005164,Desiree Fox,South,Clothing,Bronze,4,1948,43.18,3.81,166.14,2025-11-29
TXN-0005165,Jessica Munoz,East,Home,Gold,8,1955,117.42,10.06,844.86,2026-09-13
TXN-0005166,Vicki Harper,West,Electronics,Silver,2,1976,182.69,1.39,360.3,2024-12-17
TXN-0005167,Mrs. Ashley Mooney,South,Electronics,Gold,2,1975,187.93,13.23,326.13,2026-09-08
TXN-0005168,Gina Hayes,West,Grocery,Silver,4,1989,24.08,4.97,91.53,2026-07-26
TXN-0005169,Sylvia Clark,North,Electronics,Bronze,1,1981,116.14,0.0,116.14,2023-12-09
TXN-0005170,Jonathan Tanner,South,Grocery,Bronze,2,1982,12.8,0.0,25.6,2025-05-12
TXN-0005171,Cathy Little,West,Clothing,Bronze,1,1986,81.77,2.59,79.65,2025-05-22
TXN-0005172,Christopher Powell,East,Grocery,Bronze,4,1953,16.01,2.49,62.45,2025-07-06
TXN-0005173,Heidi Richardson,West,Clothing,Silver,6,1976,32.83,11.87,173.6,2026-08-27
TXN-0005174,Shane Alvarez,North,Grocery,Platinum,1,1971,16.9,24.11,12.83,2025-01-25
TXN-0005175,Angela Trevino,North,Electronics,Bronze,4,1988,153.21,3.54,591.15,2026-02-01
TXN-0005176,Denise Combs,North,Sports,Silver,8,1978,81.28,4.53,620.78,2023-12-20
TXN-0005177,Robert Hicks,North,Clothing,Silver,1,1975,47.82,5.09,45.39,2023-10-18
TXN-0005178,Jennifer White,North,Electronics,Bronze,4,1969,292.47,3.53,1128.58,2024-10-22
TXN-0005179,Michael Wallace,East,Home,Bronze,1,1999,65.46,5.48,61.87,2024-08-08
TXN-0005180,Sherri Smith,East,Electronics,Silver,4,2003,80.71,8.9,294.11,2026-05-19
TXN-0005181,Robin Ortiz,West,Home,Silver,5,1991,53.59,5.36,253.59,2025-08-16
TXN-0005182,Megan Mcneil,South,Grocery,Bronze,1,2007,13.84,2.73,13.46,2024-09-12
TXN-0005183,Ariel Taylor,North,Grocery,Bronze,1,1947,21.15,1.1,20.92,2026-06-08
TXN-0005184,John Jackson,West,Home,Bronze,2,1992,83.32,0.0,166.64,2026-09-26
TXN-0005185,Ashley Bell,North,Sports,Gold,6,1977,84.21,12.26,443.32,2026-06-30
TXN-0005186,Candace Perez,West,Home,Gold,3,2003,70.76,11.56,187.74,2025-04-21
TXN-0005187,Catherine Hawkins,North,Electronics,Bronze,2,1966,183.69,4.78,349.82,2026-03-30
TXN-0005188,Joshua Ruiz,East,Grocery,Silver,5,2004,10.28,3.14,49.79,2026-01-24
TXN-0005189,Kelly Howard,Central,Electronics,Gold,4,1958,168.1,9.54,608.25,2026-04-22
TXN-0005190,Linda Johnson,East,Electronics,Bronze,4,1966,195.91,5.7,738.97,2024-07-29
TXN-0005191,Andrew Potter,East,Electronics,Bronze,1,1971,115.05,0.0,115.05,2024-07-24
TXN-0005192,Larry Wilson,West,Clothing,Bronze,2,1966,98.36,0.0,196.72,2024-12-27
TXN-0005193,Richard Bush,North,Clothing,Bronze,2,1964,28.32,3.74,54.52,2025-08-25
TXN-0005194,Hannah Johnson,West,Clothing,Gold,3,1947,69.78,15.5,176.89,2024-06-29
TXN-0005195,Patricia Lee,Central,Home,Gold,3,1962,119.67,17.89,294.78,2026-08-23
TXN-0005196,Terri Pennington,Central,Grocery,Silver,1,1958,13.2,5.76,12.44,2024-01-21
TXN-0005197,Marvin Vargas,East,Sports,Bronze,4,1963,83.16,0.96,329.45,2024-07-14
TXN-0005198,Adrienne Noble,South,Electronics,Gold,2,1954,117.55,12.43,205.88,2024-06-23
TXN-0005199,Mark Boyle,West,Electronics,Bronze,5,2001,175.92,0.0,879.6,2025-12-04
TXN-0005200,John Hooper,East,Home,Bronze,5,1955,82.61,3.52,398.51,2024-03-31
TXN-0005201,Julie Allen,South,Electronics,Bronze,3,1946,158.79,0.85,472.32,2025-05-05
TXN-0005202,Joshua York,North,Clothing,Gold,3,1954,44.46,8.72,121.75,2023-11-30
TXN-0005203,Eric Howell,North,Home,Silver,1,1949,72.89,0.82,72.29,2025-07-24
TXN-0005204,Michelle Rivera,East,Grocery,Silver,4,1966,13.62,6.56,50.91,2024-12-04
TXN-0005205,Louis Savage,North,Electronics,Silver,1,1991,198.74,9.17,180.52,2026-02-08
TXN-0005206,Philip Hodges,North,Grocery,Bronze,3,1985,32.01,0.0,96.03,2024-11-11
TXN-0005207,Matthew Roberts,North,Home,Bronze,2,1986,198.1,0.0,396.2,2024-04-17
TXN-0005208,Rebecca Roberts,Central,Grocery,Gold,6,1999,24.77,18.37,121.32,2024-06-03
TXN-0005209,Betty Johnson,North,Clothing,Gold,5,1949,54.47,11.76,240.32,2026-03-23
TXN-0005210,Jordan Peters,North,Grocery,Silver,3,1956,25.32,10.15,68.25,2024-10-28
TXN-0005211,Alison Walker,East,Grocery,Bronze,2,1996,20.2,5.68,38.11,2023-10-06
TXN-0005212,William Hansen,South,Electronics,Platinum,8,1985,140.86,25.29,841.89,2025-02-22
TXN-0005213,Allison Cowan,Central,Home,Bronze,3,2005,178.25,1.8,525.12,2025-09-21
TXN-0005214,Kevin Wilson,Central,Grocery,Bronze,6,1977,25.18,0.0,151.08,2024-05-25
TXN-0005215,Daniel Guerrero,South,Clothing,Bronze,4,1971,42.14,0.0,168.56,2023-11-29
TXN-0005216,Michelle King,East,Home,Bronze,4,1985,125.34,1.07,496.0,2024-05-23
TXN-0005217,Cynthia Le,South,Clothing,Silver,4,1957,66.93,12.94,233.08,2025-02-10
TXN-0005218,Alexis Olsen,North,Grocery,Silver,2,1945,12.9,7.26,23.93,2026-04-12
TXN-0005219,Tina Melendez,South,Electronics,Bronze,3,1967,163.43,6.75,457.2,2023-12-16
TXN-0005220,Leslie Torres,North,Home,Bronze,4,1998,87.81,0.0,351.24,2026-05-26
TXN-0005221,Kimberly Ramirez,North,Electronics,Silver,3,1964,64.19,12.08,169.31,2026-05-11
TXN-0005222,Nancy Flowers,East,Home,Silver,1,1969,54.72,9.36,49.6,2026-07-22
TXN-0005223,Jessica Walsh,North,Grocery,Bronze,7,1969,26.27,2.46,179.37,2025-01-07
TXN-0005224,Heather Hernandez,North,Home,Bronze,6,1994,69.76,5.29,396.42,2025-10-29
TXN-0005225,Kimberly Smith,East,Home,Gold,6,1956,110.33,11.01,589.1,2026-03-05
TXN-0005226,Anthony Rivera,East,Clothing,Platinum,1,1966,85.57,21.62,67.07,2026-01-29
TXN-0005227,David Avila,North,Clothing,Bronze,2,2005,26.62,0.0,53.24,2025-04-06
TXN-0005228,Steven Miller,North,Grocery,Silver,4,2005,31.61,4.86,120.3,2024-01-19
TXN-0005229,Jeremy Davis,North,Electronics,Gold,5,1952,150.59,9.79,679.24,2025-02-02
TXN-0005230,Matthew Jones,South,Grocery,Bronze,4,1987,20.6,0.0,82.4,2025-12-22
TXN-0005231,Kristen Taylor,West,Grocery,Gold,5,1995,35.46,6.92,165.03,2024-09-03
TXN-0005232,Alex Ramirez,Central,Sports,Silver,2,2003,105.07,14.96,178.7,2024-07-09
TXN-0005233,James Austin,South,Clothing,Silver,2,1974,51.67,2.79,100.46,2025-12-14
TXN-0005234,Sarah Phillips,South,Home,Silver,4,1971,74.65,10.62,266.89,2024-01-11
TXN-0005235,Raymond Porter,West,Electronics,Bronze,4,1999,136.7,0.0,546.8,2025-11-20
TXN-0005236,Erica Walter,East,Sports,Gold,6,1963,61.52,10.98,328.59,2024-06-01
TXN-0005237,Douglas Lopez,North,Grocery,Silver,4,1992,28.0,5.75,105.56,2025-07-05
TXN-0005238,Stephanie Thompson,North,Home,Bronze,2,1973,108.72,6.98,202.26,2026-01-18
TXN-0005239,Aaron Johnson,South,Grocery,Silver,3,1981,19.37,8.16,53.37,2026-01-09
TXN-0005240,Michael Parker,East,Clothing,Platinum,3,1954,50.94,16.25,127.99,2025-06-15
TXN-0005241,Gloria Dunlap,North,Home,Gold,2,1982,116.12,12.14,204.05,2024-02-17
TXN-0005242,Brian Nichols,South,Grocery,Silver,2,1958,9.31,11.15,16.54,2025-03-23
TXN-0005243,Douglas Frye,South,Electronics,Bronze,5,1969,307.07,5.68,1448.14,2024-09-05
TXN-0005244,Janet Flowers,South,Sports,Bronze,2,1968,68.29,0.0,136.58,2024-08-24
TXN-0005245,Jamie Martin,East,Sports,Bronze,3,1972,53.74,0.0,161.22,2026-07-24
TXN-0005246,Jesse Allen,West,Sports,Gold,2,1966,112.03,10.75,199.97,2025-02-24
TXN-0005247,Connie Thomas,East,Grocery,Gold,4,2006,26.67,15.38,90.27,2025-02-23
TXN-0005248,Megan Carter,South,Clothing,Gold,3,1947,53.59,6.86,149.74,2025-04-10
TXN-0005249,Daniel Miller,North,Home,Bronze,4,1982,143.23,1.39,564.96,2024-12-27
TXN-0005250,Tammy Taylor,West,Electronics,Platinum,4,1958,227.28,15.73,766.12,2024-09-01
TXN-0005251,Angel Smith,East,Grocery,Platinum,3,1964,20.56,18.3,50.39,2026-05-15
TXN-0005252,Lisa Long,North,Electronics,Silver,3,1983,90.12,8.79,246.6,2025-12-30
TXN-0005253,Melissa Greene,South,Grocery,Gold,4,1948,18.81,12.77,65.63,2025-10-04
TXN-0005254,Brett Phillips,West,Clothing,Silver,3,2001,55.17,9.43,149.9,2026-02-16
TXN-0005255,Charles Anderson,West,Electronics,Bronze,5,1990,146.66,6.29,687.18,2026-07-02
TXN-0005256,Jason Weaver,Central,Electronics,Bronze,2,1957,140.53,15.06,238.73,2023-10-11
TXN-0005257,Susan Howard,East,Grocery,Bronze,1,2001,23.42,5.18,22.21,2024-03-24
TXN-0005258,Christopher Sullivan,South,Electronics,Bronze,4,1958,103.49,4.11,396.95,2026-08-02
TXN-0005259,Karen Mooney,South,Electronics,Silver,2,1993,243.0,4.71,463.11,2025-03-18
TXN-0005260,Daniel Martinez,North,Electronics,Bronze,2,1991,157.2,5.13,298.27,2025-08-20
TXN-0005261,Andrew Lewis,West,Clothing,Bronze,2,1979,40.96,7.47,75.8,2024-10-05
TXN-0005262,Laurie Porter,East,Sports,Bronze,5,1985,67.76,0.0,338.8,2026-06-21
TXN-0005263,Richard Nicholson,North,Home,Silver,3,1976,96.49,5.04,274.88,2026-05-08
TXN-0005264,Chris Butler,Central,Clothing,Platinum,8,2000,91.12,17.73,599.72,2026-05-19
TXN-0005265,Amber Ray,South,Electronics,Bronze,5,1947,205.15,0.0,1025.75,2024-10-10
TXN-0005266,Christine Montgomery,North,Electronics,Gold,4,1954,241.92,12.94,842.46,2023-11-28
TXN-0005267,John Munoz Jr.,South,Clothing,Platinum,4,1994,53.8,15.28,182.32,2026-08-23
TXN-0005268,Catherine Perkins,West,Electronics,Silver,3,2001,148.55,6.65,416.01,2025-02-07
TXN-0005269,Brett Thomas,Central,Electronics,Silver,4,1977,306.46,8.12,1126.3,2025-05-12
TXN-0005270,Jamie Robbins,East,Electronics,Silver,2,1962,152.47,7.99,280.58,2024-03-22
TXN-0005271,Johnathan Palmer,Central,Clothing,Platinum,5,1983,45.41,18.26,185.59,2025-05-19
TXN-0005272,Wayne Parker,Central,Grocery,Bronze,5,1962,14.34,0.0,71.7,2024-10-30
TXN-0005273,Lauren Howell,West,Electronics,Gold,4,1963,177.39,17.27,587.02,2026-01-14
TXN-0005274,Crystal Mitchell,West,Grocery,Bronze,2,1971,12.32,0.0,24.64,2024-12-10
TXN-0005275,Monica Madden,South,Home,Bronze,2,1951,95.96,2.41,187.29,2023-11-05
TXN-0005276,David Rivers,West,Sports,Silver,2,2005,79.43,12.2,139.48,2025-12-08
TXN-0005277,Julie Moon,East,Electronics,Gold,5,1981,196.78,13.32,852.84,2025-05-02
TXN-0005278,Angela Rivera,West,Grocery,Gold,5,1951,9.76,17.48,40.27,2025-12-04
TXN-0005279,Nicholas Massey,North,Grocery,Gold,7,1950,8.94,14.78,53.33,2025-11-26
TXN-0005280,Richard Wilson,West,Sports,Gold,4,1984,64.35,8.12,236.5,2025-08-20
TXN-0005281,Peter Gonzalez,Central,Grocery,Silver,5,1945,17.14,11.59,75.77,2025-10-23
TXN-0005282,Susan Mora,South,Electronics,Platinum,9,1998,108.22,17.94,799.25,2023-12-05
TXN-0005283,Valerie Patterson,Central,Sports,Bronze,6,1989,46.46,0.5,277.37,2024-12-31
TXN-0005284,Jeffrey Brown,South,Grocery,Bronze,8,2004,20.94,4.39,160.17,2026-07-06
TXN-0005285,John Kemp,North,Electronics,Silver,4,1978,143.45,3.68,552.68,2024-07-23
TXN-0005286,Calvin Bowers,North,Electronics,Silver,3,1993,212.34,10.29,571.47,2025-02-06
TXN-0005287,Brandon Graves,West,Sports,Silver,4,2002,46.34,8.48,169.64,2025-12-04
TXN-0005288,Joshua Russell,East,Electronics,Gold,4,1949,154.05,18.79,500.42,2024-02-02
TXN-0005289,Nathan Brown,South,Grocery,Bronze,2,1970,32.32,6.02,60.75,2024-02-24
TXN-0005290,Benjamin Wilson,East,Clothing,Gold,4,1996,49.56,12.28,173.9,2024-06-14
TXN-0005291,Joshua Ho,South,Grocery,Silver,3,1952,14.68,5.54,41.6,2026-01-10
TXN-0005292,Mark Woods,East,Electronics,Platinum,2,1993,220.17,17.44,363.54,2026-01-03
TXN-0005293,George Taylor,West,Grocery,Bronze,2,1989,27.57,1.12,54.52,2023-10-09
TXN-0005294,John Ryan,West,Home,Silver,4,2004,72.06,3.84,277.17,2026-05-28
TXN-0005295,Andrea Taylor,West,Sports,Gold,5,1972,61.61,11.92,271.33,2024-01-07
TXN-0005296,Kellie Mitchell,East,Electronics,Silver,3,1956,216.6,2.57,633.1,2024-08-20
TXN-0005297,Jennifer Buck,Central,Electronics,Bronze,6,1969,177.72,0.0,1066.32,2026-08-04
TXN-0005298,Dustin Hernandez,South,Electronics,Bronze,4,1976,179.12,6.79,667.83,2026-06-01
TXN-0005299,Alex Johnson,South,Electronics,Bronze,5,1986,173.82,0.0,869.1,2024-08-24
TXN-0005300,Jody Rogers,North,Sports,Silver,3,1969,73.68,2.0,216.62,2026-08-27
TXN-0005301,Laura Medina,East,Electronics,Silver,4,1975,227.26,4.46,868.5,2025-07-17
TXN-0005302,Brittany Sanchez,East,Electronics,Silver,8,1988,260.13,11.78,1835.89,2024-03-07
TXN-0005303,Christine Green,West,Grocery,Silver,3,1965,12.55,3.71,36.25,2024-08-12
TXN-0005304,Matthew Shaw,South,Clothing,Bronze,4,1955,75.03,0.92,297.36,2026-01-10
TXN-0005305,Lonnie Martinez,North,Electronics,Bronze,4,1990,157.56,2.98,611.46,2026-09-23
TXN-0005306,Vincent Reeves,East,Grocery,Gold,3,1947,11.48,14.84,29.33,2025-08-04
TXN-0005307,Matthew Harris,Central,Clothing,Gold,8,1986,39.8,12.61,278.25,2026-06-28
TXN-0005308,Jennifer Hudson,South,Grocery,Silver,3,1964,15.6,8.36,42.89,2024-01-18
TXN-0005309,Gina Clark,North,Home,Gold,1,2003,130.34,16.37,109.0,2026-08-28
TXN-0005310,Amanda Garcia,South,Clothing,Platinum,5,1990,38.3,15.49,161.84,2024-05-23
TXN-0005311,Seth Olsen,South,Home,Platinum,5,1985,47.92,17.61,197.41,2023-11-03
TXN-0005312,Carla Patterson,South,Grocery,Silver,1,1985,16.41,4.05,15.75,2025-09-10
TXN-0005313,Jeffrey Glenn,South,Clothing,Bronze,5,1980,46.54,0.7,231.07,2025-02-24
TXN-0005314,Shelby Wood,East,Grocery,Bronze,4,1963,26.18,6.34,98.08,2023-11-25
TXN-0005315,Katherine Holder,South,Clothing,Silver,5,1978,60.17,10.4,269.56,2024-02-10
TXN-0005316,Gregory Rivers,South,Home,Silver,3,1982,115.49,6.7,323.26,2024-01-19
TXN-0005317,Katherine Davenport,North,Grocery,Bronze,2,2005,15.68,4.81,29.85,2023-12-21
TXN-0005318,Emily Potter,Central,Electronics,Bronze,5,1978,104.48,9.41,473.24,2024-06-30
TXN-0005319,Vanessa Green,South,Home,Platinum,7,1981,142.46,15.64,841.25,2024-10-23
TXN-0005320,Edward Simmons,South,Electronics,Bronze,5,1964,130.16,0.0,650.8,2026-02-10
TXN-0005321,Robert Lane,North,Grocery,Gold,3,1964,22.58,12.05,59.58,2024-01-15
TXN-0005322,Sandra Smith,East,Home,Gold,4,1946,79.12,14.32,271.16,2026-03-09
TXN-0005323,Charles Smith,West,Clothing,Silver,2,2007,69.23,8.8,126.28,2024-09-15
TXN-0005324,Carl Bradley,North,Electronics,Bronze,8,1976,177.84,0.0,1422.72,2024-11-02
TXN-0005325,Joseph Cook,North,Sports,Gold,4,1959,78.44,13.63,270.99,2025-06-22
TXN-0005326,Robert Brown,North,Clothing,Silver,5,1945,63.56,9.96,286.15,2025-05-22
TXN-0005327,Cameron West,East,Clothing,Bronze,2,1980,50.55,0.0,101.1,2025-08-28
TXN-0005328,Johnathan Harper,Central,Electronics,Silver,6,1989,88.1,7.53,488.8,2026-06-03
TXN-0005329,Francisco Johnson,South,Home,Bronze,3,1945,99.58,0.0,298.74,2025-06-17
TXN-0005330,Richard Scott,South,Clothing,Silver,6,1958,82.13,1.95,483.17,2025-07-31
TXN-0005331,Sharon Jones,West,Grocery,Gold,5,1983,17.72,16.44,74.03,2025-01-31
TXN-0005332,Elizabeth Melton,West,Grocery,Silver,6,1964,16.13,8.63,88.43,2023-10-24
TXN-0005333,Stephanie Lopez,South,Electronics,Platinum,5,1974,175.31,16.86,728.76,2025-05-25
TXN-0005334,Eileen Snyder,North,Home,Silver,6,1952,126.79,10.21,683.07,2026-08-08
TXN-0005335,Shannon Donovan,South,Electronics,Gold,4,1985,145.01,20.42,461.6,2024-03-29
TXN-0005336,Monica Smith,West,Electronics,Gold,5,1980,94.83,13.37,410.76,2026-01-05
TXN-0005337,Valerie Sharp,West,Home,Bronze,4,2005,95.12,0.0,380.48,2023-10-07
TXN-0005338,Shawn Brooks,West,Electronics,Gold,7,1952,181.78,11.95,1120.4,2026-06-20
TXN-0005339,Doris Rios,West,Sports,Gold,6,1996,79.71,6.21,448.56,2026-05-15
TXN-0005340,Dalton Santos,South,Home,Bronze,2,1972,75.69,1.58,148.99,2024-01-04
TXN-0005341,Anna Chavez,South,Electronics,Gold,5,2004,179.87,11.66,794.49,2026-03-25
TXN-0005342,Theresa Mercer,North,Sports,Bronze,6,1986,69.18,4.74,395.41,2023-12-07
TXN-0005343,David Wallace,West,Home,Bronze,6,1982,77.23,0.0,463.38,2026-09-20
TXN-0005344,Brittney Brown,East,Electronics,Bronze,5,2006,144.77,5.13,686.72,2024-01-18
TXN-0005345,Michele Stewart,South,Home,Silver,3,1991,95.62,4.2,274.81,2025-04-05
TXN-0005346,Jennifer Ross,North,Sports,Bronze,3,1977,82.75,1.58,244.33,2025-11-17
TXN-0005347,Alexandra Gonzalez,West,Clothing,Bronze,4,1965,45.95,0.0,183.8,2024-03-10
TXN-0005348,Megan Allison,West,Clothing,Platinum,5,1959,58.97,16.26,246.91,2024-12-21
TXN-0005349,Rhonda Simmons,West,Home,Silver,4,1960,102.87,9.74,371.4,2026-08-28
TXN-0005350,Austin Taylor,South,Clothing,Gold,3,1988,66.85,16.75,166.96,2025-01-08
TXN-0005351,Brittany Underwood,Central,Electronics,Bronze,4,1959,189.39,0.0,757.56,2026-04-27
TXN-0005352,Stephanie Cortez,West,Home,Bronze,4,1964,141.99,3.82,546.26,2024-02-09
TXN-0005353,Kathy Adams,West,Sports,Gold,4,1988,95.36,15.73,321.44,2024-12-08
TXN-0005354,David Oconnell,West,Grocery,Bronze,1,1962,36.3,0.0,36.3,2025-08-07
TXN-0005355,Christine Mullins,Central,Electronics,Silver,7,1995,229.57,8.58,1469.11,2025-05-12
TXN-0005356,Jerry Johnston,Central,Clothing,Platinum,2,1984,78.04,20.04,124.8,2025-06-02
TXN-0005357,Richard Jackson,East,Electronics,Bronze,2,1947,104.16,3.23,201.59,2026-07-20
TXN-0005358,Kimberly Sullivan,South,Clothing,Silver,4,1948,71.67,6.58,267.82,2023-11-14
TXN-0005359,Margaret Terry,South,Grocery,Silver,5,1987,24.25,0.0,121.25,2025-10-03
TXN-0005360,Samuel Bowman,West,Clothing,Bronze,9,1969,54.16,2.59,474.82,2024-05-27
TXN-0005361,Thomas Macdonald,East,Grocery,Silver,5,1958,8.79,6.42,41.13,2026-01-03
TXN-0005362,Linda Johnson,North,Home,Silver,3,1968,39.83,5.84,112.51,2024-09-03
TXN-0005363,Dr. Diana Espinoza,North,Grocery,Bronze,5,1952,16.32,0.0,81.6,2024-04-26
TXN-0005364,Sean Thomas,Central,Sports,Silver,5,1954,62.13,10.5,278.03,2025-05-27
TXN-0005365,Pamela Davis,Central,Grocery,Silver,6,1997,10.68,7.14,59.5,2026-01-22
TXN-0005366,Cindy Williams,Central,Sports,Silver,4,1983,85.88,0.0,343.52,2024-12-29
TXN-0005367,Stacy Smith,South,Grocery,Platinum,5,2007,12.11,24.76,45.56,2026-06-08
TXN-0005368,Gary Myers,West,Home,Gold,3,1993,50.24,14.49,128.88,2024-05-08
TXN-0005369,Richard Schmidt,West,Clothing,Bronze,4,1946,113.24,5.23,429.27,2025-01-03
TXN-0005370,Michelle Brown,South,Clothing,Platinum,3,1964,65.63,18.96,159.56,2026-08-15
TXN-0005371,Claire Warren,North,Grocery,Gold,4,1996,15.51,12.95,54.01,2026-06-30
TXN-0005372,Margaret Chandler,Central,Electronics,Bronze,3,1968,97.59,5.73,275.99,2025-04-29
TXN-0005373,David Jones,North,Sports,Bronze,3,1973,55.01,3.52,159.22,2023-10-15
TXN-0005374,Dillon Brown,East,Clothing,Bronze,2,1968,44.23,1.52,87.12,2026-02-03
TXN-0005375,Steven Morgan,West,Grocery,Bronze,3,1962,14.88,0.0,44.64,2026-02-06
TXN-0005376,Sandra Lee,West,Clothing,Silver,3,1981,49.13,0.0,147.39,2024-05-04
TXN-0005377,Ashley Robertson,South,Sports,Bronze,1,1950,49.61,5.2,47.03,2024-04-06
TXN-0005378,Eric Flores,West,Electronics,Platinum,10,1993,117.86,23.3,903.99,2023-12-01
TXN-0005379,Christina Weber,South,Clothing,Silver,1,1950,30.22,9.61,27.32,2023-10-05
TXN-0005380,Thomas Black,West,Grocery,Bronze,5,1954,9.0,6.0,42.3,2026-03-05
TXN-0005381,Douglas Rodriguez,South,Clothing,Platinum,4,1989,32.13,16.76,106.98,2026-04-11
TXN-0005382,Joanne Baker,West,Clothing,Silver,4,1945,44.43,5.79,167.43,2025-06-01
TXN-0005383,Timothy Johnson,West,Sports,Bronze,4,1967,67.34,0.34,268.44,2026-01-09
TXN-0005384,Rachel Sandoval,North,Grocery,Bronze,2,1991,21.18,0.0,42.36,2026-01-25
TXN-0005385,Larry Benson,South,Electronics,Silver,2,1964,185.03,4.91,351.89,2024-02-07
TXN-0005386,Christina Miles,West,Home,Silver,4,1966,111.96,7.6,413.8,2025-01-13
TXN-0005387,Brian Black,North,Electronics,Silver,4,2005,143.8,10.67,513.83,2024-08-19
TXN-0005388,William Holmes,North,Electronics,Gold,4,1977,201.25,14.82,685.7,2025-03-15
TXN-0005389,Bradley Duncan,East,Home,Silver,1,1969,42.51,4.8,40.47,2024-08-21
TXN-0005390,Janice Kelly,Central,Electronics,Gold,3,1986,197.65,16.35,496.0,2025-06-30
TXN-0005391,Kelly Beck,East,Home,Gold,4,1979,88.75,14.07,305.05,2026-06-27
TXN-0005392,Austin Kane,South,Clothing,Silver,5,2007,77.01,1.29,380.08,2025-12-02
TXN-0005393,Sharon Cook,Central,Grocery,Bronze,5,1961,7.05,2.73,34.29,2024-05-06
TXN-0005394,Christine Lopez,East,Home,Silver,1,1993,123.85,9.85,111.65,2024-06-04
TXN-0005395,Joshua Chapman,South,Electronics,Silver,4,1974,90.56,8.98,329.71,2024-07-09
TXN-0005396,Jeremiah Hernandez,South,Sports,Silver,4,1965,110.96,3.0,430.52,2024-09-04
TXN-0005397,Jacob Allen,South,Grocery,Bronze,2,1968,13.4,0.0,26.8,2026-05-13
TXN-0005398,Matthew Townsend,South,Clothing,Silver,6,1956,63.61,14.36,326.85,2024-10-24
TXN-0005399,Diane Hughes,West,Sports,Bronze,4,1994,72.77,0.0,291.08,2024-07-25
TXN-0005400,Anna Whitehead,North,Clothing,Silver,2,1978,78.46,7.33,145.42,2024-03-24
TXN-0005401,Frances Williams,West,Clothing,Bronze,4,1989,57.99,0.0,231.96,2024-07-05
TXN-0005402,Kimberly Adams,South,Clothing,Gold,3,1976,95.29,17.72,235.21,2026-08-05
TXN-0005403,Joshua Jacobs,South,Electronics,Bronze,3,2000,124.36,4.9,354.8,2026-02-25
TXN-0005404,Robert Frank,North,Grocery,Silver,3,1952,12.53,13.18,32.64,2023-12-21
TXN-0005405,Richard Peterson,East,Home,Silver,4,1970,71.6,3.45,276.52,2026-01-27
TXN-0005406,Roger White,West,Sports,Bronze,2,1973,93.61,6.4,175.24,2025-09-13
TXN-0005407,Jessica Castro,South,Clothing,Gold,6,2005,69.65,9.49,378.24,2026-06-25
TXN-0005408,Dawn Jones,North,Electronics,Gold,2,2005,101.97,18.56,166.09,2026-01-28
TXN-0005409,Parker Brown,South,Clothing,Gold,10,1983,40.87,4.7,389.49,2024-01-19
TXN-0005410,Shaun Wood,West,Electronics,Platinum,5,1979,176.99,23.78,674.51,2024-12-22
TXN-0005411,Brian Allen,South,Sports,Silver,4,1955,115.97,7.26,430.2,2026-08-06
TXN-0005412,Julie Lee,West,Grocery,Gold,4,2007,14.08,15.52,47.58,2024-01-10
TXN-0005413,Kimberly Elliott,South,Grocery,Gold,2,1969,10.93,15.11,18.56,2024-10-21
TXN-0005414,Stephen Kirby,North,Grocery,Gold,4,1957,25.57,14.74,87.2,2024-02-27
TXN-0005415,Pamela Walker,West,Clothing,Gold,4,1946,29.83,21.65,93.49,2024-07-30
TXN-0005416,Sarah Clements,East,Electronics,Silver,4,1981,193.28,13.58,668.13,2026-03-17
TXN-0005417,Julie Gillespie,North,Clothing,Silver,4,1952,25.75,9.18,93.54,2025-10-23
TXN-0005418,Audrey Koch,Central,Grocery,Silver,3,1951,17.26,7.9,47.69,2025-02-22
TXN-0005419,Brenda Anderson,North,Clothing,Bronze,3,1959,48.6,7.37,135.05,2025-04-04
TXN-0005420,Marissa Dorsey,South,Electronics,Silver,1,1991,121.67,12.62,106.32,2024-04-14
TXN-0005421,Richard Brown,South,Grocery,Bronze,3,1985,29.79,2.58,87.06,2026-08-05
TXN-0005422,Bradley Jones,East,Electronics,Silver,3,1963,155.4,7.41,431.65,2026-07-12
TXN-0005423,Michelle Ramirez,West,Home,Silver,5,2004,84.85,3.84,407.96,2024-09-26
TXN-0005424,Michael Burns,North,Electronics,Bronze,1,2005,146.25,3.3,141.42,2024-03-01
TXN-0005425,Tracey Bailey,Central,Home,Bronze,4,1952,68.79,2.98,266.96,2024-12-13
TXN-0005426,Sarah Holt,East,Clothing,Bronze,2,1946,104.27,5.65,196.76,2026-05-17
TXN-0005427,John Todd,Central,Sports,Silver,2,2005,65.73,13.54,113.66,2024-01-14
TXN-0005428,Rachel Berger,West,Grocery,Bronze,2,1980,34.45,6.53,64.4,2024-07-24
TXN-0005429,Megan Aguilar,Central,Electronics,Bronze,2,1995,119.85,5.9,225.56,2025-02-02
TXN-0005430,James Mckinney,East,Grocery,Bronze,3,1989,18.12,1.41,53.59,2025-10-21
TXN-0005431,Raymond Powell,South,Grocery,Bronze,3,1998,15.23,0.79,45.33,2025-08-28
TXN-0005432,Edward Lawson,East,Grocery,Bronze,3,1972,13.59,4.83,38.8,2025-02-19
TXN-0005433,Jamie Bond,West,Sports,Bronze,3,1974,70.2,4.24,201.67,2026-05-12
TXN-0005434,Richard Smith,South,Grocery,Silver,3,2005,32.23,9.66,87.35,2026-07-18
TXN-0005435,Holly Martin,West,Electronics,Gold,7,1986,251.1,9.77,1585.97,2025-01-14
TXN-0005436,Diane Taylor,North,Clothing,Platinum,6,1963,55.47,16.75,277.07,2026-09-09
TXN-0005437,Melanie Diaz,West,Clothing,Bronze,3,1973,34.09,0.39,101.87,2026-03-23
TXN-0005438,Lori Krueger,South,Home,Bronze,2,1946,100.74,4.68,192.05,2024-05-21
TXN-0005439,Ryan Riley,Central,Sports,Bronze,3,2007,62.32,2.17,182.9,2026-02-22
TXN-0005440,Dana Hanson,North,Home,Silver,7,1988,64.2,12.53,393.09,2026-02-24
TXN-0005441,Alex Steele,North,Clothing,Bronze,4,1976,68.78,0.0,275.12,2025-04-16
TXN-0005442,David Williams,West,Sports,Bronze,2,1977,47.91,0.0,95.82,2025-01-31
TXN-0005443,Johnathan Davidson,West,Grocery,Silver,5,2007,18.67,6.36,87.41,2025-07-24
TXN-0005444,Terry Murphy,West,Clothing,Bronze,2,1983,64.3,0.18,128.37,2024-06-15
TXN-0005445,Anne Jones,Central,Sports,Silver,4,1956,94.45,4.24,361.78,2023-10-05
TXN-0005446,Susan Barnes,South,Clothing,Silver,4,1979,35.11,7.35,130.12,2025-01-26
TXN-0005447,Andrew Morales,West,Home,Gold,4,1947,161.58,13.47,559.26,2024-10-14
TXN-0005448,Michelle Caldwell,South,Home,Bronze,2,1990,98.8,0.0,197.6,2024-09-06
TXN-0005449,Susan Harper,East,Sports,Bronze,4,1989,74.3,0.0,297.2,2026-06-19
TXN-0005450,Tamara Harris,East,Clothing,Silver,4,1974,34.25,9.56,123.9,2025-08-05
TXN-0005451,Jordan Reeves,North,Clothing,Bronze,3,1994,40.83,1.09,121.15,2024-11-30
TXN-0005452,Steven Greene,East,Grocery,Bronze,3,1949,15.73,0.0,47.19,2025-04-08
TXN-0005453,Kelly Kennedy,West,Sports,Silver,1,1950,73.51,5.77,69.27,2024-04-23
TXN-0005454,David Sanchez,North,Electronics,Bronze,1,1948,178.6,0.0,178.6,2026-08-18
TXN-0005455,Kathy Gutierrez,Central,Electronics,Bronze,1,1977,139.92,8.25,128.38,2025-02-24
TXN-0005456,Sarah Shelton,East,Sports,Silver,3,1946,123.2,10.12,332.2,2025-10-12
TXN-0005457,Christopher Mcdowell,North,Grocery,Gold,3,1960,15.6,21.61,36.69,2025-09-16
TXN-0005458,Zachary Simpson,East,Clothing,Bronze,1,2005,58.24,2.36,56.87,2025-08-19
TXN-0005459,Matthew Henderson,North,Clothing,Silver,4,1957,81.02,5.78,305.35,2025-04-07
TXN-0005460,Joseph Collins,North,Home,Platinum,5,2005,73.48,16.99,304.98,2025-01-14
TXN-0005461,Deborah Small,West,Grocery,Bronze,3,1994,11.04,3.6,31.93,2025-10-23
TXN-0005462,Virginia Jimenez,North,Home,Silver,3,1969,77.03,5.43,218.54,2026-01-31
TXN-0005463,Aaron Cochran,North,Grocery,Bronze,4,1990,24.51,0.0,98.04,2024-03-15
TXN-0005464,Morgan Barrett,West,Electronics,Platinum,6,1987,162.16,24.63,733.32,2024-06-27
TXN-0005465,James Williams,North,Grocery,Bronze,3,1984,22.57,2.14,66.26,2026-06-26
TXN-0005466,Paul Tyler,West,Electronics,Bronze,4,1948,100.01,2.92,388.36,2026-04-27
TXN-0005467,Kevin Hansen,West,Sports,Platinum,5,1949,42.19,20.77,167.14,2024-02-02
TXN-0005468,Daniel Thomas,North,Electronics,Silver,4,1989,194.0,8.45,710.43,2024-12-06
TXN-0005469,Jennifer Pearson,East,Electronics,Bronze,5,1968,179.0,0.0,895.0,2024-05-02
TXN-0005470,Sherry Horton,North,Electronics,Gold,5,1973,114.97,8.97,523.29,2026-01-11
TXN-0005471,David Roach,East,Electronics,Gold,7,1986,106.05,19.45,597.96,2024-07-29
TXN-0005472,Susan James,North,Clothing,Silver,3,1976,51.4,6.84,143.65,2024-11-09
TXN-0005473,Sandra Gonzalez,Central,Grocery,Bronze,4,1967,17.54,3.44,67.75,2026-05-28
TXN-0005474,Terry Brown,South,Sports,Bronze,4,1951,48.46,4.79,184.56,2024-01-24
TXN-0005475,Anthony Hoover,West,Home,Platinum,9,2006,86.97,18.69,636.44,2024-01-23
TXN-0005476,Andrea Ramos,North,Home,Bronze,2,1969,53.64,0.0,107.28,2023-10-26
TXN-0005477,Aaron Shepard,South,Clothing,Bronze,6,1995,43.58,0.0,261.48,2025-11-23
TXN-0005478,Kim Williams,East,Grocery,Bronze,3,1956,11.25,0.0,33.75,2026-06-05
TXN-0005479,Vickie Hall,East,Electronics,Bronze,3,1965,152.53,0.0,457.59,2023-11-15
TXN-0005480,Diana Rogers,Central,Clothing,Silver,3,1945,43.54,4.33,124.96,2026-03-19
TXN-0005481,Lindsay White,North,Electronics,Bronze,1,1948,254.17,0.0,254.17,2026-03-15
TXN-0005482,Lisa Hall,North,Electronics,Bronze,1,1971,176.33,5.22,167.13,2025-06-18
TXN-0005483,Michelle Schultz,South,Home,Bronze,2,1965,56.31,7.16,104.56,2026-04-01
TXN-0005484,Brandon Townsend,South,Electronics,Bronze,3,1951,218.01,0.0,654.03,2024-08-23
TXN-0005485,Joseph Day,Central,Electronics,Bronze,2,1959,147.89,0.0,295.78,2023-11-23
TXN-0005486,Rita Taylor,Central,Grocery,Bronze,2,1956,23.23,2.21,45.43,2026-01-31
TXN-0005487,Mark Meyer,Central,Electronics,Gold,4,1992,100.77,18.3,329.32,2024-11-05
TXN-0005488,William Juarez,North,Home,Bronze,1,1964,110.0,0.0,110.0,2026-01-19
TXN-0005489,Jimmy Terry,South,Clothing,Bronze,1,1965,111.63,0.0,111.63,2026-01-13
TXN-0005490,Jimmy Smith,West,Sports,Silver,2,1973,91.13,0.0,182.26,2025-09-30
TXN-0005491,Mitchell Jones,South,Grocery,Gold,2,1956,14.49,13.9,24.95,2026-07-09
TXN-0005492,Yolanda Johnson,West,Electronics,Silver,3,1960,237.01,3.5,686.14,2024-05-15
TXN-0005493,Joshua Lewis,South,Sports,Platinum,6,1957,58.48,23.08,269.9,2025-04-18
TXN-0005494,Dana Atkins,South,Clothing,Bronze,3,2005,64.52,4.54,184.77,2025-05-29
TXN-0005495,Timothy Jacobs,West,Clothing,Bronze,5,1983,119.61,7.23,554.81,2024-09-08
TXN-0005496,Donna Taylor,South,Grocery,Bronze,4,2002,14.56,5.84,54.84,2026-03-31
TXN-0005497,Victoria Burgess,Central,Grocery,Bronze,3,1999,21.34,0.0,64.02,2024-12-23
TXN-0005498,Jay Hall,South,Clothing,Platinum,4,1960,109.97,19.02,356.21,2024-04-22
TXN-0005499,Dr. Heather Johnson PhD,North,Clothing,Silver,6,1947,76.92,10.99,410.8,2025-09-18
TXN-0005500,John Mendoza,South,Electronics,Gold,4,1973,203.55,8.21,747.35,2025-11-14
TXN-0005501,Katrina Mendoza,North,Home,Platinum,4,1967,44.85,18.68,145.89,2025-11-28
TXN-0005502,Beth Schmidt,East,Sports,Gold,3,1983,53.07,13.24,138.13,2024-02-15
TXN-0005503,Claire Mcintosh,North,Clothing,Bronze,4,1954,73.84,1.83,289.95,2025-06-05
TXN-0005504,Joseph Ortega,East,Sports,Gold,5,1956,66.7,14.03,286.71,2025-04-15
TXN-0005505,Brandon Pena,Central,Electronics,Silver,6,1958,133.38,4.62,763.31,2025-11-16
TXN-0005506,Rachel Martin,South,Grocery,Bronze,4,1984,26.93,0.0,107.72,2023-10-14
TXN-0005507,Carolyn Moore,North,Sports,Silver,5,1956,93.7,8.58,428.3,2026-07-23
TXN-0005508,Jeffrey Robertson,South,Grocery,Gold,5,1971,13.38,12.37,58.62,2024-10-03
TXN-0005509,Alexandra Lyons,West,Electronics,Gold,2,1961,207.02,20.4,329.58,2026-05-08
TXN-0005510,Mason Miller,East,Clothing,Bronze,6,1946,38.93,0.0,233.58,2026-08-25
TXN-0005511,Robert Jackson,North,Electronics,Gold,7,1956,90.86,12.8,554.61,2024-06-11
TXN-0005512,Margaret Lowe,East,Home,Silver,2,1961,99.56,2.36,194.42,2025-12-04
TXN-0005513,Tracy Smith,East,Sports,Silver,3,1996,48.09,8.28,132.32,2024-05-03
TXN-0005514,Kevin Stokes,South,Clothing,Bronze,1,1956,35.06,1.27,34.61,2025-08-21
TXN-0005515,Ashley Morris,North,Electronics,Bronze,3,1981,110.67,3.84,319.26,2024-06-01
TXN-0005516,Karen Hernandez,Central,Clothing,Bronze,3,1996,57.55,0.0,172.65,2024-07-02
TXN-0005517,Larry Crawford,North,Home,Gold,3,2005,116.99,6.56,327.95,2026-02-23
TXN-0005518,Joshua Lopez,North,Home,Platinum,6,1976,80.16,24.47,363.27,2026-02-22
TXN-0005519,Tina Patel,North,Electronics,Bronze,2,1947,103.55,5.15,196.43,2026-07-18
TXN-0005520,Thomas Sellers,East,Grocery,Bronze,2,1956,11.97,5.3,22.67,2024-05-12
TXN-0005521,Donna Mejia,East,Electronics,Bronze,3,1979,91.59,5.11,260.73,2025-10-18
TXN-0005522,Travis Hughes,South,Home,Gold,4,1980,114.02,13.35,395.19,2025-04-07
TXN-0005523,Mr. Kenneth Ashley,South,Clothing,Silver,4,2006,39.52,9.14,143.63,2023-11-29
TXN-0005524,Tyler Roy,West,Electronics,Silver,3,1972,170.63,3.83,492.28,2024-09-01
TXN-0005525,Heather Davis,South,Home,Bronze,4,1972,47.11,0.54,187.42,2025-10-24
TXN-0005526,Angela Wilson,Central,Grocery,Bronze,4,1971,27.65,5.97,104.0,2024-09-22
TXN-0005527,Kelly Williams,South,Clothing,Gold,2,1962,53.91,20.1,86.15,2024-01-03
TXN-0005528,Heather Williams,North,Grocery,Silver,4,1957,10.23,8.15,37.59,2024-11-11
TXN-0005529,Catherine Nelson,Central,Home,Bronze,2,2003,71.68,0.0,143.36,2025-04-23
TXN-0005530,Catherine Gould,West,Clothing,Bronze,3,1985,57.7,3.24,167.49,2024-09-25
TXN-0005531,Stacy Bailey,South,Sports,Bronze,3,1999,54.14,6.97,151.1,2023-12-03
TXN-0005532,Anthony Hall,West,Sports,Bronze,3,1996,83.8,0.94,249.04,2026-08-01
TXN-0005533,Charles Gonzalez,East,Electronics,Bronze,4,2000,246.25,0.0,985.0,2024-08-14
TXN-0005534,Nicholas Hernandez,South,Sports,Silver,3,1975,101.61,10.36,273.25,2025-12-10
TXN-0005535,Amy Hunter,West,Grocery,Bronze,2,1963,17.55,0.76,34.83,2025-04-11
TXN-0005536,Amanda Hill,West,Electronics,Bronze,2,1954,259.45,0.73,515.11,2025-05-22
TXN-0005537,Tracy Morales,South,Home,Silver,3,1997,94.76,1.16,280.98,2025-09-26
TXN-0005538,Haley Cowan,East,Electronics,Bronze,4,1961,150.5,0.0,602.0,2025-09-03
TXN-0005539,Samuel Russell,South,Home,Silver,3,1998,85.44,9.93,230.87,2023-12-09
TXN-0005540,Bryan Castro,North,Sports,Gold,3,1964,76.03,8.67,208.31,2023-11-28
TXN-0005541,Stephen Smith,Central,Clothing,Bronze,4,1953,62.95,8.19,231.18,2026-07-01
TXN-0005542,Margaret Smith,East,Home,Gold,4,2000,64.68,19.98,207.03,2025-02-12
TXN-0005543,Dennis Thompson,East,Electronics,Bronze,3,1967,233.8,0.0,701.4,2024-03-06
TXN-0005544,Michael Taylor,East,Home,Bronze,4,1984,139.28,0.0,557.12,2026-09-25
TXN-0005545,Laura Cox,East,Grocery,Bronze,3,1970,42.01,4.47,120.4,2025-12-15
TXN-0005546,Ricky Reid,South,Electronics,Silver,6,2003,86.24,12.34,453.59,2026-06-08
TXN-0005547,Melissa Nguyen DVM,Central,Home,Bronze,3,1956,89.53,2.59,261.63,2024-11-25
TXN-0005548,Renee Farmer,East,Clothing,Gold,4,1965,40.84,10.72,145.85,2024-11-10
TXN-0005549,Tracy Woodward,West,Grocery,Bronze,2,1993,22.21,0.65,44.13,2026-03-14
TXN-0005550,Jason Waters,East,Grocery,Silver,5,1999,27.16,7.39,125.76,2026-01-20
TXN-0005551,Anthony James DVM,South,Grocery,Bronze,4,1981,17.96,0.12,71.75,2026-03-01
TXN-0005552,Heidi Torres,North,Clothing,Bronze,6,1994,48.64,6.27,273.54,2024-06-24
TXN-0005553,Colleen Rivera,South,Home,Silver,3,1983,74.91,4.57,214.46,2025-05-05
TXN-0005554,James Patterson,North,Grocery,Bronze,3,2004,16.59,3.61,47.97,2026-07-09
TXN-0005555,Kimberly Carson,West,Grocery,Bronze,2,2005,20.26,4.67,38.63,2025-05-08
TXN-0005556,Shane Gonzalez,Central,Home,Silver,3,1960,101.06,7.03,281.87,2025-04-17
TXN-0005557,Debra Gonzalez,South,Grocery,Silver,4,1966,30.0,6.21,112.55,2026-03-28
TXN-0005558,Patrick Perez,South,Clothing,Silver,2,2004,51.36,6.92,95.61,2026-07-08
TXN-0005559,Heather Payne,West,Electronics,Bronze,4,1963,217.73,0.0,870.92,2024-01-26
TXN-0005560,Christopher Butler,North,Sports,Bronze,5,1986,54.4,4.71,259.19,2025-12-08
TXN-0005561,Jeffrey Myers V,Central,Electronics,Bronze,4,2007,101.77,1.54,400.81,2024-10-22
TXN-0005562,Christian Valencia,South,Sports,Bronze,3,1991,105.79,1.12,313.82,2025-05-04
TXN-0005563,Kaitlyn Warren,North,Home,Bronze,3,1986,103.27,0.0,309.81,2024-09-08
TXN-0005564,Jordan Lynch,North,Sports,Bronze,2,1956,62.08,8.82,113.21,2025-12-08
TXN-0005565,Raymond Santos,Central,Home,Bronze,4,1958,64.96,5.0,246.85,2025-06-19
TXN-0005566,Lisa Robinson,South,Grocery,Silver,3,1958,15.19,1.89,44.71,2025-03-29
TXN-0005567,Darlene Sanchez,West,Grocery,Bronze,4,1949,19.36,3.98,74.36,2025-03-16
TXN-0005568,Jessica Harper,North,Home,Bronze,2,2007,94.79,0.0,189.58,2025-10-23
TXN-0005569,Joseph Kelly,North,Clothing,Bronze,5,1997,33.05,0.0,165.25,2025-10-15
TXN-0005570,Rachel Flores,Central,Electronics,Bronze,2,1994,102.3,0.0,204.6,2026-04-23
TXN-0005571,Zachary Johnson,North,Clothing,Gold,5,1993,57.57,14.82,245.19,2023-10-08
TXN-0005572,Derrick Ford,North,Sports,Bronze,4,2001,91.86,1.5,361.93,2025-11-15
TXN-0005573,Alejandra Ellis,East,Clothing,Bronze,5,1989,41.66,1.82,204.51,2024-04-30
TXN-0005574,Thomas Chang,West,Grocery,Gold,3,1961,10.93,13.99,28.2,2025-08-11
TXN-0005575,Latoya Terry,South,Home,Bronze,7,1959,90.92,5.29,602.77,2024-06-11
TXN-0005576,Thomas Burns,North,Clothing,Bronze,3,1976,25.4,10.09,68.51,2024-09-19
TXN-0005577,William Edwards,Central,Sports,Gold,4,1957,65.42,12.08,230.07,2024-01-25
TXN-0005578,Tammy Estrada,West,Electronics,Silver,5,1978,196.95,5.51,930.49,2025-12-05
TXN-0005579,Abigail Hart,West,Home,Platinum,8,1991,82.56,20.37,525.94,2026-06-23
TXN-0005580,Javier Rogers,West,Home,Gold,3,1961,51.99,15.47,131.84,2024-12-07
TXN-0005581,Ashley Johnson MD,West,Electronics,Silver,3,1958,271.04,10.84,724.98,2024-08-21
TXN-0005582,Abigail Riddle,South,Electronics,Bronze,3,1954,160.32,0.0,480.96,2024-05-18
TXN-0005583,Cody Hart,South,Grocery,Silver,2,1979,19.36,15.49,32.72,2024-07-14
TXN-0005584,Greg Dyer,West,Electronics,Bronze,1,1956,217.56,0.0,217.56,2024-05-29
TXN-0005585,John Baker,West,Grocery,Silver,4,2002,16.89,10.12,60.72,2025-04-12
TXN-0005586,Megan Hall,Central,Home,Gold,4,1965,81.73,15.63,275.82,2026-04-20
TXN-0005587,John Garrison,East,Electronics,Bronze,1,1994,245.82,0.0,245.82,2024-03-29
TXN-0005588,Chelsea Salinas,South,Clothing,Gold,7,1971,41.3,13.94,248.8,2026-07-20
TXN-0005589,Ashlee Thomas,East,Electronics,Silver,4,1998,220.37,0.89,873.63,2024-09-19
TXN-0005590,Laura Hill,East,Grocery,Bronze,4,1946,12.12,0.0,48.48,2025-07-03
TXN-0005591,Jennifer Lopez,South,Home,Gold,4,1959,69.74,12.77,243.34,2025-02-21
TXN-0005592,Dennis Arnold,West,Electronics,Silver,3,1975,177.17,7.5,491.65,2024-03-22
TXN-0005593,Jamie White,East,Home,Silver,3,1978,148.37,11.36,394.55,2025-10-15
TXN-0005594,Ashley Williams,North,Home,Silver,5,1978,94.77,4.58,452.15,2026-08-11
TXN-0005595,Danny Lee,East,Home,Bronze,3,1988,55.13,3.27,159.98,2025-10-10
TXN-0005596,Hayley Carter,East,Electronics,Bronze,2,1974,205.21,5.24,388.91,2025-10-11
TXN-0005597,Debbie Sherman,Central,Electronics,Silver,2,1993,121.17,6.8,225.86,2024-08-20
TXN-0005598,Rebecca Colon,South,Clothing,Gold,4,1982,68.64,12.98,238.92,2026-04-02
TXN-0005599,Lauren Nguyen,East,Grocery,Silver,5,2002,19.91,1.9,97.66,2024-06-04
TXN-0005600,Max Leblanc,East,Grocery,Gold,7,1950,10.64,7.34,69.01,2026-06-29
TXN-0005601,Hunter Campos,East,Clothing,Gold,4,1988,62.39,10.06,224.45,2025-06-27
TXN-0005602,Jesse Johnson,North,Electronics,Bronze,1,2000,103.85,6.87,96.72,2023-11-01
TXN-0005603,Brandy Lopez,Central,Grocery,Gold,2,1949,28.89,17.89,47.44,2024-10-10
TXN-0005604,Jennifer Gonzalez,Central,Electronics,Gold,3,1959,92.27,17.37,228.73,2023-12-04
TXN-0005605,James Cuevas,East,Home,Bronze,4,1960,85.12,3.3,329.24,2024-04-13
TXN-0005606,Brandon Stewart,East,Clothing,Bronze,3,1972,39.5,3.83,113.96,2026-03-06
TXN-0005607,Victor Ball,North,Electronics,Gold,3,1977,262.16,11.56,695.56,2026-04-05
TXN-0005608,Nicole Juarez,East,Home,Platinum,6,1998,52.34,18.7,255.31,2024-06-04
TXN-0005609,Brian Mullins,South,Electronics,Platinum,2,1969,361.71,12.89,630.17,2024-04-24
TXN-0005610,David Wilson,West,Home,Silver,2,1990,79.31,7.73,146.36,2026-06-01
TXN-0005611,Mary Myers,North,Electronics,Gold,2,1997,131.32,14.65,224.16,2025-12-02
TXN-0005612,Marc Brown,West,Clothing,Silver,4,1990,72.08,4.84,274.37,2023-11-27
TXN-0005613,Angela Collier,South,Home,Gold,3,2002,88.93,16.19,223.6,2026-03-04
TXN-0005614,Richard Young,West,Electronics,Silver,2,1995,118.82,11.3,210.79,2024-05-13
TXN-0005615,Gabriella Jones,East,Home,Platinum,6,1968,68.88,16.07,346.87,2023-12-23
TXN-0005616,Teresa Collins,South,Grocery,Platinum,2,2005,15.13,28.09,21.76,2024-06-12
TXN-0005617,Gary Gilbert,East,Sports,Bronze,2,2004,58.85,3.91,113.1,2024-11-02
TXN-0005618,Brenda Nicholson,West,Electronics,Platinum,6,1947,212.47,25.43,950.63,2024-07-03
TXN-0005619,Michele Barnes,East,Electronics,Silver,1,2005,164.89,4.59,157.32,2025-12-08
TXN-0005620,Robert Meza,North,Clothing,Bronze,3,2007,64.67,7.08,180.27,2025-06-18
TXN-0005621,Cindy Harrington,East,Sports,Bronze,5,1998,64.78,4.32,309.91,2026-04-16
TXN-0005622,Kiara Hawkins,South,Clothing,Silver,3,2003,68.91,5.97,194.39,2026-02-19
TXN-0005623,Elizabeth Cooper,East,Clothing,Bronze,1,1997,43.14,0.0,43.14,2026-06-14
TXN-0005624,Mary Santos,East,Grocery,Bronze,2,1953,13.04,2.04,25.55,2023-10-26
TXN-0005625,Jacob Cabrera,North,Electronics,Silver,4,1946,133.88,9.73,483.41,2026-07-21
TXN-0005626,Jacob Trevino,East,Home,Bronze,5,1963,148.18,2.27,724.08,2024-12-11
TXN-0005627,Christopher Bowen,West,Home,Bronze,5,1947,73.57,2.31,359.35,2024-02-08
TXN-0005628,David Ruiz,West,Home,Gold,4,1986,74.74,11.29,265.21,2024-08-29
TXN-0005629,Jessica Owens,North,Grocery,Bronze,2,1999,19.43,0.0,38.86,2025-08-25
TXN-0005630,Amy Higgins,South,Clothing,Silver,5,2000,52.54,7.62,242.68,2026-04-27
TXN-0005631,Alexander Mitchell,South,Home,Bronze,3,1951,61.51,0.0,184.53,2025-09-29
TXN-0005632,Steven Boyd,North,Home,Gold,6,1979,59.52,16.33,298.8,2025-10-15
TXN-0005633,Maria Wright,South,Electronics,Bronze,5,1978,207.95,4.94,988.39,2024-06-18
TXN-0005634,Jacqueline Herman,North,Sports,Gold,5,1977,49.48,18.84,200.79,2024-09-02
TXN-0005635,Andrew Delgado,North,Grocery,Silver,5,2001,24.53,5.68,115.68,2025-06-27
TXN-0005636,William Webb,West,Sports,Gold,7,1952,63.69,12.85,388.54,2026-04-18
TXN-0005637,Marvin Flores,South,Grocery,Silver,6,1949,7.98,1.85,46.99,2024-05-06
TXN-0005638,Michael Wilson,West,Clothing,Silver,4,1990,68.98,5.06,261.96,2026-03-21
TXN-0005639,Julie Martinez,North,Clothing,Bronze,1,1983,72.81,1.98,71.37,2024-07-06
TXN-0005640,Toni Lamb,East,Clothing,Silver,1,1976,67.43,7.27,62.53,2026-05-23
TXN-0005641,Cindy Martin,South,Electronics,Silver,4,1956,135.91,5.67,512.82,2026-07-18
TXN-0005642,Jeffery Jennings,West,Clothing,Silver,6,1951,48.57,4.81,277.4,2025-11-29
TXN-0005643,Anthony Gordon,West,Clothing,Bronze,6,1984,46.9,2.85,273.38,2024-11-11
TXN-0005644,Luke Moore,South,Electronics,Silver,3,2002,124.32,5.95,350.77,2024-06-14
TXN-0005645,Danielle Bradley,East,Grocery,Silver,5,2004,19.86,11.59,87.79,2026-08-28
TXN-0005646,Frank Robinson,South,Electronics,Silver,1,1959,148.91,7.88,137.18,2025-03-13
TXN-0005647,Richard Wilson,East,Home,Silver,3,1981,76.5,5.13,217.73,2025-09-01
TXN-0005648,Chad Palmer,North,Grocery,Bronze,2,1978,14.03,5.79,26.44,2026-04-11
TXN-0005649,Aaron Schneider,South,Home,Silver,4,2004,94.77,3.48,365.89,2026-04-02
TXN-0005650,Kurt Montgomery,North,Electronics,Bronze,4,1997,249.35,0.63,991.12,2024-01-12
TXN-0005651,Jacqueline Gonzalez,Central,Home,Gold,5,1952,93.83,9.33,425.38,2024-09-19
TXN-0005652,Evan Smith,East,Grocery,Gold,6,1987,11.2,12.11,59.06,2025-05-07
TXN-0005653,Abigail Parsons MD,East,Grocery,Bronze,4,1996,17.85,6.81,66.54,2025-05-18
TXN-0005654,Dana Snyder,South,Clothing,Bronze,3,1959,65.09,2.66,190.08,2024-04-20
TXN-0005655,Stacy Garner,South,Electronics,Silver,3,1966,205.12,0.95,609.51,2024-03-14
TXN-0005656,Gregory Brown,South,Home,Gold,5,2007,107.81,11.66,476.2,2023-10-23
TXN-0005657,Kathryn Chavez,Central,Electronics,Bronze,5,1968,167.67,2.93,813.79,2024-08-07
TXN-0005658,David Maxwell,West,Grocery,Silver,2,1950,46.49,8.02,85.52,2025-12-18
TXN-0005659,Larry Higgins,North,Grocery,Bronze,3,2006,11.87,1.39,35.12,2025-11-19
TXN-0005660,Jason Norris,West,Grocery,Gold,4,1995,30.32,15.69,102.25,2026-08-26
TXN-0005661,Elizabeth Jones,South,Sports,Bronze,3,1948,91.03,4.05,262.03,2025-07-11
TXN-0005662,Brianna Mccormick,North,Home,Gold,3,1974,200.87,12.47,527.46,2024-05-17
TXN-0005663,Anne Jones,East,Sports,Silver,5,1992,45.17,7.83,208.17,2026-04-25
TXN-0005664,Joshua Anderson,North,Home,Gold,7,1949,154.11,12.51,943.82,2024-02-24
TXN-0005665,Anthony Christensen,South,Electronics,Platinum,6,1972,283.86,20.2,1359.12,2024-06-29
TXN-0005666,David Brooks,West,Grocery,Silver,3,1960,17.04,7.67,47.2,2025-10-06
TXN-0005667,Eric Hernandez,South,Grocery,Silver,1,1953,13.37,10.56,11.96,2026-05-09
TXN-0005668,Joseph Payne,Central,Sports,Silver,3,1950,157.68,8.65,432.12,2026-04-16
TXN-0005669,David Johnson,West,Clothing,Gold,7,1980,41.22,13.01,251.0,2023-11-27
TXN-0005670,Christina Simon,West,Clothing,Silver,3,1958,79.33,5.58,224.71,2025-12-31
TXN-0005671,Megan Mills,East,Grocery,Bronze,3,1990,30.38,4.32,87.2,2025-11-17
TXN-0005672,Mandy Walker,West,Electronics,Platinum,3,2000,151.25,21.11,357.96,2024-03-28
TXN-0005673,Cynthia Cunningham,South,Home,Bronze,2,1977,84.88,1.66,166.94,2024-02-19
TXN-0005674,Angelica Mays,East,Home,Platinum,8,1963,166.95,18.93,1082.77,2025-10-16
TXN-0005675,David James,East,Electronics,Bronze,2,1957,143.68,2.23,280.95,2026-07-18
TXN-0005676,Paul Watkins,Central,Electronics,Silver,3,1983,131.63,4.66,376.49,2024-04-17
TXN-0005677,John Olson,North,Grocery,Platinum,11,1989,7.0,14.95,65.49,2026-04-22
TXN-0005678,Alexander Anderson,East,Electronics,Silver,5,1957,236.92,12.51,1036.41,2026-01-12
TXN-0005679,Mitchell Deleon,West,Grocery,Silver,4,1966,15.79,12.61,55.2,2023-09-29
TXN-0005680,Susan Bryant,South,Grocery,Bronze,4,1960,23.67,2.53,92.28,2026-08-17
TXN-0005681,Derrick Diaz,West,Home,Bronze,6,1994,85.48,3.89,492.93,2026-07-02
TXN-0005682,Rebecca Lambert,South,Clothing,Bronze,1,1967,87.77,1.25,86.67,2025-07-29
TXN-0005683,Erica White,North,Electronics,Silver,5,1984,258.91,8.83,1180.24,2025-12-16
TXN-0005684,Joseph Miller,East,Grocery,Silver,4,2004,12.7,7.44,47.02,2025-07-12
TXN-0005685,Richard Molina,South,Electronics,Bronze,2,1961,136.02,2.74,264.59,2025-04-25
TXN-0005686,Rebecca Torres,North,Clothing,Bronze,4,1958,67.41,0.0,269.64,2023-12-04
TXN-0005687,Jack Jacobs,North,Sports,Platinum,6,1967,122.73,26.31,542.64,2026-09-15
TXN-0005688,James Morgan,North,Clothing,Gold,6,1986,57.22,9.19,311.77,2025-12-29
TXN-0005689,Lindsay Chavez,West,Clothing,Silver,2,1969,59.28,10.02,106.68,2025-07-25
TXN-0005690,Mr. Jeremy Cohen Jr.,Central,Sports,Platinum,5,1968,84.73,17.28,350.44,2024-09-18
TXN-0005691,Kathryn Perry,East,Electronics,Silver,4,1999,117.76,0.19,470.15,2025-10-15
TXN-0005692,Jeffery Richards,North,Electronics,Bronze,5,1953,136.52,5.39,645.81,2025-05-12
TXN-0005693,Chad Morales,East,Clothing,Bronze,3,1982,51.55,2.67,150.52,2025-03-25
TXN-0005694,Tammy Alexander,West,Grocery,Gold,4,1979,25.55,8.33,93.69,2026-03-31
TXN-0005695,Alexander Cox,West,Sports,Bronze,2,1971,140.57,4.43,268.69,2026-09-14
TXN-0005696,Brett Stephens,South,Grocery,Bronze,2,1968,13.09,0.85,25.96,2026-03-10
TXN-0005697,Karen Mitchell,North,Sports,Platinum,2,1986,96.55,26.49,141.95,2024-02-26
TXN-0005698,Carol Taylor DDS,Central,Electronics,Silver,7,1999,172.71,2.19,1182.49,2025-07-19
TXN-0005699,Pam Roberts,West,Home,Gold,6,1949,75.51,10.9,403.68,2024-04-22
TXN-0005700,Benjamin Phillips,North,Electronics,Gold,2,2003,114.35,15.99,192.13,2024-10-27
TXN-0005701,James Snyder,West,Sports,Silver,1,1945,81.25,5.63,76.68,2025-10-08
TXN-0005702,Daniel Phillips,North,Sports,Bronze,2,1980,61.11,0.0,122.22,2024-09-23
TXN-0005703,Andrea Bryant,North,Clothing,Gold,7,1969,62.67,13.92,377.62,2024-02-05
TXN-0005704,Melinda Thompson,West,Grocery,Bronze,1,1963,12.67,5.97,11.91,2024-12-11
TXN-0005705,Jade Phillips,East,Home,Bronze,1,1995,61.16,1.94,59.97,2026-04-14
TXN-0005706,Kyle Mooney,South,Electronics,Platinum,8,1978,233.11,19.37,1503.65,2026-01-19
TXN-0005707,Christine Leblanc,Central,Home,Bronze,1,1958,96.37,0.0,96.37,2025-06-23
TXN-0005708,Alexander Wright,West,Sports,Bronze,2,2000,79.66,0.54,158.46,2024-11-01
TXN-0005709,Joshua Cunningham,North,Clothing,Bronze,5,1966,46.07,0.0,230.35,2024-07-17
TXN-0005710,Stephanie Mcintosh,East,Electronics,Gold,7,1987,208.63,17.39,1206.44,2023-10-06
TXN-0005711,Juan Chan,West,Sports,Platinum,4,1953,70.35,22.59,217.83,2023-10-09
TXN-0005712,Allen Weaver,East,Clothing,Bronze,1,1950,72.22,0.0,72.22,2026-03-13
TXN-0005713,Mr. Martin Morales,Central,Clothing,Bronze,5,1982,46.93,0.11,234.39,2025-12-17
TXN-0005714,Ryan Cannon,West,Grocery,Silver,2,1949,12.41,9.73,22.41,2024-03-29
TXN-0005715,Catherine Crane,North,Home,Silver,3,2004,69.79,9.39,189.71,2025-12-13
TXN-0005716,Michelle Gould,North,Clothing,Bronze,3,1954,63.78,1.76,187.97,2023-10-09
TXN-0005717,Mathew Olson,West,Electronics,Bronze,3,1976,113.22,1.23,335.48,2025-05-02
TXN-0005718,Gary Walker,Central,Grocery,Silver,4,1980,33.94,7.09,126.13,2026-07-10
TXN-0005719,Terry Williams,North,Home,Bronze,6,1998,55.9,0.54,333.59,2024-08-12
TXN-0005720,Melissa Riley,North,Grocery,Gold,2,1955,17.08,16.87,28.4,2026-08-31
TXN-0005721,Jesse Anderson,West,Grocery,Bronze,4,2003,27.31,4.56,104.26,2025-01-30
TXN-0005722,John Stone,North,Electronics,Gold,7,1961,176.82,14.11,1063.09,2025-06-24
TXN-0005723,Joshua Griffin,North,Grocery,Silver,5,2005,15.91,3.28,76.94,2025-04-12
TXN-0005724,Virginia Morales,Central,Grocery,Silver,3,1978,26.92,4.95,76.76,2024-03-11
TXN-0005725,Ronald Cook,West,Sports,Gold,4,1961,54.19,10.91,193.11,2024-05-25
TXN-0005726,Louis Tyler,Central,Electronics,Bronze,2,1980,144.64,0.82,286.91,2025-07-20
TXN-0005727,Mary Wall,West,Clothing,Bronze,3,1992,31.23,2.72,91.14,2026-07-06
TXN-0005728,Dustin Mendez,South,Grocery,Silver,3,1996,24.53,12.62,64.3,2026-03-25
TXN-0005729,Amy Martin,Central,Sports,Gold,3,1962,91.24,13.71,236.19,2024-10-26
TXN-0005730,Ashley Martinez,South,Sports,Gold,5,1972,91.32,8.27,418.84,2024-11-06
TXN-0005731,Scott Gibbs,South,Clothing,Bronze,5,1976,57.56,4.47,274.94,2026-01-07
TXN-0005732,Heather Rojas DDS,Central,Home,Gold,1,1994,92.6,8.37,84.85,2025-07-16
TXN-0005733,Ashley Shepard,West,Electronics,Bronze,1,1988,166.17,3.68,160.05,2026-02-21
TXN-0005734,Jessica Vasquez,Central,Grocery,Bronze,3,1950,20.03,0.56,59.75,2025-04-18
TXN-0005735,Melinda Rosario,North,Grocery,Bronze,1,1948,18.84,4.1,18.07,2026-05-05
TXN-0005736,Jennifer Sanchez,Central,Grocery,Gold,6,1979,12.99,14.93,66.3,2024-11-29
TXN-0005737,Christina Davis DDS,East,Clothing,Silver,4,1995,24.95,7.68,92.14,2026-08-20
TXN-0005738,Mrs. Heather Meyers,West,Sports,Silver,4,1972,155.76,3.43,601.67,2025-06-06
TXN-0005739,Nicole Garcia,Central,Electronics,Gold,1,1962,127.51,10.9,113.61,2024-08-09
TXN-0005740,Lisa Robinson,South,Home,Bronze,2,2003,84.63,3.87,162.71,2025-06-30
TXN-0005741,Katie Davis,West,Home,Bronze,3,1961,132.89,2.71,387.87,2026-02-01
TXN-0005742,Christine Farrell,East,Home,Bronze,4,1990,101.26,8.45,370.81,2026-02-10
TXN-0005743,Mariah Eaton,West,Grocery,Bronze,4,1954,10.91,2.56,42.52,2025-10-16
TXN-0005744,Joseph Gould,Central,Home,Silver,3,1988,59.87,9.8,162.01,2024-07-01
TXN-0005745,Ashley Clark,West,Electronics,Bronze,4,1973,217.73,0.67,865.08,2025-04-25
TXN-0005746,Kathryn Simmons,North,Electronics,Gold,7,2002,197.18,10.07,1241.27,2026-02-12
TXN-0005747,Colin Vega Jr.,North,Home,Gold,5,1981,75.12,17.08,311.45,2026-02-06
TXN-0005748,Robert Vazquez,Central,Grocery,Gold,6,1960,17.74,10.54,95.22,2025-10-18
TXN-0005749,Bryan Monroe,Central,Home,Bronze,3,1976,91.22,0.0,273.66,2024-10-26
TXN-0005750,Louis Rose,Central,Clothing,Silver,3,1992,59.98,2.36,175.69,2025-01-16
TXN-0005751,Andrew Abbott,North,Electronics,Bronze,5,1970,185.39,3.29,896.45,2026-03-13
TXN-0005752,Lance Brown,South,Grocery,Bronze,4,1999,15.71,0.0,62.84,2025-03-15
TXN-0005753,Christopher Howard,West,Home,Silver,3,1998,115.02,1.71,339.16,2026-09-27
TXN-0005754,Jose Cook,West,Home,Silver,8,2007,110.8,13.73,764.7,2025-06-07
TXN-0005755,Michael Mckee,North,Home,Silver,5,1978,122.11,0.0,610.55,2024-04-29
TXN-0005756,Cynthia Harper,East,Clothing,Gold,2,1972,72.03,11.56,127.41,2026-07-18
TXN-0005757,Olivia Martinez,North,Clothing,Bronze,2,1966,71.39,7.68,131.81,2024-03-30
TXN-0005758,Mr. Nicholas Munoz,East,Electronics,Platinum,10,1986,136.46,20.21,1088.81,2024-09-18
TXN-0005759,Thomas Waters,South,Grocery,Bronze,4,1979,17.24,10.62,61.64,2025-08-21
TXN-0005760,Ashley Stokes,North,Clothing,Platinum,5,1956,40.83,22.74,157.73,2026-09-18
TXN-0005761,Kyle Singh,North,Clothing,Silver,2,2002,59.01,2.87,114.63,2024-06-05
TXN-0005762,Spencer Jones,Central,Sports,Bronze,2,1980,56.66,4.63,108.07,2024-03-01
TXN-0005763,Vicki Fry,West,Clothing,Bronze,5,1971,64.83,0.02,324.09,2024-08-26
TXN-0005764,Johnny Fisher,Central,Home,Bronze,2,1973,136.95,1.11,270.86,2025-11-25
TXN-0005765,Timothy Fuentes,East,Clothing,Gold,4,1964,54.99,9.48,199.11,2025-06-11
TXN-0005766,Michelle Sullivan MD,South,Clothing,Bronze,2,1953,45.51,0.0,91.02,2025-03-06
TXN-0005767,Jennifer Duncan,South,Electronics,Gold,6,1949,190.2,15.54,963.86,2026-01-30
TXN-0005768,David Summers,East,Grocery,Bronze,3,2002,25.83,0.0,77.49,2026-05-08
TXN-0005769,Kristen Flores,South,Home,Platinum,4,1992,69.28,13.23,240.46,2026-09-14
TXN-0005770,James Parsons,West,Grocery,Bronze,4,2001,18.74,3.44,72.38,2026-08-26
TXN-0005771,Alexa Ingram,West,Sports,Silver,3,1989,83.7,6.14,235.68,2023-12-17
TXN-0005772,James Stanley,Central,Electronics,Gold,4,2005,145.16,16.22,486.46,2024-06-03
TXN-0005773,Tyler Williams,South,Grocery,Bronze,6,2001,21.54,0.0,129.24,2025-05-24
TXN-0005774,Melissa Torres,East,Electronics,Bronze,3,1956,90.2,5.58,255.5,2026-06-11
TXN-0005775,Lauren Marshall,South,Home,Silver,6,1977,101.51,9.5,551.2,2023-10-06
TXN-0005776,Suzanne Johnson,North,Grocery,Silver,3,1946,33.72,8.81,92.25,2024-02-16
TXN-0005777,Miss Sharon Park,West,Electronics,Gold,3,1945,194.67,8.28,535.65,2024-05-10
TXN-0005778,Mark Mcclain,East,Sports,Bronze,5,1991,76.01,1.79,373.25,2025-09-29
TXN-0005779,Tracy Frost,West,Home,Gold,8,1975,58.8,16.16,394.38,2026-04-17
TXN-0005780,Jordan Jones,North,Clothing,Gold,5,1962,48.78,11.06,216.92,2025-08-04
TXN-0005781,Victor Ruiz,Central,Electronics,Gold,6,1973,178.27,5.66,1009.08,2024-02-11
TXN-0005782,Jodi Mendoza,Central,Home,Bronze,3,1984,92.99,0.0,278.97,2024-01-05
TXN-0005783,John Perez,East,Home,Bronze,3,1996,58.43,0.0,175.29,2024-11-09
TXN-0005784,Adam Gillespie,West,Electronics,Platinum,2,1978,174.59,17.88,286.75,2024-09-06
TXN-0005785,Matthew Lucas,South,Home,Silver,5,1976,66.67,1.94,326.88,2025-04-26
TXN-0005786,Theresa Davis,West,Electronics,Silver,6,1981,130.85,9.71,708.87,2024-01-30
TXN-0005787,Sherry Franco,Central,Sports,Gold,7,1953,102.66,15.13,609.89,2026-05-01
TXN-0005788,Robert Jenkins,West,Clothing,Bronze,3,1976,50.59,0.0,151.77,2023-11-25
TXN-0005789,Cathy Young,West,Home,Gold,3,1963,71.78,11.48,190.62,2025-05-17
TXN-0005790,Steven Davis,East,Grocery,Silver,5,1945,12.75,3.94,61.24,2025-06-11
TXN-0005791,Mariah Collins,West,Grocery,Gold,2,1988,14.01,14.7,23.9,2026-05-08
TXN-0005792,Edward Stanton,West,Sports,Gold,5,1961,62.09,9.49,280.99,2026-07-13
TXN-0005793,Debra Caldwell,North,Sports,Silver,6,1986,101.27,4.0,583.32,2025-12-15
TXN-0005794,Brooke Ramirez,North,Electronics,Bronze,4,2003,158.22,2.35,618.01,2024-12-16
TXN-0005795,Nicole Smith,West,Clothing,Gold,3,1945,83.83,10.03,226.27,2026-04-13
TXN-0005796,Jessica Bell,East,Grocery,Gold,3,1971,11.96,18.87,29.11,2023-12-26
TXN-0005797,Ann Barnett,East,Electronics,Bronze,4,1963,251.39,0.0,1005.56,2024-06-26
TXN-0005798,Mary Whitney,Central,Grocery,Platinum,4,1964,17.08,22.56,52.91,2026-06-18
TXN-0005799,Donald Salazar,West,Electronics,Bronze,3,2006,147.83,5.09,420.92,2025-11-03
TXN-0005800,Ashley Simpson,South,Sports,Bronze,4,1946,69.02,0.0,276.08,2025-08-09
TXN-0005801,Joshua Mann,South,Grocery,Platinum,8,1980,39.7,19.08,257.0,2023-10-14
TXN-0005802,Julie Flores,East,Home,Silver,3,1968,76.17,3.95,219.48,2024-08-06
TXN-0005803,Brandi Roberson,West,Clothing,Gold,2,1950,113.54,16.17,190.36,2026-07-14
TXN-0005804,Melinda Hanson DDS,East,Sports,Gold,5,1959,101.46,12.73,442.72,2025-12-10
TXN-0005805,Janice Jones,East,Grocery,Silver,3,1955,12.23,10.12,32.98,2024-12-15
TXN-0005806,Penny Johnson,West,Grocery,Bronze,4,1977,12.86,7.71,47.47,2024-07-26
TXN-0005807,James Jensen,West,Grocery,Gold,3,1957,19.25,19.04,46.75,2023-11-19
TXN-0005808,Kenneth Branch,West,Electronics,Silver,3,1988,165.92,3.24,481.63,2026-04-16
TXN-0005809,Tyler Allen,North,Electronics,Silver,1,1956,139.18,2.87,135.19,2025-11-29
TXN-0005810,James Aguilar,West,Electronics,Silver,3,1948,132.67,2.87,386.59,2025-12-07
TXN-0005811,Jessica Thompson,East,Grocery,Bronze,4,1990,30.95,5.97,116.41,2026-09-17
TXN-0005812,Gregory Hall,North,Home,Bronze,3,1989,94.98,4.63,271.75,2024-09-21
TXN-0005813,Keith Davis,West,Clothing,Silver,2,1959,64.84,9.38,117.52,2026-05-10
TXN-0005814,Rodney Patton,West,Sports,Gold,6,1946,78.14,14.92,398.89,2024-06-17
TXN-0005815,Michael Houston,East,Electronics,Silver,6,1970,162.45,5.57,920.41,2026-08-10
TXN-0005816,Rachel Torres,West,Grocery,Bronze,2,1988,38.26,2.31,74.75,2023-11-23
TXN-0005817,Mark Hernandez,South,Home,Bronze,3,1948,109.99,3.18,319.48,2025-04-08
TXN-0005818,Jeff Thompson,South,Clothing,Gold,2,1954,138.09,13.39,239.2,2024-10-03
TXN-0005819,Debra Lee,South,Electronics,Bronze,1,1982,210.1,0.0,210.1,2026-07-11
TXN-0005820,Megan Ryan,South,Grocery,Silver,6,1966,14.33,12.63,75.12,2023-09-28
TXN-0005821,David Clark,West,Grocery,Silver,4,2001,27.82,2.8,108.16,2024-05-29
TXN-0005822,Todd Rojas,West,Clothing,Bronze,3,1952,53.54,0.54,159.75,2024-02-09
TXN-0005823,Steven King,West,Home,Silver,8,1991,153.46,12.12,1078.89,2024-11-29
TXN-0005824,Jeffrey Stokes,North,Home,Gold,5,1979,71.04,16.25,297.48,2025-06-09
TXN-0005825,Casey Wright,South,Clothing,Bronze,3,1962,31.58,0.0,94.74,2025-03-29
TXN-0005826,Janet Oliver,North,Home,Bronze,1,1994,93.28,0.0,93.28,2026-08-03
TXN-0005827,Gary Smith,West,Clothing,Bronze,5,1960,91.94,0.0,459.7,2025-06-02
TXN-0005828,Gerald Wall,South,Grocery,Silver,2,1980,14.44,7.42,26.74,2025-06-18
TXN-0005829,Hannah Dickson,East,Grocery,Gold,2,1973,22.05,13.21,38.27,2026-03-26
TXN-0005830,Madeline Boyle,West,Electronics,Silver,6,2001,126.38,6.88,706.11,2024-08-04
TXN-0005831,Virginia Lynch,West,Grocery,Platinum,7,1951,25.05,22.01,136.76,2025-12-10
TXN-0005832,Tammy Bridges,South,Clothing,Silver,3,1947,48.4,7.09,134.91,2023-10-21
TXN-0005833,Danielle Simmons,South,Sports,Bronze,2,1985,82.38,5.34,155.96,2026-09-25
TXN-0005834,Shelly Henderson,West,Home,Bronze,3,1967,80.09,4.65,229.1,2024-01-12
TXN-0005835,Frank Davis,East,Electronics,Silver,2,2007,123.04,0.0,246.08,2024-02-15
TXN-0005836,Jennifer Williams,North,Grocery,Silver,4,1968,9.18,7.31,34.04,2026-01-28
TXN-0005837,Robert Mills,Central,Electronics,Silver,3,1974,101.52,6.25,285.52,2024-12-12
TXN-0005838,Philip Yates,East,Grocery,Silver,3,1965,16.33,7.96,45.09,2026-02-12
TXN-0005839,Chad Romero,East,Sports,Bronze,2,1979,87.76,1.16,173.48,2026-03-21
TXN-0005840,Timothy Odom,North,Grocery,Bronze,4,1971,34.44,0.0,137.76,2025-03-21
TXN-0005841,Lisa Morales,South,Home,Silver,3,1948,75.03,8.6,205.73,2025-03-20
TXN-0005842,Victor Jordan,South,Home,Gold,7,1981,72.01,15.43,426.29,2024-11-30
TXN-0005843,Lisa Scott,South,Clothing,Gold,3,1974,34.59,6.54,96.98,2024-09-13
TXN-0005844,Michael Ellis,East,Electronics,Bronze,3,1957,215.86,8.05,595.45,2026-04-26
TXN-0005845,Maria Brennan,East,Sports,Gold,4,1973,91.61,16.29,306.75,2024-07-26
TXN-0005846,Jessica Williams,Central,Clothing,Bronze,6,1957,64.32,0.0,385.92,2025-09-03
TXN-0005847,Lisa Odonnell,Central,Clothing,Bronze,2,1949,62.05,0.0,124.1,2025-06-16
TXN-0005848,Victor Lewis,South,Electronics,Gold,6,1953,140.41,13.71,726.96,2026-03-09
TXN-0005849,Rebecca Tapia,North,Sports,Platinum,5,1994,120.66,20.45,479.93,2023-10-05
TXN-0005850,Joan Rogers,West,Sports,Platinum,2,1963,57.15,22.17,88.96,2024-11-06
TXN-0005851,Mr. Jeffrey Nguyen,Central,Clothing,Bronze,3,1975,46.59,3.72,134.57,2024-06-25
TXN-0005852,Angela Luna,West,Clothing,Bronze,3,1985,38.54,4.05,110.94,2025-06-21
TXN-0005853,Alejandro Davis,North,Grocery,Gold,4,1983,17.21,9.11,62.57,2025-11-22
TXN-0005854,Eduardo Hart DDS,South,Clothing,Gold,3,1977,41.93,12.51,110.05,2024-03-11
TXN-0005855,Duane Clark,North,Sports,Silver,3,1964,60.17,8.2,165.71,2026-02-11
TXN-0005856,Lisa Bowman,West,Sports,Bronze,2,1963,49.28,1.17,97.41,2024-01-18
TXN-0005857,Jose Smith,East,Grocery,Silver,4,1972,12.87,9.26,46.71,2025-11-17
TXN-0005858,Tammy Nguyen,East,Electronics,Bronze,4,2005,91.12,5.77,343.45,2024-12-28
TXN-0005859,Maria Harrington,East,Grocery,Bronze,2,1969,20.4,0.0,40.8,2025-03-09
TXN-0005860,Michael Gibbs,South,Sports,Silver,4,1984,55.46,6.88,206.58,2024-03-27
TXN-0005861,Greg Williams,East,Clothing,Bronze,2,1965,96.67,0.15,193.05,2025-12-03
TXN-0005862,Nicole Baker,North,Sports,Silver,3,1961,104.47,5.51,296.14,2024-11-01
TXN-0005863,Justin Jones,East,Clothing,Silver,3,1985,56.36,1.25,166.97,2026-01-10
TXN-0005864,Kimberly Jackson,West,Sports,Silver,2,1947,91.56,8.45,167.65,2026-03-09
TXN-0005865,Jeremy Turner,West,Grocery,Bronze,3,1964,24.31,12.03,64.16,2024-10-20
TXN-0005866,Carlos Brown,South,Electronics,Gold,2,1959,134.55,14.46,230.19,2026-09-10
TXN-0005867,Shannon Ryan,West,Home,Silver,3,1953,83.81,15.01,213.69,2025-08-15
TXN-0005868,Yvonne Patterson,West,Electronics,Gold,3,1975,233.34,17.52,577.38,2025-05-05
TXN-0005869,James Rivas,North,Clothing,Bronze,2,1957,82.05,0.0,164.1,2026-02-18
TXN-0005870,Rachel Soto,North,Sports,Silver,5,1957,57.26,8.48,262.02,2025-10-18
TXN-0005871,Danielle Lucas,East,Electronics,Platinum,5,1984,357.37,22.75,1380.34,2024-10-09
TXN-0005872,Olivia Russell,South,Sports,Bronze,3,1965,46.72,4.57,133.75,2025-03-08
TXN-0005873,Amber Cruz,North,Electronics,Bronze,5,1989,71.9,0.0,359.5,2025-09-09
TXN-0005874,Gregory Smith,North,Grocery,Gold,3,2007,32.89,13.74,85.11,2026-08-21
TXN-0005875,Alison Miller,North,Sports,Silver,3,1972,96.79,12.85,253.06,2025-09-12
TXN-0005876,Jessica Lane,East,Grocery,Bronze,2,2003,19.21,0.0,38.42,2026-03-27
TXN-0005877,Angela Drake,East,Sports,Platinum,6,1963,99.59,23.62,456.4,2023-11-09
TXN-0005878,April Carter,North,Sports,Bronze,5,1977,59.14,6.13,277.57,2025-10-15
TXN-0005879,Shannon Hernandez,West,Home,Silver,4,1975,48.99,1.0,194.0,2024-03-26
TXN-0005880,Michelle Stevens,South,Grocery,Gold,4,1997,15.38,10.8,54.88,2024-11-01
TXN-0005881,Olivia Williams,South,Electronics,Gold,4,1963,125.35,12.03,441.08,2024-01-10
TXN-0005882,Garrett Thomas,South,Clothing,Silver,8,1962,38.91,10.07,279.93,2025-05-14
TXN-0005883,Nicole Lewis,West,Clothing,Bronze,2,1975,44.54,2.03,87.27,2026-06-08
TXN-0005884,Douglas Fuller,Central,Grocery,Gold,5,1991,14.65,11.07,65.14,2024-09-04
TXN-0005885,Jordan Harper,East,Grocery,Gold,6,2002,15.26,13.28,79.4,2026-08-14
TXN-0005886,Michelle Hall,North,Home,Bronze,1,2001,102.84,3.52,99.22,2026-09-21
TXN-0005887,Megan Hernandez,South,Sports,Bronze,3,1946,91.17,1.44,269.57,2024-09-19
TXN-0005888,Jeremiah Fisher,North,Electronics,Silver,3,1997,177.68,12.69,465.4,2025-01-30
TXN-0005889,Ryan Barrera,West,Sports,Bronze,3,1962,30.82,2.12,90.5,2025-06-29
TXN-0005890,Daniel Martinez,North,Electronics,Gold,8,1984,112.07,15.59,756.79,2025-03-29
TXN-0005891,Douglas Howard,Central,Clothing,Gold,3,1992,38.71,9.3,105.33,2025-12-08
TXN-0005892,Jeffrey Leonard,East,Home,Bronze,6,1997,136.82,3.27,794.08,2026-01-07
TXN-0005893,Jasmine Hahn,East,Clothing,Gold,3,1961,40.87,11.23,108.84,2023-10-13
TXN-0005894,Erik Williams,West,Grocery,Gold,5,1945,9.27,11.23,41.14,2026-09-20
TXN-0005895,Susan Melendez,North,Grocery,Silver,1,2000,22.91,12.4,20.07,2024-11-10
TXN-0005896,Robin Baker,West,Grocery,Platinum,5,1969,18.58,17.7,76.46,2024-10-17
TXN-0005897,Raymond Brooks III,North,Electronics,Bronze,2,1992,385.76,0.2,769.98,2024-12-17
TXN-0005898,David Mitchell,West,Electronics,Gold,4,1993,98.67,6.95,367.25,2024-02-19
TXN-0005899,Felicia Matthews,East,Electronics,Bronze,4,1985,148.25,0.0,593.0,2025-06-08
TXN-0005900,Jill Stevens,North,Home,Silver,1,1970,62.6,1.06,61.94,2026-08-09
TXN-0005901,Roger Johnson,West,Electronics,Silver,3,1951,111.37,11.12,296.96,2025-03-12
TXN-0005902,Cynthia Price,North,Clothing,Bronze,4,1956,41.24,3.29,159.53,2024-01-24
TXN-0005903,John Johnson,North,Grocery,Silver,4,1984,12.26,9.82,44.22,2026-02-05
TXN-0005904,Alison Delacruz,West,Sports,Silver,3,1993,80.04,8.63,219.4,2024-07-01
TXN-0005905,Henry Parker,East,Grocery,Silver,2,1976,18.4,3.64,35.46,2025-10-07
TXN-0005906,Curtis Davis,Central,Electronics,Silver,7,1983,158.24,9.86,998.46,2025-01-27
TXN-0005907,John Clark,East,Home,Bronze,3,1972,140.29,1.33,415.27,2025-03-30
TXN-0005908,Amy Chapman,East,Electronics,Bronze,2,1978,194.52,4.03,373.36,2024-09-01
TXN-0005909,Maria Williams,South,Clothing,Bronze,4,2003,73.68,0.0,294.72,2026-03-07
TXN-0005910,Nancy Hogan,North,Clothing,Platinum,4,1966,58.2,15.82,195.97,2024-11-18
TXN-0005911,Howard Hunter,Central,Sports,Gold,4,2001,83.57,10.53,299.08,2024-07-07
TXN-0005912,Dylan Baker,North,Home,Silver,1,1951,124.52,8.07,114.47,2026-08-24
TXN-0005913,William Mcbride,East,Clothing,Silver,3,1946,36.86,1.49,108.93,2024-07-19
TXN-0005914,Jenny Sanchez,South,Home,Silver,2,1999,71.58,14.96,121.74,2025-11-11
TXN-0005915,Suzanne Hancock,South,Sports,Bronze,4,1977,76.95,6.42,288.04,2024-08-03
TXN-0005916,Jason Riggs,East,Electronics,Bronze,6,1957,162.34,6.56,910.14,2024-09-26
TXN-0005917,Suzanne Lambert,West,Grocery,Silver,6,1947,10.95,12.03,57.8,2024-10-08
TXN-0005918,Tyler Green,West,Electronics,Bronze,4,1984,208.91,3.91,802.97,2024-11-13
TXN-0005919,Zachary Doyle,West,Electronics,Gold,7,1971,264.8,9.05,1685.85,2024-08-14
TXN-0005920,Noah Briggs,South,Sports,Bronze,5,1963,120.88,3.6,582.64,2024-09-18
TXN-0005921,Nicole Ward,East,Electronics,Silver,7,2007,125.53,5.28,832.31,2024-08-07
TXN-0005922,Blake Norris,North,Grocery,Silver,4,1959,24.24,6.19,90.96,2024-10-19
TXN-0005923,Latoya Fitzgerald,West,Electronics,Gold,5,2000,138.94,15.99,583.62,2026-05-15
TXN-0005924,Wendy Miller,South,Home,Platinum,7,1973,92.25,18.03,529.32,2025-04-03
TXN-0005925,Stephen Shaw,East,Home,Bronze,5,1957,132.36,0.0,661.8,2024-05-27
TXN-0005926,Jo Hickman,North,Grocery,Bronze,1,1991,28.78,5.36,27.24,2024-03-11
TXN-0005927,Billy Cross,West,Grocery,Silver,4,1998,15.42,4.13,59.13,2024-04-01
TXN-0005928,Jeffery Davis,West,Grocery,Bronze,2,1959,15.01,0.92,29.74,2024-01-27
TXN-0005929,Maria Dixon,Central,Clothing,Bronze,5,1981,92.92,1.71,456.66,2026-08-12
TXN-0005930,Diana Murray,North,Electronics,Silver,3,1950,154.45,9.03,421.51,2026-07-24
TXN-0005931,Jennifer Curtis,Central,Home,Bronze,2,1986,31.49,4.56,60.11,2025-11-01
TXN-0005932,Janet Mcclure,South,Home,Bronze,5,1975,104.98,0.0,524.9,2026-05-08
TXN-0005933,Alexis Watson,South,Electronics,Silver,3,1997,120.87,1.14,358.48,2023-10-08
TXN-0005934,Jared Spence,South,Sports,Silver,3,1979,67.9,11.48,180.32,2026-01-16
TXN-0005935,Alice May,South,Clothing,Gold,4,1960,67.69,5.12,256.9,2023-12-02
TXN-0005936,Nathan Miles,East,Electronics,Bronze,2,1986,83.77,3.42,161.81,2025-10-16
TXN-0005937,April White,South,Sports,Bronze,3,1968,98.0,1.83,288.62,2025-04-26
TXN-0005938,Kathleen Odonnell,South,Home,Silver,6,1973,52.96,7.92,292.59,2026-05-19
TXN-0005939,Emily Massey,West,Grocery,Gold,9,1983,13.88,14.08,107.33,2025-01-29
TXN-0005940,Lisa Henderson,West,Electronics,Bronze,4,1969,178.85,1.17,707.03,2025-10-31
TXN-0005941,Andrea Brown,West,Clothing,Silver,2,1959,35.75,6.71,66.7,2026-03-08
TXN-0005942,Shawn Patel,East,Home,Silver,2,1954,58.58,8.17,107.59,2024-11-27
TXN-0005943,Eric Parker,North,Clothing,Bronze,1,2005,61.84,2.93,60.03,2025-10-29
TXN-0005944,Cindy Garza,West,Grocery,Bronze,3,1963,21.66,0.0,64.98,2024-07-08
TXN-0005945,Jesse Yang,North,Electronics,Silver,3,1997,150.35,6.76,420.56,2025-11-30
TXN-0005946,Dean Evans,South,Electronics,Bronze,4,1960,198.74,4.8,756.8,2024-12-06
TXN-0005947,Carl Lopez,North,Electronics,Bronze,3,1990,655.3,0.0,1965.9,2025-06-07
TXN-0005948,Diane Smith,West,Clothing,Silver,6,1953,32.65,8.62,179.01,2024-09-07
TXN-0005949,Shelly Jackson,South,Clothing,Bronze,2,1960,25.12,5.57,47.44,2026-03-11
TXN-0005950,Rachel Castillo,West,Grocery,Bronze,2,2005,26.67,2.33,52.1,2024-04-14
TXN-0005951,Hunter Miller,South,Home,Silver,4,2002,59.5,7.43,220.32,2023-12-21
TXN-0005952,Melanie Fischer,East,Electronics,Gold,7,1956,182.09,8.25,1169.47,2025-12-22
TXN-0005953,Eric Camacho,East,Home,Gold,5,1976,111.31,12.67,486.04,2025-07-16
TXN-0005954,Eric Harris DVM,North,Electronics,Bronze,9,1981,158.07,3.74,1369.42,2025-10-10
TXN-0005955,Angela Craig,South,Clothing,Bronze,3,1999,60.62,0.47,181.01,2026-01-15
TXN-0005956,Henry Brooks,East,Sports,Platinum,5,1970,136.42,18.65,554.89,2023-11-17
TXN-0005957,Tony Barnes,East,Grocery,Silver,3,2000,14.53,8.82,39.75,2025-11-16
TXN-0005958,Robert Bailey,North,Grocery,Silver,2,1979,28.14,8.25,51.64,2025-03-20
TXN-0005959,Taylor Parsons,West,Clothing,Bronze,5,1963,34.77,3.63,167.54,2025-05-31
TXN-0005960,Christopher Wilson,South,Electronics,Bronze,3,1981,180.91,0.0,542.73,2026-08-29
TXN-0005961,Erin Mcdowell,North,Grocery,Bronze,3,1950,21.34,3.48,61.79,2024-06-25
TXN-0005962,Amy Ray,North,Home,Gold,4,1977,87.63,7.39,324.62,2025-09-07
TXN-0005963,Stephen Leon,East,Home,Gold,4,1949,126.39,12.06,444.59,2024-04-01
TXN-0005964,Christopher Bolton,South,Sports,Bronze,4,1965,76.14,8.79,277.79,2026-09-16
TXN-0005965,Erin Aguirre,West,Clothing,Silver,4,1989,61.79,8.98,224.97,2025-12-11
TXN-0005966,Valerie Rodriguez,South,Grocery,Gold,8,1966,14.06,14.14,96.58,2025-09-11
TXN-0005967,Peter Thompson,West,Home,Gold,7,2007,63.46,10.07,399.49,2025-01-30
TXN-0005968,Terri Davis,South,Electronics,Silver,4,1955,111.84,12.4,391.89,2026-09-02
TXN-0005969,Joseph Blevins,East,Electronics,Bronze,5,2001,129.1,3.09,625.55,2023-10-11
TXN-0005970,Steven Cannon,West,Home,Platinum,6,1971,57.48,11.88,303.91,2023-10-16
TXN-0005971,Wendy Horne,South,Clothing,Bronze,3,1986,105.75,0.0,317.25,2026-08-10
TXN-0005972,David Cruz,North,Grocery,Bronze,6,1967,16.16,2.96,94.09,2024-08-20
TXN-0005973,Michael Hendrix,East,Grocery,Bronze,6,1976,17.94,1.21,106.34,2025-05-09
TXN-0005974,Thomas Garcia,Central,Home,Silver,3,2007,60.23,10.79,161.19,2026-03-18
TXN-0005975,Jacqueline Ford,Central,Home,Bronze,5,1957,184.08,0.0,920.4,2024-03-02
TXN-0005976,Vanessa Boone,South,Home,Silver,5,1950,82.32,7.61,380.28,2025-02-14
TXN-0005977,Nancy Garcia,West,Home,Platinum,5,1979,73.23,17.8,300.98,2025-04-11
TXN-0005978,Ernest Kennedy,South,Grocery,Silver,4,1981,15.13,7.55,55.95,2026-05-06
TXN-0005979,Brandon Miller,North,Electronics,Platinum,2,2000,148.61,18.08,243.48,2024-11-04
TXN-0005980,Anita Wright,West,Sports,Gold,4,2007,67.43,13.21,234.09,2024-07-14
TXN-0005981,Martin Cox,East,Electronics,Gold,4,1981,99.89,18.28,326.52,2026-01-27
TXN-0005982,Tiffany Flores,East,Electronics,Silver,3,2003,216.21,1.47,639.1,2024-11-09
TXN-0005983,Anthony Parker,West,Grocery,Gold,3,1950,12.19,20.21,29.18,2024-09-30
TXN-0005984,Jeremy Miller,South,Electronics,Silver,3,1988,212.4,19.17,515.05,2024-11-19
TXN-0005985,Stephanie Jensen,West,Clothing,Bronze,3,1978,34.53,0.24,103.34,2025-09-29
TXN-0005986,Jennifer Austin,South,Electronics,Gold,7,1970,170.0,17.89,977.11,2026-05-07
TXN-0005987,Randy Flores,North,Grocery,Silver,3,1998,12.58,10.14,33.91,2025-03-13
TXN-0005988,Ryan Reynolds,South,Home,Gold,6,1990,69.76,15.69,352.89,2025-04-18
TXN-0005989,Elizabeth Travis,Central,Electronics,Bronze,5,1949,189.34,0.0,946.7,2024-07-09
TXN-0005990,Richard Harmon,East,Home,Bronze,3,2003,136.07,0.0,408.21,2025-11-10
TXN-0005991,Kevin Thomas,North,Electronics,Gold,6,1976,302.8,11.33,1610.96,2025-07-17
TXN-0005992,Shannon Harper,West,Sports,Silver,3,1979,85.46,5.51,242.25,2024-08-20
TXN-0005993,Anthony Parker,Central,Electronics,Silver,5,1956,159.69,2.7,776.89,2025-07-10
TXN-0005994,Luke Gross,Central,Home,Gold,7,1966,64.24,10.24,403.63,2026-09-20
TXN-0005995,Jason Garcia,East,Home,Silver,3,1989,48.11,10.52,129.15,2025-04-28
TXN-0005996,Janet Davidson,South,Home,Bronze,1,1945,111.82,7.41,103.53,2025-04-17
TXN-0005997,Anna Brown,East,Sports,Silver,4,1969,68.63,3.82,264.03,2025-06-11
TXN-0005998,Sara Park,West,Clothing,Bronze,1,1976,55.17,10.54,49.36,2024-12-05
TXN-0005999,Brandi Beck,West,Grocery,Silver,2,2002,15.66,1.98,30.7,2025-08-28
TXN-0006000,Patrick Sullivan,West,Clothing,Bronze,4,1950,42.78,0.0,171.12,2024-07-03
TXN-0006001,Roger Buckley,East,Grocery,Bronze,1,2000,22.81,0.0,22.81,2026-03-03
TXN-0006002,Bradley Cochran,North,Clothing,Platinum,6,1965,99.89,13.68,517.35,2024-04-18
TXN-0006003,Mark Jackson,East,Electronics,Bronze,1,1961,105.13,5.99,98.83,2026-03-10
TXN-0006004,Sara Carroll,North,Electronics,Gold,1,1984,83.04,11.32,73.64,2026-08-28
TXN-0006005,Charles Rice,North,Electronics,Silver,3,1972,147.37,6.84,411.87,2024-09-17
TXN-0006006,Kathleen Marsh,East,Sports,Bronze,5,1962,58.34,0.73,289.57,2024-03-01
TXN-0006007,Nichole Smith,West,Grocery,Platinum,2,1958,27.24,15.3,46.14,2024-11-20
TXN-0006008,Brenda Marsh,West,Clothing,Bronze,2,1959,65.66,0.0,131.32,2024-09-28
TXN-0006009,Taylor Schultz,West,Home,Silver,5,1959,174.74,0.0,873.7,2026-02-06
TXN-0006010,Peter Arnold MD,West,Grocery,Gold,4,1982,26.25,11.69,92.73,2025-07-30
TXN-0006011,Brooke Johnson,West,Clothing,Gold,8,1973,57.05,14.11,392.0,2025-05-11
TXN-0006012,Mary Durham,West,Clothing,Bronze,3,1949,57.92,0.0,173.76,2024-07-28
TXN-0006013,Gerald Snyder,North,Grocery,Gold,6,1959,20.64,4.59,118.16,2024-05-11
TXN-0006014,Robert Hawkins,East,Electronics,Platinum,4,2003,116.35,22.74,359.57,2024-05-17
TXN-0006015,Brianna Bailey,North,Home,Silver,2,1996,104.81,10.21,188.22,2025-10-01
TXN-0006016,Cody Love,North,Electronics,Silver,1,2006,258.5,1.53,254.54,2023-10-13
TXN-0006017,Michael Hunt,North,Electronics,Bronze,4,1988,128.26,0.0,513.04,2024-06-28
TXN-0006018,Maria Mccarthy,West,Grocery,Bronze,3,2007,16.54,4.16,47.56,2025-07-13
TXN-0006019,Mark Black,West,Grocery,Silver,4,1988,22.65,0.0,90.6,2025-11-12
TXN-0006020,James Roberts,Central,Sports,Bronze,3,1945,126.73,0.0,380.19,2024-04-23
TXN-0006021,Rick Decker,Central,Electronics,Silver,5,1979,123.39,11.55,545.69,2026-06-03
TXN-0006022,Jason Howard,Central,Grocery,Bronze,2,1945,19.61,0.0,39.22,2025-12-09
TXN-0006023,John Hayes,North,Sports,Bronze,5,1953,74.18,1.59,365.0,2026-01-04
TXN-0006024,Melissa Lawson,Central,Home,Silver,5,1951,81.77,2.31,399.41,2025-01-30
TXN-0006025,Mitchell Johnson,West,Sports,Bronze,5,1948,39.13,5.46,184.97,2025-10-22
TXN-0006026,Madison Stanton,Central,Sports,Silver,3,2002,57.8,6.15,162.74,2025-01-06
TXN-0006027,Erin Myers,North,Grocery,Silver,6,1955,11.71,9.99,63.24,2024-10-21
TXN-0006028,Christina Davis,North,Sports,Bronze,2,1999,71.55,0.0,143.1,2026-02-17
TXN-0006029,Mark Gomez,Central,Home,Bronze,3,1964,76.8,0.0,230.4,2026-02-26
TXN-0006030,Connie Hansen,North,Home,Bronze,2,1946,59.36,0.99,117.54,2023-12-11
TXN-0006031,Tammy Ramos,South,Sports,Silver,4,1966,68.32,3.44,263.88,2025-06-07
TXN-0006032,Hannah Terry,East,Grocery,Bronze,3,1949,34.58,0.0,103.74,2024-02-28
TXN-0006033,Lisa Gallegos,North,Electronics,Silver,2,1964,126.87,3.41,245.09,2026-09-04
TXN-0006034,James Haley,North,Clothing,Silver,6,1964,48.02,1.94,282.53,2024-06-07
TXN-0006035,Carl Pennington,Central,Clothing,Bronze,4,1948,50.81,4.1,194.91,2023-12-30
TXN-0006036,Allison Davis,Central,Grocery,Bronze,3,1962,13.95,3.05,40.57,2024-08-27
TXN-0006037,Nicholas Lee,Central,Electronics,Bronze,6,1952,92.11,0.0,552.66,2024-10-27
TXN-0006038,Thomas Olson,South,Clothing,Bronze,1,1945,103.6,7.63,95.7,2025-10-07
TXN-0006039,Mary West,South,Home,Bronze,5,1984,47.42,0.0,237.1,2026-06-02
TXN-0006040,Nicole Gilbert,South,Electronics,Platinum,1,1950,87.81,22.33,68.2,2024-02-24
TXN-0006041,Alan Murphy,East,Sports,Bronze,2,1988,97.48,0.0,194.96,2025-08-26
TXN-0006042,Monica Vincent,North,Home,Bronze,4,1987,43.93,0.35,175.1,2025-02-28
TXN-0006043,Rebecca Hubbard,West,Electronics,Gold,3,1998,209.56,5.87,591.78,2024-11-04
TXN-0006044,Kristin Sampson,Central,Clothing,Gold,1,1982,74.35,9.34,67.41,2025-04-10
TXN-0006045,Elizabeth Lawrence,East,Grocery,Silver,6,1971,13.6,7.82,75.22,2025-04-09
TXN-0006046,Debbie Lamb,South,Home,Silver,1,1967,91.32,7.41,84.55,2026-02-14
TXN-0006047,Tina Hall,South,Home,Bronze,5,1959,88.42,0.0,442.1,2026-02-10
TXN-0006048,Justin Chapman,North,Clothing,Gold,4,1960,41.49,12.54,145.15,2024-11-01
TXN-0006049,Tina Ortiz,South,Sports,Silver,2,1957,60.47,7.45,111.93,2025-03-15
TXN-0006050,Anthony Elliott,East,Grocery,Silver,2,1974,17.04,4.15,32.67,2023-10-28
TXN-0006051,Beth Cross,South,Grocery,Bronze,4,1985,15.29,3.75,58.87,2025-06-28
TXN-0006052,Robert Scott MD,East,Clothing,Silver,2,1985,67.28,6.87,125.32,2024-04-03
TXN-0006053,Robin Rice,West,Sports,Silver,2,1990,71.16,4.49,135.93,2025-03-26
TXN-0006054,Sandra Rivera,South,Grocery,Bronze,3,1964,21.08,7.78,58.32,2026-08-18
TXN-0006055,Brittany Macdonald,North,Clothing,Silver,1,2004,48.02,4.99,45.62,2026-04-25
TXN-0006056,Matthew Bates,North,Sports,Bronze,2,1953,93.83,0.0,187.66,2024-08-02
TXN-0006057,Shelia Moore,North,Sports,Gold,3,1989,102.19,15.84,258.01,2026-03-12
TXN-0006058,Michelle Santana,East,Grocery,Bronze,3,2002,9.0,3.57,26.04,2026-03-10
TXN-0006059,Ashley Robinson,West,Grocery,Gold,3,1997,20.55,5.28,58.39,2026-07-03
TXN-0006060,Daniel Kim,Central,Clothing,Silver,3,1952,43.13,0.0,129.39,2026-07-02
TXN-0006061,Grace Nichols,East,Home,Silver,3,1987,77.19,8.05,212.93,2026-01-11
TXN-0006062,Tom Henderson,South,Electronics,Bronze,1,1997,178.52,0.0,178.52,2024-06-25
TXN-0006063,Margaret Shaw,North,Home,Silver,7,1966,93.94,7.45,608.59,2024-12-13
TXN-0006064,Jennifer Nguyen,South,Clothing,Bronze,4,1980,50.68,0.0,202.72,2025-04-01
TXN-0006065,Karen Adams,South,Clothing,Bronze,2,1975,69.32,3.24,134.15,2025-02-14
TXN-0006066,Gabriel Andrews,Central,Sports,Bronze,4,1974,79.86,4.03,306.57,2026-08-08
TXN-0006067,Bobby Howard,East,Electronics,Bronze,5,1986,122.7,0.0,613.5,2025-11-28
TXN-0006068,Timothy Morris,South,Grocery,Gold,9,1961,26.44,8.86,216.88,2025-10-24
TXN-0006069,Richard Rivera,South,Clothing,Bronze,4,1964,79.83,6.97,297.06,2025-08-22
TXN-0006070,Tammy Graves,North,Electronics,Gold,7,1989,160.75,13.93,968.5,2024-01-27
TXN-0006071,Joshua Ellis III,Central,Electronics,Gold,4,1951,131.6,14.82,448.39,2025-05-11
TXN-0006072,Amy Fields,North,Clothing,Silver,3,1975,41.99,14.52,107.68,2026-05-08
TXN-0006073,Janice Clay,North,Home,Bronze,3,1992,161.63,5.55,457.98,2024-12-16
TXN-0006074,Jessica Morris,North,Clothing,Silver,2,1951,51.56,6.81,96.1,2025-09-17
TXN-0006075,Paul Wilson,West,Grocery,Gold,4,1961,18.94,8.45,69.36,2026-06-05
TXN-0006076,Katherine Scott,East,Home,Bronze,1,1996,104.33,6.2,97.86,2024-05-10
TXN-0006077,Louis Kelly,East,Electronics,Bronze,3,1977,60.85,6.29,171.07,2024-06-14
TXN-0006078,Randall Osborne,South,Clothing,Bronze,5,1988,39.92,2.46,194.69,2026-06-19
TXN-0006079,Stephen Carr,North,Electronics,Silver,3,1998,345.75,13.5,897.22,2025-03-05
TXN-0006080,Kyle Young,West,Electronics,Bronze,4,1993,60.12,2.99,233.29,2025-07-14
TXN-0006081,Susan Williams,North,Electronics,Bronze,4,1967,94.77,2.23,370.63,2026-06-04
TXN-0006082,Heather Gordon,North,Grocery,Silver,1,1959,15.38,11.2,13.66,2026-05-06
TXN-0006083,Russell Foster,East,Grocery,Silver,3,1986,12.72,8.73,34.83,2026-03-04
TXN-0006084,Andrew Blake,North,Grocery,Bronze,4,1965,13.84,4.67,52.77,2025-06-17
TXN-0006085,John Fowler,North,Grocery,Platinum,7,1962,12.01,12.47,73.59,2024-01-16
TXN-0006086,Douglas Martinez,West,Home,Bronze,3,1965,84.74,3.26,245.93,2024-01-28
TXN-0006087,Joshua Mcgee,East,Clothing,Bronze,2,1975,62.32,0.25,124.33,2024-06-05
TXN-0006088,Matthew Jackson,South,Electronics,Bronze,2,1955,184.08,0.02,368.09,2025-03-14
TXN-0006089,Juan Bradley,South,Home,Bronze,1,1959,67.5,1.17,66.71,2024-09-16
TXN-0006090,Dawn Pena,West,Clothing,Silver,1,2000,77.3,4.56,73.78,2025-01-26
TXN-0006091,Bradley Schultz,North,Clothing,Bronze,4,2001,57.82,4.51,220.85,2025-02-01
TXN-0006092,Amanda Smith,North,Sports,Gold,3,1968,109.11,8.76,298.66,2026-07-08
TXN-0006093,Thomas Spencer,East,Electronics,Gold,4,1949,176.98,6.65,660.84,2024-12-23
TXN-0006094,Scott Harrell,East,Electronics,Bronze,4,1964,146.0,1.46,575.47,2024-11-16
TXN-0006095,David Norton,Central,Sports,Gold,3,1971,69.03,17.65,170.54,2026-04-25
TXN-0006096,Jennifer Burgess,South,Clothing,Silver,3,1974,62.22,5.14,177.07,2026-06-25
TXN-0006097,Gregory Green,North,Clothing,Gold,8,1968,85.56,12.05,602.0,2025-06-03
TXN-0006098,Alan Sanchez,East,Electronics,Bronze,5,2005,167.16,0.97,827.69,2024-11-22
TXN-0006099,James Gilbert,East,Clothing,Silver,3,1995,59.17,15.79,149.48,2025-08-19
TXN-0006100,Scott Velazquez,North,Sports,Bronze,3,1968,91.4,5.28,259.72,2025-04-14
TXN-0006101,Jennifer Graves,East,Grocery,Bronze,5,2007,9.67,0.0,48.35,2026-03-27
TXN-0006102,Anthony Cook II,North,Home,Gold,6,2003,54.55,12.26,287.17,2025-12-15
TXN-0006103,Sarah Evans,West,Clothing,Bronze,3,1966,59.36,0.0,178.08,2025-08-27
TXN-0006104,Ashley Vazquez,West,Clothing,Silver,6,2003,39.36,13.51,204.25,2025-07-02
TXN-0006105,Samantha Bailey,South,Home,Bronze,2,2003,82.05,0.0,164.1,2024-06-13
TXN-0006106,Mark Vega,Central,Clothing,Gold,4,1965,54.74,9.56,198.03,2024-07-09
TXN-0006107,Holly Williams,Central,Electronics,Bronze,2,1964,372.27,5.09,706.64,2023-11-02
TXN-0006108,Dr. Tiffany Booker,North,Grocery,Bronze,3,1982,16.92,7.95,46.72,2024-04-09
TXN-0006109,Sarah Banks,South,Grocery,Silver,5,1996,8.59,6.93,39.97,2024-09-26
TXN-0006110,Kristin Valencia,East,Sports,Bronze,2,1985,80.55,1.02,159.46,2026-07-22
TXN-0006111,Jordan Baxter,North,Grocery,Bronze,5,1983,25.7,2.12,125.78,2024-10-22
TXN-0006112,Ann Moore,South,Home,Silver,6,1963,108.43,7.26,603.35,2026-09-20
TXN-0006113,David Dunlap,South,Grocery,Platinum,5,1989,21.18,27.35,76.94,2024-01-30
TXN-0006114,John Hunt,Central,Sports,Gold,5,2007,57.95,14.53,247.65,2024-08-20
TXN-0006115,James Griffin,South,Electronics,Bronze,2,1996,138.11,0.7,274.29,2024-06-13
TXN-0006116,Sandra Guerra,West,Clothing,Bronze,5,1982,40.86,3.39,197.37,2025-06-05
TXN-0006117,Angela Harrington,South,Electronics,Gold,3,1950,123.71,16.28,310.71,2024-03-06
TXN-0006118,Laura Garcia,North,Sports,Bronze,2,1990,69.72,0.0,139.44,2024-02-23
TXN-0006119,Joy Brooks,West,Sports,Gold,7,1980,103.49,13.89,623.81,2024-01-05
TXN-0006120,Kenneth Watts,North,Grocery,Silver,2,1988,49.34,7.08,91.69,2025-10-02
TXN-0006121,Ricky Munoz,North,Clothing,Gold,3,1987,57.9,8.97,158.12,2026-01-26
TXN-0006122,Daniel Garcia,South,Sports,Bronze,2,1959,90.62,0.51,180.32,2023-12-20
TXN-0006123,Lisa Thompson,West,Electronics,Platinum,5,1980,68.78,18.31,280.93,2023-11-07
TXN-0006124,Olivia Holmes,South,Electronics,Bronze,4,1982,137.18,0.26,547.29,2025-06-05
TXN-0006125,Mary Alvarez,North,Home,Silver,5,1977,153.84,13.55,664.97,2025-12-19
TXN-0006126,Jeffrey Gray,South,Grocery,Bronze,3,1999,18.6,2.07,54.64,2024-02-04
TXN-0006127,Steven Olson,South,Sports,Silver,7,1984,72.3,8.21,464.55,2024-03-07
TXN-0006128,Eric Salazar,North,Clothing,Bronze,6,1993,151.81,4.3,871.69,2024-11-08
TXN-0006129,Michelle Fowler,East,Clothing,Bronze,4,1987,83.41,1.77,327.73,2026-05-15
TXN-0006130,William Reynolds,North,Home,Silver,3,1973,117.9,5.44,334.46,2024-05-26
TXN-0006131,Johnathan Rogers,South,Electronics,Bronze,3,1986,156.48,7.22,435.55,2024-02-05
TXN-0006132,Justin Sampson,East,Grocery,Platinum,5,1979,19.8,25.24,74.01,2026-07-11
TXN-0006133,Sandra Baker,West,Clothing,Gold,2,1982,116.23,16.17,194.87,2025-05-25
TXN-0006134,Stephanie Tucker,South,Electronics,Silver,5,1985,349.5,6.61,1631.99,2025-01-20
TXN-0006135,Melissa Evans,South,Clothing,Silver,2,1981,45.57,8.23,83.64,2024-09-18
TXN-0006136,Daniel Wheeler,South,Grocery,Bronze,4,1968,10.2,0.0,40.8,2024-10-16
TXN-0006137,Zachary Beck,Central,Grocery,Bronze,1,1988,18.31,2.35,17.88,2024-12-12
TXN-0006138,Travis Schneider,North,Electronics,Bronze,2,1965,209.03,0.0,418.06,2025-08-16
TXN-0006139,Scott Miranda,North,Electronics,Silver,3,1980,301.07,9.79,814.79,2026-05-28
TXN-0006140,Deborah Alvarado,East,Sports,Gold,6,1973,72.29,18.76,352.37,2024-04-11
TXN-0006141,Mary Benson,North,Home,Bronze,4,1979,79.66,0.0,318.64,2024-04-18
TXN-0006142,Mr. Tommy Mcdonald,North,Clothing,Bronze,5,2007,81.17,8.14,372.81,2025-12-24
TXN-0006143,Jennifer Garcia,North,Electronics,Bronze,3,1983,115.83,4.19,332.93,2024-06-19
TXN-0006144,Matthew Simon,East,Sports,Silver,2,1989,69.02,4.28,132.13,2023-11-11
TXN-0006145,Brandon Ferguson PhD,East,Grocery,Bronze,3,1968,18.03,2.89,52.53,2023-11-21
TXN-0006146,Daniel Ortega,West,Electronics,Bronze,5,1953,156.04,7.38,722.62,2026-07-24
TXN-0006147,Scott Herrera,West,Electronics,Bronze,4,2005,250.36,6.34,937.95,2025-04-04
TXN-0006148,Hannah Smith,South,Electronics,Bronze,6,1952,192.98,6.23,1085.74,2025-02-14
TXN-0006149,Nicole Floyd,Central,Clothing,Silver,2,1985,45.52,5.7,85.85,2025-10-06
TXN-0006150,Katelyn Harper,West,Electronics,Platinum,6,1953,147.35,16.72,736.28,2025-09-22
TXN-0006151,Heidi Mason,West,Electronics,Bronze,5,1990,425.98,1.99,2087.51,2026-01-14
TXN-0006152,Jennifer Moore,West,Electronics,Bronze,5,2000,96.53,2.42,470.97,2024-11-24
TXN-0006153,Kiara Stout,South,Clothing,Bronze,2,1946,28.5,1.25,56.29,2026-01-27
TXN-0006154,Autumn Lee,South,Home,Gold,4,1954,58.29,10.86,207.84,2025-08-19
TXN-0006155,Daniel Fitzgerald,South,Home,Silver,4,1974,100.11,3.47,386.54,2024-04-24
TXN-0006156,Margaret Wallace,North,Grocery,Silver,5,1973,26.8,9.49,121.28,2026-09-15
TXN-0006157,John King,East,Clothing,Silver,5,1953,52.83,4.53,252.18,2026-01-12
TXN-0006158,Yolanda Wallace,North,Sports,Platinum,5,1985,61.57,22.82,237.6,2024-06-29
TXN-0006159,Dawn Werner,North,Sports,Bronze,4,1961,58.0,0.95,229.8,2026-04-02
TXN-0006160,Katherine Pacheco,Central,Sports,Bronze,3,1996,40.89,1.66,120.63,2026-04-13
TXN-0006161,Danielle Carter,West,Electronics,Bronze,5,1963,280.05,0.0,1400.25,2025-09-06
TXN-0006162,Michelle Armstrong,East,Clothing,Silver,3,1965,51.24,8.4,140.81,2026-06-04
TXN-0006163,Kelly Robinson DVM,South,Home,Bronze,3,1987,97.29,1.03,288.86,2026-06-11
TXN-0006164,Randall Johnson,East,Electronics,Gold,4,1959,215.66,9.23,783.02,2026-02-20
TXN-0006165,Connor Summers,Central,Electronics,Silver,3,1962,259.97,6.2,731.56,2025-08-03
TXN-0006166,Blake Bailey,West,Electronics,Platinum,5,1951,147.84,16.98,613.68,2025-12-19
TXN-0006167,Mary Williams,East,Home,Platinum,6,1958,65.4,14.48,335.58,2026-06-17
TXN-0006168,Paul Bentley,East,Grocery,Silver,2,1950,17.86,9.64,32.28,2026-06-17
TXN-0006169,Richard Nelson,South,Clothing,Gold,6,1952,52.52,8.98,286.82,2026-01-04
TXN-0006170,Joshua Haynes,West,Sports,Silver,3,1954,61.7,8.59,169.2,2025-01-21
TXN-0006171,Joseph Edwards,Central,Grocery,Bronze,1,1981,11.57,10.0,10.41,2025-03-20
TXN-0006172,Steven Moore,South,Electronics,Silver,2,1988,183.34,3.71,353.08,2025-10-15
TXN-0006173,Holly Cochran,South,Clothing,Platinum,4,1978,87.46,21.63,274.17,2026-01-13
TXN-0006174,Joshua Moody,South,Electronics,Gold,3,1949,295.39,11.58,783.55,2024-09-14
TXN-0006175,Jill Rhodes,South,Sports,Silver,5,2007,57.56,7.87,265.15,2024-02-14
TXN-0006176,Craig Patterson,Central,Grocery,Bronze,4,1985,33.31,0.0,133.24,2025-08-14
TXN-0006177,Mrs. Megan Kelly DDS,West,Grocery,Gold,4,1999,12.25,14.43,41.93,2025-01-18
TXN-0006178,John Gibson,South,Grocery,Bronze,1,1999,18.97,2.37,18.52,2025-04-18
TXN-0006179,Joshua Nelson,South,Clothing,Silver,8,1967,79.3,15.44,536.45,2025-06-29
TXN-0006180,Daniel Owen,South,Sports,Silver,5,1977,91.0,0.0,455.0,2024-11-04
TXN-0006181,Nicole Salazar,North,Sports,Silver,1,1949,122.94,5.31,116.41,2024-05-26
TXN-0006182,Colton Munoz,East,Grocery,Bronze,5,2004,12.57,3.6,60.59,2025-01-11
TXN-0006183,Emily Vasquez,West,Home,Silver,4,2007,84.43,10.08,303.68,2023-10-14
TXN-0006184,Lucas Reynolds,West,Electronics,Bronze,6,1974,149.02,1.57,880.08,2023-09-28
TXN-0006185,Tammy Edwards,North,Electronics,Bronze,1,1989,238.39,6.43,223.06,2025-12-18
TXN-0006186,Monica Gutierrez,West,Electronics,Bronze,5,1974,147.55,2.23,721.3,2024-04-26
TXN-0006187,Stacey Sampson,West,Home,Silver,6,1957,97.67,7.48,542.19,2025-03-15
TXN-0006188,Victor Gonzalez,South,Grocery,Bronze,4,1954,16.44,0.0,65.76,2024-12-16
TXN-0006189,Valerie Contreras,East,Sports,Bronze,1,2001,85.13,4.05,81.68,2025-09-25
TXN-0006190,Suzanne Nunez,East,Electronics,Gold,5,1984,123.01,18.31,502.43,2026-01-06
TXN-0006191,Jackson Fuller,West,Clothing,Silver,6,1957,37.17,3.53,215.15,2023-10-10
TXN-0006192,Kristina Hernandez,North,Electronics,Gold,8,1992,134.38,11.45,951.95,2026-08-31
TXN-0006193,Kayla Mccann,North,Sports,Silver,5,2004,54.39,2.04,266.4,2025-10-31
TXN-0006194,Travis Caldwell,East,Grocery,Bronze,3,1957,16.77,3.63,48.48,2025-10-08
TXN-0006195,Nicholas Pacheco,North,Home,Gold,6,1961,118.32,12.43,621.68,2025-01-05
TXN-0006196,Michelle Marsh,South,Home,Bronze,3,1983,56.35,4.84,160.87,2023-10-12
TXN-0006197,Jonathon Gallagher,West,Home,Platinum,6,1955,77.86,19.73,374.99,2025-07-27
TXN-0006198,Todd Garcia,North,Clothing,Bronze,3,1971,117.56,1.66,346.83,2024-12-26
TXN-0006199,Megan Krueger,East,Electronics,Gold,2,1985,85.37,12.78,148.92,2026-04-12
TXN-0006200,Carol Baker,Central,Clothing,Silver,4,2006,37.2,7.59,137.51,2024-09-21
TXN-0006201,Erica Moore,East,Clothing,Gold,2,2002,61.14,13.08,106.29,2023-10-09
TXN-0006202,Thomas Richards,East,Home,Bronze,2,1949,51.34,3.49,99.1,2026-01-26
TXN-0006203,Kimberly Shaffer,East,Clothing,Silver,1,1981,52.53,12.0,46.23,2025-04-30
TXN-0006204,Gary Montgomery,North,Grocery,Bronze,4,1969,32.33,5.41,122.32,2024-07-16
TXN-0006205,William Blake,North,Home,Gold,6,1959,72.3,19.15,350.73,2025-06-28
TXN-0006206,Dennis Soto,West,Home,Bronze,3,1971,65.78,0.0,197.34,2026-02-14
TXN-0006207,Jaime Lewis,South,Sports,Silver,1,2006,42.42,4.35,40.57,2025-08-07
TXN-0006208,Robert Ramirez,South,Clothing,Silver,5,1974,40.41,10.88,180.07,2025-06-02
TXN-0006209,Ashley Davis,North,Home,Silver,5,1982,82.74,3.46,399.39,2024-10-20
TXN-0006210,Kim Horn,West,Electronics,Gold,5,1964,337.75,18.67,1373.46,2024-06-07
TXN-0006211,Grace Lewis,North,Grocery,Silver,3,2003,16.86,5.21,47.94,2026-06-27
TXN-0006212,Chelsea Burch,West,Home,Bronze,5,1962,85.72,1.49,422.21,2025-05-25
TXN-0006213,Brianna Harris,South,Electronics,Gold,4,1959,157.3,11.7,555.58,2025-05-07
TXN-0006214,Maria Garcia,East,Electronics,Silver,5,1967,117.89,7.04,547.95,2024-09-04
TXN-0006215,Jill Bean,South,Grocery,Silver,4,1962,7.88,12.8,27.49,2024-11-09
TXN-0006216,Eric Garcia,North,Grocery,Bronze,1,1955,29.83,6.61,27.86,2024-01-29
TXN-0006217,Diana Crawford,East,Grocery,Silver,3,1988,22.23,13.85,57.45,2025-07-14
TXN-0006218,James Taylor,West,Clothing,Gold,5,1953,81.12,20.99,320.46,2026-05-26
TXN-0006219,Benjamin Stanley,North,Home,Gold,5,1955,97.71,11.4,432.86,2024-10-04
TXN-0006220,David Adams,South,Home,Platinum,6,2001,135.02,16.46,676.77,2025-12-08
TXN-0006221,Brent Lopez,East,Electronics,Silver,6,1952,93.22,7.57,516.98,2026-05-07
TXN-0006222,Daniel Price,South,Home,Bronze,1,1976,91.61,3.14,88.73,2026-09-09
TXN-0006223,Jordan Johns,East,Home,Silver,4,2003,107.81,1.84,423.31,2026-08-26
TXN-0006224,Eddie Velez,North,Grocery,Bronze,2,1994,28.56,4.78,54.39,2024-11-23
TXN-0006225,Kenneth Esparza,East,Clothing,Silver,4,2000,63.62,3.36,245.93,2024-12-13
TXN-0006226,Karen Rodriguez,North,Clothing,Bronze,3,1966,63.64,0.57,189.83,2026-07-01
TXN-0006227,Patricia Bennett,East,Sports,Platinum,5,2007,81.18,22.6,314.17,2026-01-01
TXN-0006228,Jacqueline Webb,South,Sports,Bronze,2,2003,44.7,3.66,86.13,2024-11-18
TXN-0006229,Melissa Jones,East,Clothing,Bronze,1,1969,44.68,2.26,43.67,2025-06-30
TXN-0006230,Tyler Porter,South,Sports,Gold,2,1996,62.86,13.85,108.31,2024-07-16
TXN-0006231,Joshua Singleton,Central,Electronics,Bronze,2,1949,214.17,4.3,409.92,2024-01-12
TXN-0006232,Anthony Evans,East,Grocery,Bronze,2,2005,21.55,0.0,43.1,2024-07-07
TXN-0006233,Robin Walker,West,Electronics,Silver,3,1965,271.05,8.15,746.88,2024-04-27
TXN-0006234,Ronald Martin,South,Clothing,Platinum,2,1993,65.25,19.99,104.41,2024-12-20
TXN-0006235,Martha Flynn,South,Sports,Bronze,5,1960,69.61,2.48,339.42,2024-03-17
TXN-0006236,Jeffrey Evans,North,Electronics,Bronze,3,1990,250.65,6.05,706.46,2026-06-13
TXN-0006237,Angela Johnson,South,Grocery,Bronze,2,1994,11.64,3.01,22.58,2025-09-04
TXN-0006238,Melinda Hall,West,Home,Silver,3,1982,81.29,11.98,214.65,2026-05-14
TXN-0006239,Jasmine Buck,West,Electronics,Bronze,2,1946,114.86,0.27,229.1,2025-08-31
TXN-0006240,Laura Sanford,East,Sports,Silver,4,1995,50.66,6.68,189.1,2024-11-23
TXN-0006241,Nicole Brewer,East,Home,Silver,5,2004,61.53,1.67,302.51,2026-09-20
TXN-0006242,Carlos Olsen,North,Sports,Gold,3,1964,59.5,9.63,161.31,2026-05-22
TXN-0006243,Dr. Linda Fleming MD,North,Grocery,Silver,6,2006,19.24,5.69,108.87,2025-10-31
TXN-0006244,Scott Hansen,West,Electronics,Silver,4,1949,141.52,8.66,517.06,2024-07-15
TXN-0006245,James Gardner,North,Clothing,Silver,4,1969,60.23,5.25,228.27,2025-02-07
TXN-0006246,Julie Smith,North,Clothing,Bronze,2,1967,59.43,0.0,118.86,2023-10-28
TXN-0006247,Bruce Rivera,Central,Home,Bronze,1,1984,39.72,3.21,38.44,2024-05-21
TXN-0006248,Kyle Walsh,Central,Electronics,Silver,3,1993,168.9,1.17,500.77,2023-12-14
TXN-0006249,Charles Baxter,East,Clothing,Bronze,3,1997,42.3,0.0,126.9,2026-01-06
TXN-0006250,Jennifer Smith,South,Grocery,Bronze,3,1951,10.13,0.0,30.39,2023-11-01
TXN-0006251,Jay Moss,West,Electronics,Bronze,4,2000,173.2,3.38,669.38,2024-07-12
TXN-0006252,Krista Hicks,South,Grocery,Bronze,3,2001,18.41,0.0,55.23,2024-03-04
TXN-0006253,Donald Smith,South,Home,Bronze,5,1967,94.76,2.34,462.71,2024-12-09
TXN-0006254,Tanya Hall,South,Electronics,Silver,4,1978,203.95,9.62,737.32,2024-11-19
TXN-0006255,Isabel Hall,Central,Electronics,Gold,2,1982,126.05,14.65,215.17,2024-04-09
TXN-0006256,Elizabeth Fleming,Central,Electronics,Bronze,4,1995,113.05,8.05,415.8,2025-08-09
TXN-0006257,Angela Russell,West,Home,Gold,3,1967,88.72,13.57,230.04,2023-10-10
TXN-0006258,Stephen Nguyen,North,Electronics,Bronze,4,1977,136.1,6.99,506.35,2024-09-23
TXN-0006259,Eric Hull,East,Grocery,Platinum,4,1988,46.29,22.19,144.07,2024-02-15
TXN-0006260,Daniel Vaughn,South,Grocery,Silver,5,1998,17.02,5.63,80.31,2024-05-19
TXN-0006261,Alexander Martin,Central,Electronics,Silver,3,1965,158.24,3.64,457.44,2023-10-20
TXN-0006262,Anthony Morton,North,Sports,Silver,6,2007,54.44,7.57,301.91,2025-11-02
TXN-0006263,Thomas Sanchez,North,Sports,Silver,2,1998,51.33,2.46,100.13,2024-08-30
TXN-0006264,Gary Palmer,West,Electronics,Bronze,2,1995,87.7,1.24,173.23,2025-03-12
TXN-0006265,Michelle Knight,East,Sports,Bronze,2,1982,65.43,1.49,128.91,2025-07-11
TXN-0006266,Daniel Morton,West,Clothing,Platinum,5,2000,49.98,24.13,189.6,2025-01-24
TXN-0006267,Jordan Vasquez,North,Grocery,Gold,4,1994,25.78,10.52,92.27,2025-11-10
TXN-0006268,Scott Lyons Jr.,West,Electronics,Silver,5,1996,142.82,8.55,653.04,2025-04-26
TXN-0006269,Jonathan Solomon,North,Grocery,Gold,3,1950,15.2,9.6,41.22,2025-09-17
TXN-0006270,Elizabeth Anderson,North,Grocery,Bronze,3,1973,19.0,5.03,54.13,2026-09-14
TXN-0006271,Melissa Smith,East,Sports,Silver,5,1998,70.09,12.3,307.34,2023-11-16
TXN-0006272,James Fernandez,South,Sports,Silver,5,1967,101.56,4.1,486.98,2025-02-22
TXN-0006273,Mark Peters,East,Electronics,Bronze,4,1969,255.93,2.5,998.13,2024-01-30
TXN-0006274,David Cruz,North,Grocery,Gold,4,1980,17.17,22.07,53.52,2024-05-11
TXN-0006275,Peter Chavez,North,Clothing,Gold,8,1992,37.81,10.41,270.99,2023-12-24
TXN-0006276,Judith Glenn,West,Electronics,Gold,5,1957,146.82,7.91,676.03,2024-11-14
TXN-0006277,Antonio Hughes,South,Electronics,Silver,6,1985,166.33,7.79,920.24,2025-05-29
TXN-0006278,Frederick Finley,West,Sports,Bronze,2,1972,45.14,0.0,90.28,2024-01-16
TXN-0006279,Tara Lloyd,West,Grocery,Gold,5,2004,15.69,14.31,67.22,2026-01-18
TXN-0006280,Mark Wilkinson,North,Electronics,Bronze,5,1953,91.39,5.05,433.87,2025-09-27
TXN-0006281,Margaret Kennedy,West,Sports,Gold,4,1948,83.78,9.42,303.55,2024-07-06
TXN-0006282,Darren Thompson,South,Grocery,Bronze,4,1963,11.79,0.0,47.16,2024-07-22
TXN-0006283,Jennifer Poole,South,Clothing,Gold,10,2004,47.38,16.59,395.2,2024-10-20
TXN-0006284,Felicia Fischer,North,Home,Silver,2,1989,82.31,13.07,143.1,2025-05-12
TXN-0006285,Dr. Zachary Peterson DDS,West,Grocery,Bronze,2,1971,11.07,0.93,21.93,2023-10-17
TXN-0006286,Douglas Ferguson,East,Grocery,Bronze,2,1949,17.65,6.84,32.89,2024-04-04
TXN-0006287,Eric Marks,East,Home,Silver,4,1983,59.58,13.18,206.91,2024-10-18
TXN-0006288,Robert Anthony,Central,Home,Bronze,4,2003,146.32,4.5,558.94,2025-05-17
TXN-0006289,Wanda Hughes,South,Electronics,Gold,1,1992,246.71,13.49,213.43,2025-08-16
TXN-0006290,Sarah Martin,Central,Home,Bronze,6,1948,131.5,4.38,754.44,2024-10-15
TXN-0006291,Kristopher Allison,West,Clothing,Bronze,2,1999,56.09,5.05,106.51,2023-11-19
TXN-0006292,Heather Riley,Central,Clothing,Bronze,2,1960,59.99,0.0,119.98,2024-08-02
TXN-0006293,Rebekah Gutierrez,Central,Clothing,Bronze,1,1994,50.09,1.59,49.29,2025-09-12
TXN-0006294,Brian Webb,Central,Home,Bronze,4,2005,105.22,0.0,420.88,2024-02-20
TXN-0006295,Kaitlyn Parker MD,North,Clothing,Gold,4,1966,94.53,9.84,340.91,2025-12-15
TXN-0006296,Patrick Barnes,West,Clothing,Silver,2,1999,37.83,8.12,69.52,2026-07-28
TXN-0006297,Jorge Tyler,West,Electronics,Gold,6,1983,180.89,12.66,947.94,2024-08-16
TXN-0006298,James Ray,East,Sports,Bronze,3,1951,39.91,2.12,117.19,2025-10-01
TXN-0006299,George Harding,South,Electronics,Bronze,3,1969,134.21,1.55,396.39,2025-05-24
TXN-0006300,Olivia Carpenter,Central,Clothing,Bronze,3,1999,52.15,1.35,154.34,2026-08-21
TXN-0006301,Deanna Jennings,South,Electronics,Silver,3,1970,173.3,6.96,483.71,2025-01-24
TXN-0006302,Hannah Butler,East,Grocery,Bronze,3,1998,22.11,7.47,61.38,2025-02-10
TXN-0006303,Jamie Lawrence,East,Clothing,Bronze,2,1973,84.3,4.27,161.4,2024-05-31
TXN-0006304,Tammy Finley,North,Clothing,Silver,1,1975,32.65,3.72,31.44,2026-06-01
TXN-0006305,Jennifer Robinson,West,Grocery,Bronze,8,2006,23.65,0.45,188.35,2023-12-02
TXN-0006306,Jason Kelley,North,Grocery,Silver,2,1999,32.8,9.4,59.43,2026-01-28
TXN-0006307,Randall Ramos,West,Home,Silver,5,1999,76.54,6.06,359.51,2025-12-15
TXN-0006308,Jesus Carlson,West,Home,Silver,3,1975,73.26,8.8,200.44,2024-04-04
TXN-0006309,Peter Harris,South,Sports,Bronze,3,1984,78.21,1.92,230.13,2024-10-25
TXN-0006310,Samantha Thomas,West,Sports,Silver,5,1954,71.14,7.74,328.17,2025-10-14
TXN-0006311,John White,North,Grocery,Bronze,2,2000,16.68,6.46,31.2,2026-06-15
TXN-0006312,Olivia Wallace,West,Grocery,Bronze,1,1959,29.74,3.41,28.73,2025-01-04
TXN-0006313,Angela Potts,Central,Sports,Bronze,2,1946,172.33,8.77,314.43,2024-08-01
TXN-0006314,Virginia Martinez,North,Sports,Bronze,7,1965,66.93,0.0,468.51,2025-04-09
TXN-0006315,Jennifer Lopez,West,Electronics,Silver,2,1965,359.4,3.79,691.56,2023-12-17
TXN-0006316,Jennifer Rasmussen,East,Sports,Gold,3,1966,66.22,14.39,170.07,2026-07-29
TXN-0006317,Carol Harris,East,Grocery,Gold,4,1956,23.46,12.25,82.34,2024-08-31
TXN-0006318,Michael Parsons,West,Home,Bronze,3,1991,62.41,2.47,182.61,2024-03-21
TXN-0006319,Charles Jensen,East,Clothing,Bronze,3,1954,40.37,3.26,117.16,2024-09-28
TXN-0006320,Darlene Gray,East,Clothing,Bronze,1,1958,49.08,0.0,49.08,2026-06-07
TXN-0006321,Robin Preston,South,Grocery,Platinum,5,1993,24.08,12.37,105.51,2025-08-02
TXN-0006322,Tiffany Gray,South,Grocery,Bronze,2,1992,19.36,4.52,36.97,2025-02-13
TXN-0006323,Mrs. Cristina Stark,West,Electronics,Silver,3,2006,89.97,1.98,264.57,2023-10-21
TXN-0006324,Gregg Anderson,North,Home,Bronze,3,1979,56.44,0.22,168.95,2024-06-13
TXN-0006325,Joshua Myers,East,Electronics,Gold,3,1961,87.38,12.39,229.66,2024-11-29
TXN-0006326,Linda Davis,North,Home,Silver,1,1982,100.57,6.71,93.82,2026-03-24
TXN-0006327,Dana Baldwin,West,Home,Bronze,2,1951,94.75,4.74,180.52,2024-03-31
TXN-0006328,Richard Hensley,East,Home,Silver,5,1989,94.12,9.33,426.69,2025-06-03
TXN-0006329,Joseph Clayton,South,Electronics,Silver,2,1971,166.7,7.83,307.29,2024-10-09
TXN-0006330,Joseph Chan,South,Electronics,Silver,3,1994,122.67,8.99,334.93,2023-10-11
TXN-0006331,Brian Nixon,South,Clothing,Platinum,3,1963,58.34,16.4,146.32,2023-12-02
TXN-0006332,Pamela Meyer,Central,Home,Gold,3,1969,148.6,10.37,399.57,2026-03-18
TXN-0006333,Christopher Bell,East,Sports,Silver,3,1967,91.5,19.59,220.73,2026-09-05
TXN-0006334,Charles Pham,East,Grocery,Platinum,8,1988,11.95,20.53,75.97,2025-10-05
TXN-0006335,William Ortiz,West,Grocery,Gold,3,1986,16.01,16.08,40.31,2026-09-01
TXN-0006336,Tracy Diaz PhD,South,Clothing,Bronze,3,1947,44.13,0.0,132.39,2026-04-11
TXN-0006337,Scott Bean,South,Electronics,Gold,2,2001,217.79,15.57,367.76,2024-05-25
TXN-0006338,Marcia Griffin,South,Sports,Silver,6,1993,51.79,6.11,291.75,2025-04-26
TXN-0006339,Michael Williams,North,Home,Silver,7,1995,95.88,5.14,636.66,2024-02-14
TXN-0006340,Tiffany Jackson,West,Electronics,Silver,3,1993,141.84,13.16,369.52,2024-10-18
TXN-0006341,Benjamin Castillo,Central,Home,Gold,4,1968,68.53,18.39,223.71,2024-05-29
TXN-0006342,Anna Novak,Central,Grocery,Gold,3,2006,19.35,12.9,50.56,2025-11-12
TXN-0006343,Kristin Brandt,Central,Clothing,Bronze,3,1992,50.88,2.86,148.27,2024-02-16
TXN-0006344,Tiffany Rowe,East,Electronics,Silver,4,1956,207.56,5.68,783.08,2026-08-28
TXN-0006345,Kimberly Kennedy,South,Home,Silver,4,1962,75.85,3.01,294.27,2026-05-16
TXN-0006346,Karen Gillespie,East,Electronics,Gold,3,1953,105.74,13.33,274.93,2025-03-06
TXN-0006347,Christina Salinas,Central,Clothing,Silver,4,1992,51.15,7.87,188.5,2026-05-26
TXN-0006348,Robert Shaffer,West,Grocery,Bronze,2,2003,19.65,5.69,37.06,2023-12-30
TXN-0006349,Rebecca Thompson,East,Sports,Bronze,6,1992,92.86,4.09,534.37,2023-12-29
TXN-0006350,Kara Estrada,West,Clothing,Bronze,2,1966,51.53,0.0,103.06,2025-04-02
TXN-0006351,Eric Simmons,West,Electronics,Bronze,2,2000,214.91,0.0,429.82,2026-06-25
TXN-0006352,Philip Weaver,Central,Home,Bronze,3,1983,56.28,0.91,167.3,2024-05-24
TXN-0006353,Kaitlin Smith,West,Clothing,Bronze,3,1969,77.5,0.0,232.5,2026-09-21
TXN-0006354,Andrew Rose,South,Sports,Gold,3,2005,91.53,12.67,239.8,2026-01-08
TXN-0006355,Michael Hernandez,South,Grocery,Bronze,1,1976,15.41,3.6,14.86,2024-03-12
TXN-0006356,Michael Cross,East,Clothing,Bronze,4,1987,79.38,3.18,307.42,2024-04-10
TXN-0006357,April Cummings,South,Grocery,Gold,2,1981,20.07,11.47,35.54,2025-10-24
TXN-0006358,Edward Valentine Jr.,Central,Clothing,Bronze,2,1961,86.0,3.48,166.01,2024-09-23
TXN-0006359,Jonathan Taylor,East,Home,Silver,3,1990,68.57,11.95,181.13,2025-02-01
TXN-0006360,Andrea Oneill,East,Sports,Gold,3,1952,59.06,14.47,151.54,2026-02-11
TXN-0006361,Jason Baxter,South,Electronics,Bronze,3,1972,193.95,3.35,562.36,2026-06-25
TXN-0006362,Patrick Chan,East,Clothing,Silver,1,1966,56.31,5.18,53.39,2025-03-20
TXN-0006363,Jared Becker,East,Sports,Bronze,6,1998,45.31,2.65,264.66,2025-08-09
TXN-0006364,Donald Bryan,North,Home,Silver,5,1987,173.18,12.42,758.36,2024-07-23
TXN-0006365,Nathan Brown,West,Clothing,Silver,6,1968,101.54,6.88,567.32,2023-10-31
TXN-0006366,Pamela Carter,South,Electronics,Bronze,4,2004,171.09,0.97,677.72,2026-09-02
TXN-0006367,Teresa Lopez,South,Clothing,Silver,2,1999,43.25,11.36,76.67,2025-05-06
TXN-0006368,Walter Romero,South,Home,Silver,2,1949,71.33,6.55,133.32,2025-04-06
TXN-0006369,Steven Barker II,East,Clothing,Bronze,2,1984,62.97,4.22,120.63,2024-04-24
TXN-0006370,Maria Simmons,West,Clothing,Bronze,3,1972,90.93,2.88,264.93,2024-10-21
TXN-0006371,Sharon Rogers,Central,Clothing,Silver,3,1948,138.82,8.97,379.1,2023-11-28
TXN-0006372,Brittany Taylor,North,Home,Bronze,4,1995,80.99,5.09,307.47,2025-10-20
TXN-0006373,Mr. Matthew Peterson,Central,Sports,Silver,4,1964,66.21,11.62,234.07,2025-08-07
TXN-0006374,Lisa Stevens,West,Home,Gold,4,2000,84.94,16.88,282.41,2026-02-12
TXN-0006375,Andrew Rodriguez,South,Home,Gold,3,1971,103.84,18.27,254.61,2024-12-28
TXN-0006376,Lee Boone,South,Grocery,Bronze,2,1998,13.35,1.29,26.36,2026-01-18
TXN-0006377,Mr. Luis Bell,South,Electronics,Silver,3,1987,99.31,2.95,289.14,2026-09-14
TXN-0006378,Amber Allison,Central,Clothing,Silver,2,1993,50.69,6.62,94.67,2025-10-28
TXN-0006379,Nathaniel Gomez,South,Electronics,Silver,4,1983,178.33,17.24,590.34,2024-07-18
TXN-0006380,Michael Montes,East,Clothing,Platinum,3,1956,100.22,19.85,240.98,2026-02-24
TXN-0006381,Aaron Adams,West,Sports,Silver,2,1975,51.4,0.66,102.12,2024-07-13
TXN-0006382,Christina Woods,Central,Clothing,Bronze,1,1967,81.67,11.5,72.28,2026-01-19
TXN-0006383,Christopher Blankenship,West,Grocery,Bronze,2,1956,17.37,2.89,33.74,2025-03-21
TXN-0006384,Vincent Welch,West,Electronics,Gold,3,1982,146.9,10.28,395.4,2025-02-11
TXN-0006385,Frank Martinez,North,Home,Silver,4,1986,52.28,3.12,202.6,2025-09-24
TXN-0006386,Daniel Munoz,Central,Clothing,Gold,6,1953,63.09,13.73,326.57,2024-11-28
TXN-0006387,Douglas Martin,South,Electronics,Silver,6,2002,176.16,9.87,952.64,2026-04-15
TXN-0006388,Richard Cook,North,Clothing,Platinum,6,1969,121.64,22.61,564.82,2026-02-05
TXN-0006389,Elizabeth Villarreal,Central,Grocery,Silver,1,1975,16.45,10.39,14.74,2024-06-03
TXN-0006390,Tracey Melendez MD,South,Home,Platinum,6,1958,155.02,15.02,790.42,2024-01-12
TXN-0006391,Samantha Aguilar,North,Grocery,Gold,4,1957,16.18,9.12,58.82,2025-12-31
TXN-0006392,Carlos Burke,East,Sports,Gold,4,1963,66.55,13.2,231.06,2024-05-25
TXN-0006393,Kimberly Steele,South,Home,Platinum,6,1955,49.98,24.21,227.28,2025-08-26
TXN-0006394,Matthew Farley,North,Sports,Silver,6,1995,112.16,5.73,634.4,2024-12-30
TXN-0006395,Suzanne Luna,East,Electronics,Gold,5,1959,167.9,5.22,795.68,2024-11-10
TXN-0006396,Thomas Hamilton,West,Clothing,Silver,1,1988,54.91,10.21,49.3,2026-01-16
TXN-0006397,Karen Macias,West,Clothing,Gold,3,1959,49.69,3.53,143.81,2025-04-20
TXN-0006398,Corey Torres,North,Home,Gold,4,1945,97.73,11.48,346.04,2025-09-02
TXN-0006399,Grace Torres,East,Home,Gold,6,1973,70.17,15.98,353.74,2023-09-29
TXN-0006400,Kelly Martin,West,Home,Silver,2,2003,105.34,9.87,189.89,2026-06-15
TXN-0006401,Jamie Woods,North,Sports,Gold,5,1953,53.7,7.42,248.58,2025-11-21
TXN-0006402,Jared Dawson,South,Clothing,Gold,3,1978,52.48,16.39,131.64,2025-05-08
TXN-0006403,Steven Delacruz,North,Grocery,Silver,5,1976,21.42,12.04,94.21,2024-07-12
TXN-0006404,Sandy Austin,East,Home,Silver,4,1986,147.3,9.54,532.99,2023-10-27
TXN-0006405,Pamela Perez,North,Home,Gold,6,1972,96.86,12.39,509.15,2026-05-17
TXN-0006406,Maria Davidson,West,Clothing,Gold,8,1984,86.59,14.87,589.71,2025-04-15
TXN-0006407,John Lin,Central,Clothing,Silver,6,1954,54.76,4.66,313.25,2026-05-18
TXN-0006408,Lori Le,South,Clothing,Silver,4,1949,39.65,11.01,141.14,2024-10-02
TXN-0006409,Alexandra Jones,East,Grocery,Silver,5,1956,37.3,12.56,163.08,2025-02-07
TXN-0006410,Karen Woods,South,Home,Silver,1,2000,86.43,5.75,81.46,2024-01-04
TXN-0006411,Shawn Sullivan,North,Electronics,Bronze,3,1966,222.86,4.97,635.35,2026-07-16
TXN-0006412,Tracy Whitaker,West,Grocery,Bronze,6,1988,14.48,5.8,81.84,2026-01-12
TXN-0006413,Dennis Moore,South,Grocery,Gold,6,2003,21.6,12.43,113.49,2025-05-21
TXN-0006414,Jason Greene,Central,Sports,Platinum,3,1961,84.61,12.22,222.81,2024-07-18
TXN-0006415,Philip Robbins,East,Home,Bronze,2,1954,89.99,2.75,175.03,2025-12-20
TXN-0006416,Ronald Villegas,North,Grocery,Gold,2,1950,36.62,2.37,71.5,2026-08-24
TXN-0006417,Meghan Hernandez,East,Home,Silver,6,1989,104.57,12.88,546.61,2025-11-08
TXN-0006418,Tony Wilson,South,Grocery,Bronze,6,2007,15.81,4.34,90.74,2026-01-31
TXN-0006419,Robert Foster,Central,Clothing,Silver,5,1975,95.42,6.33,446.9,2024-05-24
TXN-0006420,Deanna Choi,West,Electronics,Bronze,2,2003,84.88,5.55,160.34,2026-05-07
TXN-0006421,Kenneth French,South,Sports,Bronze,4,1976,45.02,0.0,180.08,2024-12-10
TXN-0006422,Madison Boyd,East,Grocery,Platinum,8,1990,24.49,24.21,148.49,2025-02-10
TXN-0006423,Leroy Walker,West,Home,Silver,5,1960,97.43,8.0,448.18,2025-06-25
TXN-0006424,Lisa Mercer,West,Home,Bronze,2,1978,74.33,3.06,144.11,2026-06-19
TXN-0006425,Robert Martin,North,Grocery,Silver,6,1953,20.65,5.71,116.83,2025-02-09
TXN-0006426,Marcia Flowers,North,Electronics,Silver,3,1982,232.39,6.1,654.64,2024-03-17
TXN-0006427,Maria Morris,North,Clothing,Silver,4,1961,38.0,9.09,138.18,2024-02-24
TXN-0006428,Jason Steele,South,Electronics,Bronze,4,1976,155.17,0.0,620.68,2025-12-18
TXN-0006429,Rebecca Miller,East,Electronics,Bronze,3,1963,162.17,0.0,486.51,2026-07-17
TXN-0006430,Scott Smith,North,Electronics,Silver,4,1999,178.1,10.83,635.25,2024-01-09
TXN-0006431,Jeffrey Durham,South,Grocery,Silver,6,1993,22.55,8.89,123.27,2023-12-05
TXN-0006432,Julie Chan,East,Electronics,Gold,6,1991,80.35,9.67,435.48,2024-04-16
TXN-0006433,Adam Cortez,North,Grocery,Bronze,2,1989,21.72,2.4,42.4,2024-07-01
TXN-0006434,Justin Andrews,Central,Sports,Gold,4,1949,38.45,13.18,133.53,2023-11-15
TXN-0006435,Makayla Reynolds,East,Electronics,Platinum,6,1968,157.94,17.49,781.9,2024-08-06
TXN-0006436,Jennifer Hancock,South,Grocery,Bronze,1,1965,12.44,2.77,12.1,2024-03-12
TXN-0006437,Elizabeth Hayes,East,Home,Bronze,3,1954,96.41,1.91,283.71,2025-10-20
TXN-0006438,Ryan Thornton MD,South,Sports,Silver,4,1990,94.68,10.17,340.2,2024-07-21
TXN-0006439,Amy Morse,West,Home,Gold,3,1987,91.82,14.47,235.6,2024-02-28
TXN-0006440,David Morales,East,Clothing,Bronze,3,2007,43.76,0.12,131.12,2023-11-16
TXN-0006441,Charles Thornton Jr.,East,Clothing,Bronze,2,2005,34.7,0.03,69.38,2026-03-03
TXN-0006442,Trevor Shepherd,Central,Sports,Silver,3,1992,74.04,8.53,203.17,2026-06-20
TXN-0006443,Kenneth Howell,West,Electronics,Gold,4,1997,138.75,6.71,517.76,2025-05-23
TXN-0006444,David Andrews,West,Grocery,Bronze,3,1976,20.25,0.0,60.75,2026-07-16
TXN-0006445,Destiny Nash,South,Electronics,Bronze,7,1956,137.61,1.36,950.17,2025-10-28
TXN-0006446,Megan Grimes,North,Home,Bronze,5,1993,147.02,1.54,723.78,2025-12-22
TXN-0006447,Melissa Thompson,West,Home,Platinum,3,1970,91.48,23.47,210.03,2026-05-24
TXN-0006448,Michael Cook,East,Electronics,Silver,1,1990,220.74,2.05,216.21,2026-09-21
TXN-0006449,Ronald Mckenzie,West,Electronics,Silver,6,1989,134.36,5.44,762.3,2026-04-02
TXN-0006450,Daniel Smith,West,Clothing,Gold,4,1989,71.14,12.97,247.65,2024-10-29
TXN-0006451,Mr. David Villanueva,South,Grocery,Silver,5,1965,22.39,5.87,105.38,2023-12-13
TXN-0006452,Amber Odom,South,Grocery,Gold,4,2004,14.18,10.39,50.83,2025-04-19
TXN-0006453,Brian White,East,Electronics,Bronze,3,2002,94.73,0.0,284.19,2024-09-04
TXN-0006454,John King,South,Home,Bronze,2,1983,140.29,2.88,272.5,2026-04-26
TXN-0006455,Kimberly Lee,West,Electronics,Silver,6,2006,138.13,6.05,778.64,2024-01-16
TXN-0006456,Brooke Allen,West,Grocery,Bronze,2,1977,14.36,0.68,28.52,2023-10-18
TXN-0006457,Frederick Jones,East,Grocery,Gold,2,2006,16.2,8.88,29.52,2024-08-17
TXN-0006458,David Anderson,West,Sports,Silver,3,1991,53.85,15.0,137.32,2026-07-12
TXN-0006459,Allen Erickson,East,Sports,Bronze,1,1970,93.5,2.51,91.15,2025-10-30
TXN-0006460,Herbert Ferguson,West,Clothing,Gold,2,2000,54.83,18.52,89.35,2024-01-30
TXN-0006461,Dr. Tyler Adams DVM,South,Clothing,Silver,4,2004,56.02,6.02,210.59,2025-09-24
TXN-0006462,Christian Woodard,West,Sports,Silver,5,1984,111.71,7.43,517.05,2026-06-16
TXN-0006463,Megan Shah,West,Electronics,Bronze,2,1963,165.68,3.78,318.83,2023-12-31
TXN-0006464,Benjamin Wheeler,South,Electronics,Platinum,1,1946,277.72,19.58,223.34,2025-04-10
TXN-0006465,Robert Foley,East,Clothing,Silver,2,1956,54.62,7.42,101.13,2026-02-10
TXN-0006466,David Owen,West,Grocery,Gold,2,1949,10.63,13.83,18.32,2025-07-05
TXN-0006467,John Black,South,Grocery,Gold,7,1998,13.2,12.24,81.09,2025-04-23
TXN-0006468,Sarah Short,West,Sports,Silver,2,1997,58.14,6.65,108.55,2023-12-27
TXN-0006469,Stacey Berger,Central,Clothing,Bronze,3,1976,57.21,5.62,161.98,2026-05-13
TXN-0006470,Patrick Daniel,West,Clothing,Silver,6,1976,93.7,3.61,541.9,2024-11-13
TXN-0006471,Tyler Huynh,South,Clothing,Bronze,2,1992,58.75,8.11,107.97,2025-12-27
TXN-0006472,Lisa Baxter,East,Grocery,Platinum,6,2007,16.62,22.05,77.73,2023-11-30
TXN-0006473,Michael Garrison,Central,Electronics,Bronze,1,1982,143.89,1.0,142.45,2024-01-15
TXN-0006474,Jon Martinez,East,Sports,Bronze,4,1958,90.78,5.19,344.27,2025-01-12
TXN-0006475,Jessica Hall,North,Home,Silver,6,1977,104.09,9.96,562.34,2024-01-27
TXN-0006476,Lynn Anderson,North,Grocery,Silver,9,1989,23.8,8.17,196.7,2024-08-28
TXN-0006477,David Larsen,West,Grocery,Silver,4,1989,14.07,6.66,52.53,2025-12-12
TXN-0006478,Patrick Anderson,South,Home,Gold,5,1971,197.87,7.34,916.73,2024-02-25
TXN-0006479,Megan Salas,South,Grocery,Gold,1,1954,15.96,10.6,14.27,2024-03-03
TXN-0006480,Stephanie Moran,South,Clothing,Gold,6,1946,44.03,13.29,229.07,2024-09-20
TXN-0006481,Carlos Sawyer,West,Grocery,Silver,5,1987,27.34,8.76,124.73,2025-12-31
TXN-0006482,Jeffrey Jones,East,Grocery,Silver,2,1968,24.69,7.31,45.77,2025-05-18
TXN-0006483,Christian Edwards,West,Home,Gold,2,2005,71.84,14.51,122.83,2024-07-18
TXN-0006484,Janice Stokes,West,Electronics,Bronze,1,1957,202.84,1.2,200.41,2024-07-24
TXN-0006485,Jennifer Griffin,Central,Sports,Bronze,7,1976,64.61,4.31,432.78,2025-12-23
TXN-0006486,Elizabeth Jennings,Central,Sports,Bronze,5,1979,86.84,9.65,392.3,2026-07-14
TXN-0006487,Jenny Durham,South,Home,Silver,6,1946,97.7,7.65,541.36,2024-10-18
TXN-0006488,Natasha Watkins,West,Sports,Silver,5,1999,182.82,6.63,853.5,2026-03-01
TXN-0006489,Blake Mitchell,North,Home,Bronze,5,1964,146.41,2.05,717.04,2026-05-26
TXN-0006490,Morgan Atkinson,Central,Clothing,Bronze,5,2007,79.89,4.92,379.8,2024-07-01
TXN-0006491,Lindsay Washington,South,Home,Bronze,3,1959,117.65,1.94,346.1,2026-02-11
TXN-0006492,Kathryn Garcia,West,Electronics,Silver,1,1979,103.18,9.87,93.0,2026-02-11
TXN-0006493,Amanda Lloyd,West,Home,Bronze,3,1996,96.02,5.29,272.82,2025-07-03
TXN-0006494,Mary Cruz,North,Grocery,Gold,4,2003,15.44,19.34,49.82,2024-03-09
TXN-0006495,Joseph Russell,West,Electronics,Platinum,3,1954,157.15,21.7,369.15,2026-06-16
TXN-0006496,Michelle Gross,North,Clothing,Gold,2,1999,56.68,13.46,98.1,2026-03-11
TXN-0006497,Robert Gomez,East,Grocery,Gold,3,1985,9.88,14.32,25.4,2025-04-06
TXN-0006498,Kyle Kaiser,East,Grocery,Platinum,5,1957,16.3,20.09,65.13,2026-08-10
TXN-0006499,Mary Reyes,South,Sports,Gold,6,1970,78.41,13.75,405.77,2025-09-09
TXN-0006500,Olivia Herrera MD,East,Clothing,Silver,2,1946,76.04,11.92,133.95,2026-09-23
TXN-0006501,Joseph Smith,Central,Grocery,Gold,1,2005,13.68,11.46,12.11,2026-07-27
TXN-0006502,Michelle Moore,South,Electronics,Silver,3,1999,121.33,2.53,354.78,2025-07-22
TXN-0006503,Mark Spencer,East,Electronics,Silver,4,1960,118.55,7.58,438.26,2024-03-07
TXN-0006504,Terri Roberts,Central,Grocery,Bronze,3,1981,16.1,2.77,46.96,2024-06-13
TXN-0006505,Corey Clark,West,Clothing,Silver,7,1983,37.06,10.57,232.0,2024-07-04
TXN-0006506,Albert Black,North,Grocery,Gold,2,1993,28.64,12.57,50.08,2026-01-29
TXN-0006507,Michelle Johnson,Central,Clothing,Silver,3,1973,72.16,5.52,204.53,2025-06-12
TXN-0006508,Amber Ross,North,Electronics,Bronze,2,1985,413.83,0.0,827.66,2025-11-20
TXN-0006509,Stephen Wolf,East,Home,Silver,1,1981,74.72,4.9,71.06,2025-03-05
TXN-0006510,Virginia Watson,East,Electronics,Gold,6,1959,216.23,10.16,1165.57,2026-07-15
TXN-0006511,Hannah Campbell,West,Clothing,Gold,5,1993,35.97,8.88,163.88,2024-05-30
TXN-0006512,Jennifer Snow,North,Electronics,Silver,4,1973,267.61,0.0,1070.44,2026-01-04
TXN-0006513,John Elliott,North,Clothing,Bronze,5,1960,51.02,4.95,242.47,2026-04-16
TXN-0006514,Jamie Robertson,West,Grocery,Bronze,5,1967,17.48,2.76,84.99,2025-08-16
TXN-0006515,Jaime Oneill,North,Electronics,Gold,4,1995,250.03,20.41,796.0,2025-03-28
TXN-0006516,John Garcia,East,Home,Bronze,2,1988,137.68,0.0,275.36,2025-01-29
TXN-0006517,Hector Williams,West,Home,Gold,3,2004,63.87,19.9,153.48,2026-01-29
TXN-0006518,Rebecca Nicholson,West,Home,Bronze,3,1948,86.72,1.51,256.23,2025-02-13
TXN-0006519,Eric Howe,South,Home,Platinum,7,1972,148.2,14.48,887.18,2025-04-27
TXN-0006520,Anthony Garrett,South,Grocery,Silver,6,1973,15.83,0.0,94.98,2025-06-29
TXN-0006521,Kevin Thomas,Central,Grocery,Silver,3,1979,20.03,5.16,56.99,2026-06-07
TXN-0006522,Brandy Moreno,East,Electronics,Silver,3,1960,193.15,10.19,520.4,2025-07-27
TXN-0006523,Jessica Chang,North,Grocery,Gold,5,1983,29.47,13.96,126.78,2025-02-11
TXN-0006524,Randy Warner,South,Electronics,Gold,3,1989,202.13,11.73,535.26,2026-04-30
TXN-0006525,Mr. Michael Garcia,South,Home,Bronze,2,1949,82.65,5.99,155.4,2024-10-05
TXN-0006526,Justin Rodriguez DDS,Central,Home,Bronze,4,1974,45.27,2.44,176.66,2026-02-18
TXN-0006527,Ashley Campbell,South,Electronics,Bronze,5,2000,204.67,0.0,1023.35,2026-01-22
TXN-0006528,Mr. Samuel Thomas,North,Electronics,Silver,4,1989,169.95,11.53,601.42,2024-08-25
TXN-0006529,Brenda Brooks,East,Electronics,Silver,7,1973,297.89,3.37,2014.96,2025-05-02
TXN-0006530,Gabrielle Johnson,North,Electronics,Bronze,3,1995,195.72,0.0,587.16,2026-01-29
TXN-0006531,Glenn Lawrence,South,Home,Gold,4,1998,73.81,12.25,259.07,2024-10-26
TXN-0006532,Wyatt Cortez,Central,Electronics,Bronze,2,1993,103.44,3.18,200.3,2025-04-09
TXN-0006533,Laurie Pierce,West,Grocery,Bronze,3,2007,16.95,0.0,50.85,2025-08-30
TXN-0006534,Ryan Morales,North,Sports,Bronze,1,2003,85.15,0.0,85.15,2025-08-23
TXN-0006535,Joseph Mendoza,East,Clothing,Gold,2,1956,57.05,10.88,101.69,2025-06-05
TXN-0006536,Brent Lewis,North,Electronics,Bronze,4,1951,102.87,5.47,388.97,2023-09-28
TXN-0006537,Ricky Campbell,North,Clothing,Gold,3,1957,20.74,12.99,54.14,2023-11-20
TXN-0006538,Patricia Brown,East,Sports,Silver,4,1950,53.65,10.91,191.19,2024-12-12
TXN-0006539,Bobby Walker,East,Clothing,Silver,2,1983,23.42,8.82,42.71,2026-04-10
TXN-0006540,Eric Giles,West,Electronics,Bronze,4,1959,113.48,0.08,453.56,2023-10-23
TXN-0006541,Mrs. Valerie Ramirez,Central,Sports,Gold,2,1982,81.61,10.49,146.1,2025-12-10
TXN-0006542,Keith Nixon,South,Home,Gold,7,1973,149.3,13.67,902.23,2024-04-24
TXN-0006543,William Gutierrez,Central,Clothing,Silver,2,1961,23.35,7.69,43.11,2025-01-08
TXN-0006544,Jose Crawford,East,Sports,Bronze,3,1976,52.39,2.41,153.38,2023-10-08
TXN-0006545,Brett Obrien,South,Sports,Bronze,3,1990,86.13,2.72,251.36,2025-01-06
TXN-0006546,Charles Moore,West,Home,Bronze,3,2001,76.87,1.52,227.1,2024-09-06
TXN-0006547,Lynn Brown,North,Clothing,Bronze,5,1995,58.22,1.59,286.47,2024-08-26
TXN-0006548,David Anderson,East,Home,Silver,3,2007,102.7,4.15,295.31,2025-01-29
TXN-0006549,Donna Watson,West,Electronics,Bronze,4,1971,138.52,0.0,554.08,2023-10-31
TXN-0006550,Jocelyn Charles,South,Home,Gold,5,1966,137.2,15.61,578.92,2026-09-03
TXN-0006551,Cathy Miller,West,Electronics,Silver,2,1991,374.4,3.53,722.37,2024-11-29
TXN-0006552,Justin Williams,South,Home,Silver,2,2004,61.95,0.43,123.37,2026-02-04
TXN-0006553,Thomas Rosales,West,Grocery,Platinum,6,1952,24.9,18.79,121.33,2025-11-30
TXN-0006554,Scott Khan,North,Sports,Silver,2,1961,156.84,7.96,288.71,2026-02-08
TXN-0006555,Benjamin Powell,North,Grocery,Bronze,3,1947,29.87,1.41,88.35,2026-03-02
TXN-0006556,Joshua Wilson,South,Electronics,Silver,2,1956,125.71,2.82,244.33,2026-03-03
TXN-0006557,Kent Freeman,West,Electronics,Silver,2,1967,142.64,10.86,254.3,2024-05-25
TXN-0006558,Patricia Tucker,North,Home,Gold,5,1988,49.08,13.81,211.51,2024-02-21
TXN-0006559,Lauren James,Central,Clothing,Gold,4,1985,45.05,17.05,149.48,2023-11-25
TXN-0006560,Bradley Taylor,South,Electronics,Silver,4,1968,132.46,6.84,493.6,2025-09-12
TXN-0006561,Frank Arnold,East,Grocery,Platinum,5,1967,21.13,21.72,82.7,2025-04-02
TXN-0006562,Shannon Turner,South,Clothing,Bronze,6,1995,36.95,0.0,221.7,2024-05-27
TXN-0006563,Charles Lloyd,North,Electronics,Bronze,3,1996,164.09,0.0,492.27,2024-04-30
TXN-0006564,Justin King,Central,Home,Bronze,3,2002,96.81,2.12,284.27,2024-11-12
TXN-0006565,Jenna Ramsey,South,Sports,Silver,3,1980,63.72,2.32,186.73,2025-04-20
TXN-0006566,Joel Murray,West,Grocery,Bronze,1,1980,24.14,5.04,22.92,2026-03-20
TXN-0006567,Andrew Hahn,East,Electronics,Bronze,4,1958,136.59,5.24,517.73,2024-10-20
TXN-0006568,Shelby Gentry,East,Home,Platinum,2,1999,100.86,21.09,159.18,2024-09-23
TXN-0006569,Christian Shelton,East,Sports,Bronze,1,2003,47.6,0.0,47.6,2024-10-30
TXN-0006570,Robin Mora,Central,Electronics,Bronze,2,1964,121.84,1.96,238.9,2025-01-06
TXN-0006571,Lindsey Wright,West,Home,Bronze,3,1963,125.95,3.94,362.96,2024-02-17
TXN-0006572,Abigail Miller,East,Grocery,Bronze,2,1949,10.03,3.42,19.37,2026-03-02
TXN-0006573,Timothy French,East,Grocery,Bronze,2,1992,23.42,0.0,46.84,2025-06-10
TXN-0006574,Laura Garner,East,Electronics,Bronze,3,1979,142.67,0.0,428.01,2026-02-28
TXN-0006575,Robin Brock,South,Sports,Bronze,3,1965,36.83,3.32,106.82,2024-08-30
TXN-0006576,Morgan Boone,East,Clothing,Gold,7,2005,47.07,12.93,286.89,2024-01-25
TXN-0006577,Matthew Greene,East,Electronics,Silver,4,1957,206.88,9.0,753.04,2025-02-13
TXN-0006578,Molly Ortiz,West,Electronics,Silver,4,1983,358.73,6.93,1335.48,2025-10-16
TXN-0006579,Paula Roberts,Central,Home,Silver,5,1951,172.91,6.44,808.87,2024-06-22
TXN-0006580,Connie Miller,Central,Electronics,Gold,4,1990,115.53,12.37,404.96,2025-10-25
TXN-0006581,Perry Black,West,Grocery,Gold,4,1946,23.81,11.89,83.92,2026-09-03
TXN-0006582,Scott Bond,East,Grocery,Silver,4,2002,15.39,15.4,52.08,2026-09-23
TXN-0006583,Emily Rush,West,Electronics,Bronze,1,1974,129.18,1.18,127.66,2026-03-11
TXN-0006584,Brady Padilla,North,Grocery,Bronze,4,1994,25.6,0.86,101.52,2024-02-23
TXN-0006585,Mark Wallace,East,Sports,Bronze,3,1956,81.21,4.53,232.59,2026-04-09
TXN-0006586,April Collins,South,Electronics,Gold,4,1982,173.47,14.58,592.71,2026-06-21
TXN-0006587,Isaac Smith,North,Grocery,Silver,3,1951,10.01,7.3,27.84,2025-01-06
TXN-0006588,Rebecca Roman,Central,Sports,Bronze,3,1996,53.48,0.0,160.44,2023-11-25
TXN-0006589,Jody Phillips,West,Grocery,Bronze,3,1946,13.13,0.0,39.39,2026-03-11
TXN-0006590,Judy Lewis,East,Home,Gold,4,1966,107.69,12.81,375.58,2025-05-12
TXN-0006591,Brian Pacheco,South,Sports,Silver,1,2005,96.9,6.32,90.78,2024-01-27
TXN-0006592,Thomas Nelson,West,Grocery,Bronze,5,1981,33.04,0.25,164.79,2023-12-23
TXN-0006593,Travis Hernandez,South,Clothing,Gold,4,1969,39.57,15.79,133.29,2025-02-28
TXN-0006594,William Greene,West,Electronics,Silver,2,2000,296.16,10.24,531.67,2025-03-21
TXN-0006595,Jordan Adams,Central,Home,Silver,4,1953,82.16,11.03,292.39,2025-08-02
TXN-0006596,Scott Pineda,South,Clothing,Silver,5,1971,56.54,3.41,273.06,2025-07-06
TXN-0006597,Luke Carpenter,South,Clothing,Silver,2,1992,52.8,10.63,94.37,2024-04-02
TXN-0006598,Kelly Smith,South,Electronics,Bronze,2,1996,174.84,0.0,349.68,2024-09-14
TXN-0006599,Danielle Rodriguez,North,Grocery,Platinum,6,1987,22.97,19.81,110.52,2026-07-08
TXN-0006600,Paul Duarte,South,Grocery,Gold,5,1990,25.88,16.02,108.67,2026-04-20
TXN-0006601,Cody Mccoy,North,Clothing,Silver,4,1953,50.49,3.4,195.09,2023-10-15
TXN-0006602,Andrea Bass,North,Electronics,Silver,6,1965,165.05,2.32,967.33,2026-06-08
TXN-0006603,Christopher Blake,South,Electronics,Platinum,7,1992,116.31,19.81,652.88,2026-06-06
TXN-0006604,David Jones,North,Electronics,Bronze,2,1985,202.84,7.78,374.12,2025-05-14
TXN-0006605,Amber Burns,West,Home,Bronze,2,2005,98.78,7.96,181.83,2023-12-21
TXN-0006606,Dana Jennings,North,Electronics,Gold,4,1972,121.89,17.11,404.14,2025-01-13
TXN-0006607,Alexander Ferguson,West,Sports,Bronze,5,2005,48.54,0.0,242.7,2025-12-20
TXN-0006608,Gary Russell,South,Clothing,Silver,7,1967,58.18,7.01,378.71,2023-11-30
TXN-0006609,Frank Foster,North,Electronics,Silver,3,1956,252.76,14.83,645.83,2025-02-05
TXN-0006610,Dylan Brown,North,Grocery,Bronze,2,1988,31.36,5.16,59.48,2026-01-13
TXN-0006611,Trevor Ross,West,Clothing,Bronze,5,1999,34.97,0.0,174.85,2026-02-21
TXN-0006612,Sherri Gray,South,Clothing,Gold,3,1954,76.28,15.82,192.64,2024-05-17
TXN-0006613,Lauren Stone,East,Electronics,Bronze,3,2001,211.52,0.0,634.56,2025-02-16
TXN-0006614,David Jones,North,Grocery,Bronze,3,1986,29.23,1.0,86.81,2025-11-16
TXN-0006615,Matthew Sullivan,Central,Clothing,Silver,4,1974,64.96,9.62,234.84,2026-09-15
TXN-0006616,William Morse,North,Grocery,Bronze,2,1954,16.01,0.74,31.78,2024-09-04
TXN-0006617,John Molina,South,Home,Silver,2,1958,118.5,5.19,224.7,2024-05-22
TXN-0006618,Travis Hubbard,West,Grocery,Platinum,3,1975,7.3,23.78,16.69,2023-12-15
TXN-0006619,John Andrews,South,Home,Gold,6,1967,63.61,15.64,321.97,2026-08-09
TXN-0006620,Craig Harris,South,Grocery,Silver,5,1992,13.28,8.17,60.98,2025-05-30
TXN-0006621,Amanda Rose MD,West,Grocery,Bronze,3,1965,14.22,9.38,38.66,2025-08-20
TXN-0006622,Jessica Berry,South,Home,Platinum,3,1986,52.87,20.76,125.68,2026-04-09
TXN-0006623,Sandra Haney,North,Grocery,Gold,4,1974,14.77,14.14,50.73,2026-03-09
TXN-0006624,Alexander Weeks,South,Grocery,Gold,2,1968,14.83,11.91,26.13,2025-11-20
TXN-0006625,Edward Duffy,North,Electronics,Bronze,2,1997,145.9,0.0,291.8,2024-02-14
TXN-0006626,Felicia Vargas,Central,Grocery,Bronze,5,1973,19.88,0.0,99.4,2024-09-06
TXN-0006627,Darren Hall,East,Clothing,Bronze,1,1974,35.5,5.03,33.71,2025-07-29
TXN-0006628,Elizabeth Cunningham,East,Home,Bronze,6,1960,76.81,0.45,458.79,2024-12-21
TXN-0006629,Michael Peterson,South,Electronics,Bronze,3,1985,154.96,11.06,413.46,2025-06-01
TXN-0006630,Crystal Duke,West,Electronics,Gold,2,1971,83.62,9.91,150.67,2024-05-14
TXN-0006631,Michael Cardenas,West,Electronics,Bronze,6,1946,155.93,0.0,935.58,2024-04-20
TXN-0006632,Heather Meadows,North,Electronics,Bronze,2,2001,173.94,3.18,336.82,2025-03-03
TXN-0006633,Nicole Collins,Central,Electronics,Gold,2,1973,208.61,9.42,377.92,2024-02-03
TXN-0006634,Laurie White,East,Electronics,Platinum,6,1998,100.81,14.78,515.46,2025-10-06
TXN-0006635,Veronica Lewis,West,Home,Bronze,5,1947,85.35,4.39,408.02,2026-03-03
TXN-0006636,Brian Singh,South,Clothing,Bronze,4,1951,84.88,0.0,339.52,2023-12-13
TXN-0006637,Ronald Young,North,Sports,Gold,3,1968,40.85,13.71,105.75,2026-01-26
TXN-0006638,Cindy Bradley MD,West,Grocery,Platinum,3,1956,17.96,20.79,42.68,2025-06-09
TXN-0006639,Thomas Nelson,West,Electronics,Silver,2,1946,93.91,10.27,168.53,2024-11-08
TXN-0006640,Nathan Hickman Jr.,South,Clothing,Silver,3,1947,47.32,8.7,129.61,2024-02-07
TXN-0006641,Kristin Bailey,North,Clothing,Silver,3,1987,41.5,16.77,103.62,2025-06-08
TXN-0006642,Shannon Booker,West,Clothing,Gold,2,1971,62.7,11.7,110.73,2025-11-15
TXN-0006643,Marc Glenn,South,Home,Bronze,3,1954,81.16,0.0,243.48,2025-08-02
TXN-0006644,Jasmine Chavez,South,Grocery,Silver,4,1997,11.51,16.65,38.37,2026-09-16
TXN-0006645,Michael Ritter,East,Home,Gold,5,1970,153.38,13.37,664.37,2024-04-17
TXN-0006646,Denise Gonzalez,North,Clothing,Silver,4,1981,58.54,3.95,224.91,2024-04-24
TXN-0006647,Phillip Lowery,North,Grocery,Bronze,5,1962,25.43,0.0,127.15,2025-10-14
TXN-0006648,Timothy Jordan,North,Clothing,Gold,6,1959,37.49,11.91,198.15,2026-02-12
TXN-0006649,Justin Garcia,Central,Grocery,Silver,3,2006,15.69,4.27,45.06,2024-07-31
TXN-0006650,Samantha Ford,South,Sports,Bronze,3,1969,106.4,0.0,319.2,2025-10-24
TXN-0006651,Stanley Martinez,West,Clothing,Bronze,3,1997,42.3,0.0,126.9,2025-06-03
TXN-0006652,Alexander Terry,Central,Grocery,Bronze,2,1950,17.97,0.71,35.68,2026-07-07
TXN-0006653,Lisa Michael,West,Grocery,Platinum,3,1960,17.59,21.5,41.42,2026-03-03
TXN-0006654,Dennis Turner,East,Home,Bronze,2,1969,39.36,0.0,78.72,2024-07-28
TXN-0006655,Kevin Benson,East,Electronics,Gold,6,1969,156.2,11.48,829.61,2026-02-15
TXN-0006656,Brian Phillips,South,Grocery,Silver,3,1968,15.55,5.3,44.18,2026-05-11
TXN-0006657,Maria Ward,East,Clothing,Gold,7,1973,51.9,13.32,314.91,2025-12-20
TXN-0006658,Shane Greene,Central,Electronics,Platinum,7,1961,124.38,25.86,645.51,2024-10-14
TXN-0006659,Matthew Alvarez,West,Home,Platinum,6,1988,57.32,20.74,272.59,2024-10-08
TXN-0006660,Annette Weaver,South,Clothing,Gold,7,1958,41.37,8.95,263.67,2024-01-17
TXN-0006661,Troy Aguilar,South,Electronics,Bronze,3,1991,133.06,1.57,392.91,2024-11-14
TXN-0006662,Frank Munoz,Central,Sports,Bronze,6,1958,92.75,3.25,538.41,2025-07-27
TXN-0006663,Amy Johnson,North,Clothing,Bronze,2,1980,45.21,0.0,90.42,2025-02-11
TXN-0006664,Jean Brown,West,Home,Silver,8,1954,93.53,3.79,719.88,2026-08-26
TXN-0006665,Bobby Mullen,South,Grocery,Bronze,3,1982,19.31,0.0,57.93,2026-03-10
TXN-0006666,Mary Brady,West,Electronics,Silver,2,1953,132.4,6.34,248.01,2024-02-14
TXN-0006667,Gabriel Jones,West,Grocery,Bronze,4,1965,25.29,0.68,100.47,2024-03-20
TXN-0006668,Kevin Lee,East,Home,Gold,3,2006,78.93,7.1,219.98,2026-08-06
TXN-0006669,David Wise,North,Home,Bronze,5,1955,73.95,0.0,369.75,2025-07-01
TXN-0006670,Kayla Taylor,West,Home,Bronze,3,1986,132.49,1.88,390.0,2025-07-16
TXN-0006671,David Williams,South,Sports,Silver,4,2006,78.68,10.75,280.89,2025-04-17
TXN-0006672,Kayla Rios,South,Sports,Silver,5,1985,32.47,2.36,158.52,2025-03-22
TXN-0006673,Scott Wade,East,Electronics,Gold,2,1973,63.09,9.78,113.84,2024-07-19
TXN-0006674,Kenneth Williams,South,Clothing,Silver,4,1969,96.07,3.02,372.67,2025-02-07
TXN-0006675,Tiffany Gentry,West,Home,Gold,3,1968,92.65,7.26,257.77,2025-03-16
TXN-0006676,Sarah Woods,North,Sports,Bronze,4,1955,70.57,0.0,282.28,2026-04-07
TXN-0006677,Timothy Jones,South,Grocery,Bronze,5,1971,8.28,3.55,39.93,2026-07-12
TXN-0006678,Dennis Martinez,Central,Clothing,Gold,3,1975,52.26,13.41,135.76,2023-11-04
TXN-0006679,Terry Owens,North,Sports,Bronze,3,1972,51.85,3.44,150.2,2025-01-13
TXN-0006680,Lori Gutierrez,East,Clothing,Gold,8,1968,49.25,13.92,339.16,2024-06-16
TXN-0006681,Heidi Stewart,West,Clothing,Platinum,4,2006,42.62,18.44,139.04,2025-03-24
TXN-0006682,Larry Martinez,Central,Home,Bronze,2,1960,81.33,0.0,162.66,2026-05-12
TXN-0006683,William Payne,East,Clothing,Gold,5,1997,58.86,16.69,245.18,2025-08-14
TXN-0006684,Alisha Lewis,West,Home,Silver,4,1992,102.54,9.23,372.3,2026-05-23
TXN-0006685,Nicholas Sanders,South,Clothing,Bronze,5,1992,53.76,1.54,264.66,2024-05-11
TXN-0006686,John Brown,South,Grocery,Silver,2,1959,18.68,3.49,36.06,2025-08-12
TXN-0006687,Vanessa Walker,Central,Sports,Silver,5,2005,40.16,7.31,186.12,2023-12-06
TXN-0006688,Colton Green,Central,Clothing,Platinum,8,1990,53.41,20.67,338.96,2024-09-24
TXN-0006689,Mark Lawson,East,Home,Bronze,4,1945,96.76,0.0,387.04,2024-08-03
TXN-0006690,Collin Gentry,East,Grocery,Silver,1,1952,17.51,7.83,16.14,2026-08-27
TXN-0006691,Andrea Abbott,East,Electronics,Bronze,4,1985,269.14,4.01,1033.39,2025-04-30
TXN-0006692,Adrian Sanchez,North,Grocery,Bronze,3,1976,16.41,3.52,47.5,2024-05-27
TXN-0006693,Kenneth Jones,Central,Home,Silver,6,1979,56.62,10.34,304.59,2024-02-08
TXN-0006694,Crystal White,West,Electronics,Gold,5,1987,159.97,15.98,672.03,2024-03-20
TXN-0006695,Richard Ferguson,East,Grocery,Silver,2,1978,14.72,10.61,26.32,2023-12-21
TXN-0006696,Madison Morales,South,Clothing,Platinum,6,1988,30.07,18.12,147.73,2024-10-09
TXN-0006697,Brian James,South,Electronics,Bronze,3,1954,143.82,4.73,411.05,2026-05-19
TXN-0006698,Julia Green,North,Electronics,Silver,4,2006,268.19,8.68,979.64,2024-05-14
TXN-0006699,Latoya Singleton,West,Grocery,Bronze,5,1974,15.82,4.84,75.27,2024-12-17
TXN-0006700,Cody Lopez,East,Sports,Gold,2,1973,109.58,13.42,189.75,2023-10-19
TXN-0006701,Pamela Scott,South,Clothing,Bronze,4,2005,70.7,3.7,272.34,2025-03-14
TXN-0006702,Diana Ali,East,Electronics,Bronze,3,1968,366.35,0.0,1099.05,2026-09-09
TXN-0006703,Nicole Patterson,Central,Electronics,Gold,2,1986,187.55,14.64,320.19,2024-03-18
TXN-0006704,Kimberly Hunter,North,Grocery,Bronze,6,1991,18.49,6.26,104.0,2025-01-13
TXN-0006705,Stacey Jones,East,Clothing,Silver,4,1980,56.75,12.78,197.99,2025-08-27
TXN-0006706,Courtney Williams,East,Clothing,Platinum,7,1949,60.63,19.57,341.35,2025-09-28
TXN-0006707,Larry Stone,North,Clothing,Silver,5,1959,50.22,13.25,217.83,2023-11-02
TXN-0006708,Jonathan Miller,East,Home,Silver,4,1975,75.33,6.43,281.95,2025-02-24
TXN-0006709,Michael Wheeler,East,Home,Platinum,4,1987,105.76,22.43,328.15,2024-08-17
TXN-0006710,Melissa Wise,North,Home,Gold,8,1999,72.12,13.22,500.69,2026-01-10
TXN-0006711,Melissa Jackson,North,Electronics,Bronze,2,1954,83.24,6.44,155.76,2024-08-22
TXN-0006712,Mr. Leonard Jackson,West,Home,Gold,3,1961,56.89,13.71,147.27,2024-08-09
TXN-0006713,Brent Hernandez,South,Home,Silver,4,1979,160.17,4.9,609.29,2026-01-23
TXN-0006714,Deborah Price,East,Home,Gold,3,1976,80.49,16.64,201.29,2025-12-18
TXN-0006715,Christopher Gutierrez,East,Electronics,Silver,1,1950,209.37,5.27,198.34,2024-11-02
TXN-0006716,Tracy Foster,West,Electronics,Bronze,3,1955,125.33,3.1,364.33,2026-01-27
TXN-0006717,Charles Nguyen,West,Home,Gold,3,1974,122.86,7.08,342.48,2025-10-17
TXN-0006718,Joseph Smith,West,Clothing,Bronze,4,2004,63.32,4.9,240.87,2026-05-22
TXN-0006719,Haley Harvey,East,Home,Gold,3,1949,180.67,6.43,507.16,2024-05-04
TXN-0006720,Katherine Hammond,East,Clothing,Gold,5,1998,87.19,11.25,386.91,2026-09-11
TXN-0006721,Tracy Hogan,South,Electronics,Platinum,2,1996,206.99,15.22,350.97,2026-09-17
TXN-0006722,Ronald Davila,South,Grocery,Bronze,3,1993,14.65,0.0,43.95,2026-08-01
TXN-0006723,Emily Reed,South,Clothing,Silver,3,1954,36.45,6.88,101.83,2023-10-26
TXN-0006724,Maria Thomas,North,Electronics,Bronze,1,1954,152.33,0.0,152.33,2025-05-05
TXN-0006725,Debra Miller,South,Grocery,Bronze,2,1966,18.12,4.58,34.58,2026-03-21
TXN-0006726,Michael Huerta,South,Clothing,Bronze,4,1976,47.67,1.14,188.51,2026-07-24
TXN-0006727,Joy Robinson,North,Sports,Silver,4,1987,95.99,7.59,354.82,2025-12-24
TXN-0006728,Brittany Kelly,South,Electronics,Silver,7,1958,164.4,4.14,1103.16,2023-12-04
TXN-0006729,Julie Jordan,West,Grocery,Platinum,5,1997,17.98,22.62,69.56,2024-10-28
TXN-0006730,Jacob Peters,East,Grocery,Bronze,3,2002,30.69,2.64,89.64,2024-06-18
TXN-0006731,Caitlyn Clark,West,Electronics,Bronze,2,1999,165.97,3.84,319.19,2023-12-30
TXN-0006732,Kimberly Ward,East,Home,Silver,4,2003,56.01,9.66,202.4,2024-12-12
TXN-0006733,Amanda Gould,West,Grocery,Bronze,4,2006,25.76,5.03,97.86,2024-08-04
TXN-0006734,Laura Martin,West,Home,Silver,3,1991,96.85,8.45,266.0,2026-09-14
TXN-0006735,Mark Taylor,North,Clothing,Silver,7,1950,50.0,7.61,323.36,2026-05-14
TXN-0006736,Tyrone Roberson,Central,Sports,Silver,3,1986,53.67,10.87,143.51,2024-11-22
TXN-0006737,Brian Barron,North,Grocery,Silver,2,1989,27.99,7.57,51.74,2023-12-19
TXN-0006738,Kelly Harris,East,Sports,Gold,4,1960,135.52,11.55,479.47,2025-09-19
TXN-0006739,Jeremy Moran,West,Grocery,Platinum,5,1945,14.23,23.21,54.64,2026-07-11
TXN-0006740,Dr. Donna Bailey,South,Grocery,Bronze,2,1949,19.98,5.66,37.7,2023-10-10
TXN-0006741,John Smith,East,Grocery,Silver,7,1994,20.99,6.82,136.91,2024-01-09
TXN-0006742,Sarah Pierce,South,Home,Gold,6,1997,48.89,15.17,248.84,2025-05-23
TXN-0006743,John Gallegos,North,Sports,Bronze,4,1949,73.86,3.59,284.83,2026-07-19
TXN-0006744,Michael Moore,North,Home,Silver,4,1960,48.93,7.31,181.41,2024-11-22
TXN-0006745,Jessica Barron,North,Electronics,Silver,2,1982,158.98,1.86,312.05,2026-07-23
TXN-0006746,Erika Moore,North,Home,Bronze,3,1961,198.71,0.0,596.13,2026-07-19
TXN-0006747,Erin Rivera,East,Electronics,Bronze,1,1980,96.35,0.71,95.67,2025-04-09
TXN-0006748,Alicia Krueger,East,Sports,Gold,3,1961,144.63,13.14,376.88,2024-03-13
TXN-0006749,Amanda Wilson,East,Home,Bronze,3,1978,167.59,0.0,502.77,2023-10-27
TXN-0006750,Joshua Scott,West,Home,Bronze,3,1966,89.82,0.0,269.46,2024-12-25
TXN-0006751,Jeffrey Thompson,North,Electronics,Gold,5,1949,191.61,12.64,836.95,2026-07-02
TXN-0006752,Alexandria Barnes,South,Home,Gold,3,1965,81.5,13.03,212.64,2025-05-20
TXN-0006753,Brandy Allen MD,West,Clothing,Silver,1,1989,47.03,10.03,42.31,2024-09-21
TXN-0006754,Kendra Smith,Central,Grocery,Bronze,4,1961,19.33,8.77,70.54,2025-05-11
TXN-0006755,Mckenzie Vega,South,Home,Bronze,3,1962,68.62,0.0,205.86,2025-11-25
TXN-0006756,Margaret Gonzalez,North,Home,Gold,3,1953,106.21,14.2,273.38,2024-02-29
TXN-0006757,Robert Andrews,West,Clothing,Bronze,2,1952,55.8,10.32,100.08,2025-01-30
TXN-0006758,Dr. Brenda Frye,Central,Home,Gold,5,1993,61.94,8.39,283.72,2025-10-19
TXN-0006759,Larry Pitts,South,Home,Gold,5,1945,115.37,9.58,521.59,2026-04-12
TXN-0006760,Connie Henderson,South,Grocery,Bronze,4,2004,23.29,5.4,88.13,2025-12-31
TXN-0006761,Jessica Cruz,North,Sports,Silver,2,2007,111.11,7.66,205.2,2024-02-11
TXN-0006762,Monica Torres,East,Grocery,Gold,6,1954,15.22,13.96,78.57,2024-07-13
TXN-0006763,Scott King,Central,Clothing,Gold,1,1992,78.84,15.17,66.88,2024-08-01
TXN-0006764,David Hahn,West,Electronics,Silver,2,1981,341.56,9.59,617.61,2025-11-13
TXN-0006765,Jeffrey Baker,South,Sports,Bronze,3,1999,75.78,3.48,219.43,2025-09-08
TXN-0006766,Andre Payne,East,Sports,Silver,3,1972,78.18,8.91,213.64,2026-02-14
TXN-0006767,Nicholas Tran,West,Electronics,Silver,7,1949,202.9,2.81,1380.39,2023-10-31
TXN-0006768,Nicholas Davis,East,Grocery,Silver,4,1973,8.43,10.44,30.2,2023-11-28
TXN-0006769,Charles Dougherty,West,Clothing,Bronze,2,1948,34.1,7.47,63.11,2024-10-16
TXN-0006770,Carolyn Smith,South,Electronics,Gold,4,1992,131.95,16.88,438.71,2025-12-28
TXN-0006771,Brendan Howard,South,Sports,Silver,1,1966,66.56,8.75,60.74,2025-01-13
TXN-0006772,Albert Bishop,East,Sports,Bronze,5,1992,78.0,8.6,356.46,2025-02-27
TXN-0006773,Lisa Good,East,Sports,Bronze,4,1990,82.35,2.65,320.67,2025-10-28
TXN-0006774,Nicholas Mejia,Central,Electronics,Bronze,3,1948,98.95,5.48,280.58,2025-05-31
TXN-0006775,Russell Erickson,East,Home,Silver,4,1981,134.71,12.93,469.17,2024-05-28
TXN-0006776,Michael Horton,South,Sports,Bronze,5,2001,84.27,0.73,418.27,2023-10-26
TXN-0006777,Ricky Tran,South,Grocery,Silver,1,1990,18.38,11.59,16.25,2025-03-19
TXN-0006778,Jonathan Kelley,East,Clothing,Bronze,4,1945,65.3,0.0,261.2,2026-08-26
TXN-0006779,Miss Makayla Young,South,Home,Bronze,4,1974,72.56,0.0,290.24,2025-03-27
TXN-0006780,Natalie Blevins,West,Electronics,Bronze,3,1972,147.19,0.0,441.57,2025-04-02
TXN-0006781,Elizabeth Carney,South,Home,Bronze,5,1947,61.61,0.0,308.05,2026-05-26
TXN-0006782,Gerald Berg,South,Grocery,Bronze,4,1950,8.32,0.0,33.28,2025-01-09
TXN-0006783,Jackson Ingram,East,Electronics,Bronze,2,1986,147.3,2.29,287.85,2024-09-28
TXN-0006784,Thomas Parsons,North,Electronics,Silver,2,1986,292.59,5.93,550.48,2025-11-14
TXN-0006785,Emma Jennings,West,Home,Silver,3,1978,73.76,2.54,215.66,2024-11-29
TXN-0006786,Julie Padilla,East,Home,Silver,3,1971,52.19,0.0,156.57,2024-01-02
TXN-0006787,Cassandra Williams,East,Clothing,Bronze,1,1960,67.02,0.0,67.02,2026-05-27
TXN-0006788,Jeremy Schmidt,West,Electronics,Silver,4,1953,135.32,4.03,519.47,2024-11-01
TXN-0006789,David Scott,West,Grocery,Bronze,5,1993,20.98,8.63,95.85,2025-05-21
TXN-0006790,Rebekah Ferguson,West,Clothing,Silver,3,1966,69.31,6.93,193.52,2023-11-12
TXN-0006791,Adriana Malone,South,Home,Silver,6,1988,75.38,13.14,392.85,2026-02-06
TXN-0006792,Russell Reynolds,South,Home,Gold,3,1961,104.06,10.49,279.43,2024-12-06
TXN-0006793,Sarah Collins,West,Clothing,Silver,3,1973,54.32,10.68,145.56,2024-09-12
TXN-0006794,Cassandra Frey,East,Home,Bronze,1,1986,45.2,2.85,43.91,2024-05-20
TXN-0006795,Tyler Murphy,East,Grocery,Bronze,1,1990,14.98,0.0,14.98,2025-03-11
TXN-0006796,Elizabeth Simon,East,Home,Platinum,4,1987,67.32,20.9,213.0,2025-05-30
TXN-0006797,Catherine Nguyen,West,Home,Bronze,4,1985,53.09,1.28,209.64,2026-07-14
TXN-0006798,Kristy Ramos,North,Clothing,Bronze,5,1979,40.89,0.93,202.55,2024-04-28
TXN-0006799,Kyle Haas,East,Clothing,Bronze,1,2000,69.56,0.0,69.56,2024-02-11
TXN-0006800,Michael Glover,North,Home,Platinum,7,1994,90.44,26.89,462.84,2025-05-13
TXN-0006801,Rebecca Walker DDS,South,Home,Gold,4,1945,47.01,14.9,160.02,2025-12-14
TXN-0006802,Julie Mata,West,Clothing,Bronze,4,1946,37.28,0.0,149.12,2026-08-16
TXN-0006803,David Wang,East,Electronics,Bronze,5,1994,160.85,3.37,777.15,2026-05-06
TXN-0006804,Anita Price,South,Grocery,Gold,3,1986,17.98,11.78,47.59,2026-05-26
TXN-0006805,Veronica Sweeney,Central,Electronics,Bronze,4,1955,143.03,6.9,532.64,2026-08-29
TXN-0006806,Laura Buck,West,Sports,Bronze,4,1986,97.63,0.98,386.69,2024-09-15
TXN-0006807,Peter Humphrey,East,Home,Silver,1,1958,102.41,6.84,95.41,2025-07-07
TXN-0006808,Tracey White,Central,Electronics,Silver,2,1974,131.0,4.81,249.4,2024-10-05
TXN-0006809,Christina Fletcher,South,Grocery,Bronze,5,1952,14.21,3.69,68.43,2026-03-05
TXN-0006810,Jamie Smith,West,Clothing,Silver,4,1997,51.25,6.94,190.77,2024-05-22
TXN-0006811,Denise Reynolds,North,Sports,Silver,3,1945,36.17,11.37,96.17,2025-07-21
TXN-0006812,Beverly Romero,South,Sports,Silver,1,1949,83.07,8.08,76.36,2025-01-25
TXN-0006813,Kelli Williamson,South,Grocery,Bronze,4,2006,11.6,10.55,41.5,2026-04-25
TXN-0006814,Michael Mccall,North,Home,Bronze,3,1992,137.43,1.51,406.06,2025-02-20
TXN-0006815,Steven Yang,East,Sports,Gold,1,1961,41.19,10.23,36.98,2025-08-25
TXN-0006816,Monica Armstrong,North,Home,Bronze,3,1964,102.43,0.0,307.29,2026-01-17
TXN-0006817,Karen Henson,East,Grocery,Bronze,4,1952,8.97,0.0,35.88,2024-04-19
TXN-0006818,Beth Garcia,North,Electronics,Bronze,4,1946,127.64,0.0,510.56,2024-08-14
TXN-0006819,Erin Long,North,Sports,Bronze,2,1948,86.14,7.32,159.67,2026-07-07
TXN-0006820,Richard Sweeney,Central,Grocery,Silver,7,1946,24.82,6.1,163.14,2024-04-30
TXN-0006821,Michael Goodman,West,Clothing,Bronze,3,1995,74.5,3.06,216.66,2026-03-18
TXN-0006822,Megan Khan,Central,Sports,Silver,2,1960,95.4,2.54,185.95,2026-01-15
TXN-0006823,Jacob Day,East,Grocery,Bronze,3,1974,23.8,2.02,69.96,2026-08-25
TXN-0006824,Shannon Hunt,North,Sports,Gold,2,1981,102.15,4.82,194.45,2024-08-07
TXN-0006825,Ashley Mejia,East,Electronics,Silver,4,1988,131.25,8.26,481.64,2024-04-29
TXN-0006826,David Johnston,East,Home,Bronze,6,1983,78.56,0.16,470.61,2025-01-20
TXN-0006827,David Joseph,North,Grocery,Gold,2,1975,22.75,18.63,37.02,2026-09-01
TXN-0006828,Alexa Smith,West,Electronics,Platinum,3,1952,234.08,22.92,541.29,2026-09-27
TXN-0006829,Kevin Gilbert,East,Grocery,Bronze,5,1973,16.97,4.84,80.74,2025-12-19
TXN-0006830,Dr. Terri Valdez,West,Grocery,Silver,3,1963,14.81,3.96,42.67,2024-04-25
TXN-0006831,Donald Ford,East,Clothing,Silver,2,1962,44.73,8.29,82.04,2025-07-27
TXN-0006832,Mary Kane,East,Grocery,Silver,5,1951,13.35,13.88,57.49,2024-05-10
TXN-0006833,Brian Mccarty,South,Electronics,Bronze,6,1958,186.91,0.0,1121.46,2026-07-13
TXN-0006834,Kevin Clayton,Central,Grocery,Bronze,1,1997,26.52,0.0,26.52,2026-02-21
TXN-0006835,Brandy Bowman,South,Grocery,Bronze,4,1980,21.14,2.22,82.68,2024-05-30
TXN-0006836,Dominique Hall,North,Home,Bronze,3,1998,88.62,2.9,258.15,2025-02-02
TXN-0006837,Sandra Holder,North,Home,Bronze,2,1994,174.51,4.39,333.7,2024-01-11
TXN-0006838,James Zuniga,East,Clothing,Gold,4,1957,54.64,14.93,185.93,2026-02-09
TXN-0006839,Danielle Riley,Central,Clothing,Bronze,3,2007,88.82,2.85,258.87,2026-01-02
TXN-0006840,Christine Carr,Central,Grocery,Bronze,1,2001,12.26,0.0,12.26,2024-03-29
TXN-0006841,Mark Page,West,Clothing,Bronze,3,1988,59.17,9.0,161.53,2024-07-10
TXN-0006842,Amy Burnett,Central,Clothing,Silver,5,1950,38.9,12.35,170.48,2025-02-02
TXN-0006843,Laura Patterson,West,Clothing,Gold,4,1992,39.76,14.71,135.65,2024-05-11
TXN-0006844,Emily Romero,South,Grocery,Gold,6,1978,13.54,17.46,67.06,2023-11-12
TXN-0006845,Michael Rivera,East,Grocery,Silver,2,2001,18.39,6.96,34.22,2025-02-04
TXN-0006846,Rebecca Jones,North,Electronics,Bronze,3,1990,136.01,0.0,408.03,2025-07-02
TXN-0006847,Eric Colon,South,Clothing,Bronze,4,1945,26.64,5.27,100.94,2025-06-27
TXN-0006848,Megan Burns DVM,South,Electronics,Platinum,3,1970,137.36,15.71,347.34,2025-01-11
TXN-0006849,Zachary Pearson,South,Electronics,Bronze,2,1949,128.52,9.39,232.9,2025-08-16
TXN-0006850,Michael Owens,Central,Clothing,Bronze,6,1951,29.82,0.0,178.92,2026-06-13
TXN-0006851,Anna Morse,Central,Grocery,Silver,1,1945,21.09,12.1,18.54,2024-11-26
TXN-0006852,Cheryl Sandoval,South,Home,Bronze,2,1993,113.59,8.74,207.32,2024-05-21
TXN-0006853,April Romero,West,Electronics,Bronze,3,1960,198.55,0.0,595.65,2024-07-15
TXN-0006854,Kevin Hernandez,South,Home,Platinum,5,1994,163.36,15.11,693.38,2024-03-11
TXN-0006855,Michael Morris,North,Grocery,Bronze,4,1991,12.15,3.98,46.67,2024-04-19
TXN-0006856,Tanner Ortiz,South,Clothing,Bronze,3,1965,37.46,7.61,103.83,2024-07-10
TXN-0006857,Gina Finley,South,Clothing,Bronze,3,1986,54.34,4.69,155.37,2023-11-07
TXN-0006858,Ralph Luna,South,Grocery,Bronze,1,1946,17.27,0.0,17.27,2026-05-05
TXN-0006859,Phillip Hayden,South,Electronics,Platinum,2,1957,167.66,25.65,249.31,2026-05-13
TXN-0006860,Melinda Long,North,Grocery,Silver,5,2002,24.12,15.09,102.4,2024-11-15
TXN-0006861,Jimmy Edwards,South,Grocery,Gold,3,1947,16.46,9.93,44.48,2026-04-25
TXN-0006862,Erin Wilson,Central,Sports,Gold,1,1950,107.66,14.6,91.94,2026-02-24
TXN-0006863,Brittney Wheeler,North,Electronics,Silver,2,1985,122.15,9.46,221.19,2026-05-06
TXN-0006864,Charles Anderson,South,Electronics,Silver,4,1961,133.99,6.28,502.3,2024-09-20
TXN-0006865,John Carter,East,Grocery,Silver,6,1962,12.2,4.12,70.18,2026-04-11
TXN-0006866,Erin Johnson,South,Home,Silver,3,1972,27.27,3.54,78.91,2024-09-22
TXN-0006867,Howard Richardson,East,Clothing,Silver,6,2005,29.81,1.04,177.0,2024-09-20
TXN-0006868,Victoria Williams,North,Home,Silver,4,1973,123.11,10.29,441.77,2026-08-30
TXN-0006869,Mrs. Jennifer Ruiz,East,Electronics,Silver,4,1969,235.35,5.47,889.91,2023-11-07
TXN-0006870,Jason Parker,East,Home,Silver,3,1977,57.52,13.08,149.99,2025-04-08
TXN-0006871,Rebecca Elliott,West,Sports,Bronze,4,1980,103.91,4.16,398.35,2024-01-29
TXN-0006872,Rebecca Rodriguez,East,Grocery,Silver,3,1958,7.69,6.96,21.46,2026-08-31
TXN-0006873,Juan Wright,South,Home,Silver,3,1949,62.73,12.34,164.97,2025-10-07
TXN-0006874,Anna Reid,South,Sports,Silver,4,1969,63.68,6.99,236.92,2024-04-23
TXN-0006875,Nicholas Floyd,South,Grocery,Silver,3,1978,26.03,5.27,73.97,2025-11-16
TXN-0006876,Erika Kim,East,Electronics,Gold,5,2003,301.09,15.81,1267.44,2026-04-24
TXN-0006877,Terrance Jackson,North,Grocery,Gold,2,1962,15.31,11.29,27.16,2025-09-25
TXN-0006878,William Banks,South,Electronics,Bronze,3,2000,156.21,2.79,455.56,2026-07-03
TXN-0006879,Mackenzie Diaz,West,Clothing,Bronze,4,1971,79.17,3.44,305.79,2025-04-30
TXN-0006880,Jason Neal,North,Home,Bronze,4,1950,197.66,2.38,771.82,2024-07-09
TXN-0006881,Aaron Scott,North,Electronics,Bronze,2,1947,242.49,3.5,468.01,2025-05-21
TXN-0006882,Robert Peterson,West,Electronics,Bronze,5,1994,104.75,3.5,505.42,2025-10-30
TXN-0006883,Cameron Russell,South,Home,Gold,6,1978,122.29,13.79,632.56,2025-10-03
TXN-0006884,Jessica Porter,West,Clothing,Gold,6,1979,43.87,11.29,233.5,2024-04-28
TXN-0006885,Mr. Robert Collins,Central,Home,Bronze,5,1994,146.96,0.0,734.8,2024-06-08
TXN-0006886,Crystal Taylor,Central,Clothing,Gold,2,1947,68.64,10.53,122.82,2024-07-24
TXN-0006887,William Ray,South,Grocery,Bronze,5,1950,12.58,0.0,62.9,2024-09-13
TXN-0006888,Deborah Colon,South,Sports,Gold,4,1994,110.42,15.41,373.62,2023-11-17
TXN-0006889,Joseph Benson,East,Electronics,Silver,4,1970,192.54,13.14,668.96,2025-06-23
TXN-0006890,Jennifer Bennett,East,Grocery,Silver,4,1954,20.69,7.08,76.9,2023-10-21
TXN-0006891,Sally Thomas,East,Electronics,Bronze,1,1991,161.69,6.41,151.33,2024-11-20
TXN-0006892,Stacy Hart,South,Clothing,Bronze,2,1960,45.79,0.0,91.58,2025-06-30
TXN-0006893,Michael Hernandez,North,Clothing,Bronze,2,1977,68.26,1.59,134.35,2024-09-07
TXN-0006894,Jade Rogers,South,Electronics,Silver,4,1949,345.75,6.5,1293.1,2026-08-05
TXN-0006895,Brian Mejia,North,Electronics,Gold,6,1962,312.01,15.17,1588.07,2024-08-08
TXN-0006896,Mason Moon,North,Grocery,Silver,5,1993,16.88,4.94,80.23,2024-08-10
TXN-0006897,Nathan Blanchard,Central,Grocery,Gold,4,1946,8.62,15.69,29.07,2024-01-08
TXN-0006898,Carrie Brown,North,Sports,Bronze,3,1989,61.92,3.32,179.59,2024-06-29
TXN-0006899,Christine Parker,East,Sports,Gold,5,1947,78.93,13.67,340.7,2025-08-10
TXN-0006900,Jeffrey Alvarez,Central,Clothing,Gold,4,1997,60.77,11.09,216.12,2026-05-13
TXN-0006901,Brian White,South,Electronics,Bronze,4,1999,219.12,0.0,876.48,2025-10-28
TXN-0006902,Matthew Jennings,East,Electronics,Silver,4,1976,206.3,5.51,779.73,2026-08-31
TXN-0006903,Sabrina Chapman,West,Home,Bronze,2,1996,116.65,4.7,222.33,2025-02-13
TXN-0006904,Sara Yang,South,Grocery,Bronze,1,1972,14.42,0.0,14.42,2025-09-07
TXN-0006905,Thomas Logan,East,Clothing,Bronze,4,1987,45.8,0.0,183.2,2024-10-15
TXN-0006906,Ashley Horn,West,Electronics,Silver,5,1979,109.58,6.05,514.75,2025-07-23
TXN-0006907,John Moore,West,Clothing,Gold,4,1979,60.24,10.1,216.62,2025-06-17
TXN-0006908,Amanda Brown,West,Sports,Bronze,1,1945,101.52,13.29,88.03,2023-12-01
TXN-0006909,Stacey Dixon,Central,Home,Gold,3,1983,130.84,13.88,338.04,2026-04-29
TXN-0006910,Jill Ramirez,South,Grocery,Gold,7,1993,7.48,11.63,46.27,2025-05-10
TXN-0006911,Anthony Mitchell,West,Home,Silver,5,2005,106.11,11.01,472.14,2025-01-26
TXN-0006912,Katherine Weaver,East,Clothing,Platinum,7,1997,38.19,19.8,214.4,2025-06-01
TXN-0006913,Rachel Macdonald,West,Clothing,Gold,4,1969,67.62,12.73,236.05,2026-05-04
TXN-0006914,Amy Lee,West,Grocery,Bronze,4,1948,12.47,8.42,45.68,2026-03-04
TXN-0006915,Matthew Rivas,West,Grocery,Platinum,4,1947,23.28,12.74,81.26,2026-04-07
TXN-0006916,Allison Miller,Central,Clothing,Silver,5,2002,43.85,3.65,211.25,2026-01-07
TXN-0006917,Jennifer Ray MD,South,Clothing,Bronze,5,1989,44.18,3.88,212.33,2025-12-21
TXN-0006918,Jason Barnes,West,Electronics,Bronze,3,1970,211.96,0.0,635.88,2026-06-20
TXN-0006919,Erica Yang,South,Electronics,Silver,4,1949,131.91,3.64,508.43,2026-09-25
TXN-0006920,Jason Kirk,East,Electronics,Platinum,5,1959,223.8,22.92,862.53,2023-11-26
TXN-0006921,Michael Smith,West,Electronics,Silver,7,1957,207.44,4.66,1384.41,2025-12-14
TXN-0006922,Ronald Baker,West,Grocery,Silver,1,1947,17.31,8.31,15.87,2024-03-15
TXN-0006923,Mark Rangel,South,Grocery,Bronze,3,1961,15.36,1.14,45.55,2025-08-29
TXN-0006924,Mrs. Julia Chavez DDS,East,Grocery,Gold,4,2006,28.14,14.25,96.52,2025-09-06
TXN-0006925,Johnny Escobar,South,Grocery,Bronze,4,2002,24.07,1.68,94.66,2023-12-02
TXN-0006926,Jeremy Cochran,North,Sports,Silver,2,1986,133.27,9.95,240.02,2024-10-13
TXN-0006927,Denise Stewart,South,Sports,Silver,3,1962,40.75,10.35,109.6,2025-12-11
TXN-0006928,Reginald Brown,Central,Clothing,Bronze,2,1983,49.71,0.0,99.42,2026-01-10
TXN-0006929,Charles Mendez,South,Electronics,Platinum,6,1958,136.43,14.37,700.95,2025-06-03
TXN-0006930,Jordan Morse,Central,Electronics,Platinum,8,1954,191.41,19.53,1232.22,2023-11-27
TXN-0006931,Brittney Boyd,South,Sports,Silver,2,1960,53.8,4.97,102.25,2026-02-10
TXN-0006932,Brandy Hogan,West,Electronics,Silver,4,1995,120.58,4.51,460.57,2025-05-21
TXN-0006933,James Ball,East,Clothing,Gold,4,1996,55.79,6.94,207.67,2025-12-07
TXN-0006934,Nicole Scott,West,Home,Bronze,5,1982,46.68,0.58,232.05,2026-06-03
TXN-0006935,Aaron Gonzalez,East,Home,Bronze,2,2000,44.51,2.15,87.11,2023-12-13
TXN-0006936,Matthew David Jr.,West,Home,Silver,3,1967,86.44,4.93,246.54,2024-07-18
TXN-0006937,Mitchell Daniels,Central,Grocery,Silver,7,1947,45.57,6.83,297.2,2024-12-23
TXN-0006938,Dakota Vaughn,East,Home,Silver,4,1984,93.65,9.28,339.84,2025-08-10
TXN-0006939,Jennifer Torres,North,Grocery,Silver,3,1991,15.78,11.96,41.68,2025-06-07
TXN-0006940,Sergio Massey,South,Electronics,Silver,3,1953,186.08,12.38,489.13,2025-01-13
TXN-0006941,Brianna Aguilar,West,Grocery,Bronze,5,1952,22.04,0.0,110.2,2024-12-15
TXN-0006942,Bryce Thompson,East,Home,Bronze,4,1971,86.05,0.0,344.2,2025-09-13
TXN-0006943,Deborah Hawkins,East,Electronics,Bronze,7,1985,126.28,0.0,883.96,2024-06-12
TXN-0006944,William Chambers,East,Sports,Bronze,3,1954,43.32,4.86,123.64,2025-07-15
TXN-0006945,Ryan Conner,South,Sports,Gold,8,1986,102.79,13.64,710.16,2024-12-28
TXN-0006946,Larry Rowland,West,Grocery,Gold,3,1952,15.27,17.97,37.58,2026-05-07
TXN-0006947,Deborah Smith,West,Sports,Bronze,5,1964,88.54,2.63,431.06,2023-12-21
TXN-0006948,Timothy Wilson,West,Clothing,Silver,6,2007,79.61,5.05,453.54,2026-09-03
TXN-0006949,Jose Ramsey,West,Electronics,Bronze,5,1948,143.7,1.83,705.35,2025-12-09
TXN-0006950,Shane Garcia,Central,Electronics,Silver,3,1962,95.8,6.24,269.47,2024-05-05
TXN-0006951,John Banks,East,Grocery,Platinum,4,1964,16.63,17.48,54.89,2025-09-17
TXN-0006952,Amy Wilcox,Central,Grocery,Bronze,2,1945,17.05,2.3,33.32,2026-06-27
TXN-0006953,Darrell Coleman,North,Sports,Gold,4,1986,89.19,9.94,321.3,2025-08-29
TXN-0006954,Jacqueline Ramos,East,Grocery,Bronze,6,1958,14.73,6.86,82.32,2024-02-15
TXN-0006955,Michael Wong,West,Home,Bronze,6,1968,72.37,0.0,434.22,2025-11-13
TXN-0006956,Bradley Brown,East,Electronics,Silver,1,1968,139.8,11.21,124.13,2024-03-21
TXN-0006957,Anna House,South,Electronics,Gold,4,1996,182.24,11.24,647.02,2024-07-03
TXN-0006958,April Rhodes,East,Home,Silver,4,1945,123.32,0.0,493.28,2026-03-25
TXN-0006959,Brian Peters,South,Grocery,Gold,6,1972,40.73,6.7,228.01,2026-09-13
TXN-0006960,Nicholas Smith,Central,Electronics,Gold,4,1984,314.28,12.77,1096.59,2026-01-23
TXN-0006961,Gregory Roberts,South,Sports,Silver,3,1999,71.57,5.52,202.86,2024-04-25
TXN-0006962,Michael Conrad,North,Grocery,Bronze,5,1977,14.0,3.43,67.6,2025-05-30
TXN-0006963,Michael Thompson,East,Clothing,Bronze,1,1954,44.22,0.51,43.99,2025-07-01
TXN-0006964,William Jackson,South,Sports,Silver,3,1966,47.37,9.02,129.29,2025-02-11
TXN-0006965,Julie Conway,North,Home,Silver,6,1963,94.0,7.04,524.29,2025-08-28
TXN-0006966,Kara Wong,East,Grocery,Bronze,6,2000,12.73,4.28,73.11,2023-11-05
TXN-0006967,Martha Dalton,East,Clothing,Bronze,3,1987,37.33,5.03,106.36,2024-07-01
TXN-0006968,David Greene,North,Clothing,Bronze,3,1960,38.21,3.78,110.3,2025-09-01
TXN-0006969,Sean Huerta,East,Electronics,Bronze,3,1988,218.36,0.96,648.79,2026-04-02
TXN-0006970,Dawn Wolf,East,Home,Silver,2,1950,87.44,11.98,153.93,2024-08-06
TXN-0006971,James Gregory,West,Grocery,Gold,3,1993,11.17,12.76,29.23,2025-09-03
TXN-0006972,Natalie Caldwell,South,Sports,Gold,2,1951,102.09,10.46,182.82,2024-02-15
TXN-0006973,Douglas Sullivan,South,Sports,Platinum,8,1948,113.8,18.51,741.88,2024-10-20
TXN-0006974,Richard Clark,Central,Electronics,Silver,4,1994,136.22,8.35,499.38,2025-02-12
TXN-0006975,Todd Buchanan,East,Sports,Bronze,5,1979,57.01,5.49,269.4,2026-09-06
TXN-0006976,Anna Villanueva,North,Electronics,Silver,2,1966,117.9,9.33,213.8,2026-07-01
TXN-0006977,Jimmy Norman,West,Electronics,Gold,4,1957,175.57,15.34,594.55,2024-06-08
TXN-0006978,Crystal Wallace,North,Grocery,Silver,6,2001,24.76,5.71,140.08,2024-04-06
TXN-0006979,Paul Figueroa,West,Sports,Silver,2,1986,79.56,10.8,141.94,2024-02-16
TXN-0006980,Melissa West,West,Sports,Silver,2,1950,46.83,7.02,87.09,2024-03-23
TXN-0006981,Natasha Lester,Central,Grocery,Bronze,3,1959,26.12,0.1,78.28,2025-08-26
TXN-0006982,Abigail Moreno,Central,Electronics,Bronze,1,1979,156.99,0.0,156.99,2026-06-08
TXN-0006983,Randall Stokes,South,Electronics,Bronze,3,1984,149.13,4.12,428.96,2025-04-13
TXN-0006984,Kyle Williams,West,Electronics,Bronze,3,1963,186.05,0.0,558.15,2024-02-07
TXN-0006985,Edward Cummings,South,Home,Gold,7,1950,129.67,9.2,824.18,2025-12-19
TXN-0006986,Angela Nelson,East,Home,Bronze,2,2004,60.42,0.0,120.84,2025-05-16
TXN-0006987,Kaylee Lewis,East,Electronics,Bronze,4,2000,100.05,5.13,379.67,2025-11-30
TXN-0006988,Gail Morales,North,Home,Gold,5,1975,88.5,13.6,382.32,2026-05-05
TXN-0006989,Andrew Kelly,North,Home,Gold,5,1962,88.87,14.79,378.63,2024-06-02
TXN-0006990,Gary Cunningham,North,Grocery,Silver,5,1962,24.68,6.24,115.7,2025-05-08
TXN-0006991,Jessica White,North,Clothing,Bronze,2,1957,85.72,2.14,167.77,2026-01-29
TXN-0006992,David Thomas,South,Clothing,Silver,1,1947,46.12,6.85,42.96,2025-05-11
TXN-0006993,Kevin Davis,Central,Grocery,Silver,2,2007,20.19,2.93,39.2,2023-12-05
TXN-0006994,Michael Brown,East,Grocery,Gold,2,1975,21.14,15.85,35.58,2024-06-19
TXN-0006995,Jacqueline Steele,West,Clothing,Bronze,3,1959,66.83,0.0,200.49,2025-03-01
TXN-0006996,Joseph Jenkins,West,Electronics,Gold,7,1954,90.72,11.1,564.55,2026-02-22
TXN-0006997,Jorge Spencer,West,Sports,Silver,3,1975,90.02,8.29,247.67,2026-07-18
TXN-0006998,Erica Walker MD,South,Grocery,Silver,4,1949,13.46,10.62,48.12,2024-05-18
TXN-0006999,Ronald Jenkins,West,Electronics,Bronze,3,1997,195.46,0.0,586.38,2024-06-05
TXN-0007000,Christine Cardenas,West,Home,Gold,3,1954,60.04,15.67,151.9,2024-05-09
TXN-0007001,Michael Curtis,West,Home,Silver,1,2003,91.86,8.15,84.37,2024-07-01
TXN-0007002,Sarah Smith,Central,Electronics,Bronze,7,1977,143.57,1.23,992.63,2023-12-16
TXN-0007003,Stacey Hernandez,East,Electronics,Bronze,1,1972,337.16,1.7,331.43,2025-07-10
TXN-0007004,Deborah Reed,East,Sports,Bronze,4,1960,54.79,1.67,215.5,2025-01-18
TXN-0007005,Kathleen Randolph,Central,Home,Bronze,2,1983,64.05,2.8,124.51,2025-01-20
TXN-0007006,Samuel Phillips,East,Electronics,Bronze,5,1971,267.09,6.03,1254.92,2025-08-21
TXN-0007007,Samantha Holmes,West,Grocery,Bronze,2,1963,24.22,3.02,46.98,2024-12-19
TXN-0007008,Kari Conner,North,Home,Silver,2,1977,97.8,6.05,183.77,2026-05-28
TXN-0007009,Michelle Thomas,North,Home,Silver,1,1947,75.03,5.42,70.96,2024-07-04
TXN-0007010,Peter Campbell,East,Clothing,Silver,2,1948,36.23,7.49,67.03,2024-03-28
TXN-0007011,Dawn Daniel,North,Electronics,Silver,2,2007,135.54,5.34,256.6,2024-04-19
TXN-0007012,Eric Smith,Central,Electronics,Bronze,2,1980,130.62,0.0,261.24,2024-08-08
TXN-0007013,David Bryant,North,Sports,Silver,5,1999,57.78,11.01,257.09,2023-10-03
TXN-0007014,Nathan Ellison,West,Home,Silver,2,1973,74.06,6.55,138.42,2026-05-22
TXN-0007015,Victoria Hobbs,South,Grocery,Gold,6,2000,14.57,12.37,76.61,2024-10-25
TXN-0007016,Jeffrey Ellis,Central,Electronics,Bronze,2,1980,220.81,6.72,411.94,2023-10-16
TXN-0007017,Mr. Robert Cooper Jr.,South,Grocery,Gold,8,1984,10.89,11.2,77.36,2025-09-09
TXN-0007018,Catherine Griffin,North,Home,Gold,3,1989,101.77,14.49,261.07,2025-11-09
TXN-0007019,Jessica Calhoun,North,Grocery,Gold,3,1960,19.48,12.98,50.85,2025-11-10
TXN-0007020,Lisa Lawrence,East,Clothing,Silver,2,1989,52.97,8.21,97.24,2026-01-19
TXN-0007021,Julia Ruiz,Central,Home,Bronze,2,1949,112.05,0.0,224.1,2023-10-06
TXN-0007022,Gary Scott,Central,Electronics,Platinum,4,1988,183.3,23.16,563.39,2026-04-29
TXN-0007023,Edward Jones,South,Electronics,Gold,2,1976,163.41,19.22,264.01,2025-11-02
TXN-0007024,Brian Bishop,East,Grocery,Gold,6,1949,26.11,9.72,141.43,2024-10-01
TXN-0007025,Miranda Perkins DDS,North,Electronics,Gold,2,1960,66.79,15.66,112.66,2024-08-29
TXN-0007026,Zachary Stark,East,Electronics,Gold,6,2001,339.7,13.42,1764.67,2026-03-30
TXN-0007027,Tonya Graham,East,Sports,Gold,4,1974,111.53,14.29,382.37,2026-07-18
TXN-0007028,Faith Ritter,South,Clothing,Bronze,5,1996,99.26,3.62,478.33,2025-10-05
TXN-0007029,Lauren King DVM,East,Home,Silver,6,1991,65.43,2.61,382.33,2025-09-01
TXN-0007030,Alyssa Hernandez,Central,Grocery,Silver,5,2000,18.24,4.23,87.34,2025-06-26
TXN-0007031,William Mitchell,North,Grocery,Gold,5,1991,19.85,12.15,87.19,2025-08-14
TXN-0007032,Larry Henderson,South,Electronics,Silver,4,1955,139.03,11.28,493.39,2024-01-29
TXN-0007033,Hannah Wilson,South,Home,Silver,5,1983,94.87,5.94,446.17,2026-04-18
TXN-0007034,Veronica Ortiz,North,Home,Platinum,9,1981,97.71,21.64,689.09,2026-04-17
TXN-0007035,Brandy Anderson,North,Clothing,Silver,1,2007,35.8,7.2,33.22,2023-10-08
TXN-0007036,Shawna Brown,East,Grocery,Bronze,4,2003,23.12,2.24,90.41,2024-10-12
TXN-0007037,Julie Sandoval,North,Sports,Silver,3,1980,93.59,7.53,259.63,2026-01-25
TXN-0007038,David Johnson,West,Electronics,Bronze,3,2003,125.11,0.0,375.33,2024-12-03
TXN-0007039,David Gray,Central,Electronics,Bronze,3,2004,100.66,1.46,297.57,2026-05-17
TXN-0007040,Carlos Reid,Central,Grocery,Silver,5,1968,18.67,5.57,88.15,2026-05-31
TXN-0007041,David Lewis,West,Home,Platinum,4,1965,66.97,19.8,214.84,2026-02-10
TXN-0007042,Michael Stokes,North,Grocery,Bronze,2,1998,19.78,0.0,39.56,2024-08-15
TXN-0007043,Michelle Kerr,North,Electronics,Bronze,3,1986,121.21,8.36,333.23,2023-12-12
TXN-0007044,Jason Wong,South,Electronics,Silver,1,1974,270.24,1.03,267.46,2024-07-11
TXN-0007045,Jesus Sawyer,Central,Grocery,Silver,4,2002,14.15,1.14,55.95,2024-05-15
TXN-0007046,Scott Marsh,Central,Sports,Bronze,4,1950,54.85,3.49,211.74,2023-12-22
TXN-0007047,Mario Clark,South,Electronics,Silver,5,1983,161.35,9.88,727.04,2026-07-08
TXN-0007048,Katherine Boone,South,Grocery,Silver,7,2006,10.29,12.62,62.94,2025-03-23
TXN-0007049,Katherine Chang,East,Clothing,Platinum,4,1998,40.62,19.08,131.48,2023-11-24
TXN-0007050,James Jones,South,Electronics,Bronze,6,1964,89.62,2.01,526.91,2024-05-10
TXN-0007051,Elizabeth Dean,Central,Home,Silver,2,1998,96.94,8.75,176.92,2023-11-17
TXN-0007052,Kayla Bennett,South,Clothing,Gold,4,1963,76.1,17.9,249.91,2026-07-30
TXN-0007053,Gabriel Whitaker,South,Grocery,Bronze,3,1945,15.49,0.0,46.47,2026-03-14
TXN-0007054,Timothy Martin,South,Clothing,Gold,3,2001,85.31,13.68,220.92,2026-04-22
TXN-0007055,Melanie Thompson,North,Home,Bronze,1,2000,66.84,4.24,64.01,2025-01-03
TXN-0007056,Todd Melendez,South,Electronics,Bronze,1,1991,135.9,0.83,134.77,2025-02-23
TXN-0007057,Kimberly Reynolds,West,Grocery,Bronze,3,2000,24.62,3.52,71.26,2024-02-11
TXN-0007058,Timothy Flowers,North,Sports,Bronze,5,1967,96.36,0.0,481.8,2023-12-13
TXN-0007059,Jeanette Nielsen,East,Clothing,Gold,4,1954,64.53,17.27,213.54,2024-03-15
TXN-0007060,Paige Thompson,South,Clothing,Silver,2,1995,81.11,0.83,160.87,2025-07-06
TXN-0007061,Brooke Schwartz,North,Sports,Gold,3,1969,73.66,12.09,194.26,2024-06-30
TXN-0007062,Donna Stephenson,North,Electronics,Gold,5,1946,177.9,14.99,756.16,2024-06-04
TXN-0007063,Andrew Miller,South,Grocery,Bronze,2,1967,14.18,0.99,28.08,2026-08-07
TXN-0007064,Michael Olsen,North,Home,Platinum,5,1981,176.61,22.99,680.04,2024-12-12
TXN-0007065,Sharon Stevens,South,Sports,Gold,4,1984,64.07,13.24,222.35,2026-05-04
TXN-0007066,Nicole Jackson,West,Clothing,Bronze,3,1962,51.05,3.05,148.48,2026-07-20
TXN-0007067,Tabitha Clark,West,Clothing,Gold,5,1967,59.19,14.98,251.62,2026-09-06
TXN-0007068,James Kim,Central,Clothing,Gold,2,1979,69.47,12.82,121.13,2026-09-19
TXN-0007069,Richard Noble,South,Electronics,Silver,3,1997,201.36,1.21,596.77,2026-04-09
TXN-0007070,Kimberly Taylor,West,Electronics,Bronze,2,1965,61.99,8.13,113.9,2026-03-05
TXN-0007071,Michaela Strickland,West,Sports,Bronze,4,1970,139.2,6.79,518.99,2026-02-17
TXN-0007072,Charles Ford,South,Clothing,Platinum,4,1990,96.62,22.53,299.41,2024-06-29
TXN-0007073,Allen Sanchez,South,Electronics,Silver,5,1955,248.02,5.73,1169.04,2025-09-04
TXN-0007074,Xavier Webb,East,Clothing,Gold,1,1985,57.89,14.56,49.46,2026-03-15
TXN-0007075,Sandra Kim,West,Clothing,Gold,5,1954,85.12,6.96,395.98,2025-04-09
TXN-0007076,Patrick Russell,East,Home,Bronze,4,1990,98.65,0.0,394.6,2023-11-22
TXN-0007077,Crystal Walker,South,Electronics,Platinum,6,2003,174.61,28.43,749.81,2024-02-19
TXN-0007078,Hannah Berg,Central,Grocery,Silver,3,1989,22.98,2.66,67.11,2025-01-04
TXN-0007079,Tina Padilla,North,Grocery,Gold,5,1981,21.77,11.94,95.85,2025-02-10
TXN-0007080,Mr. Jeffery Lee,Central,Electronics,Bronze,2,1992,228.97,2.51,446.45,2025-04-22
TXN-0007081,Shannon York,West,Grocery,Bronze,1,1981,8.48,3.21,8.21,2025-05-08
TXN-0007082,Matthew Wang,West,Clothing,Bronze,1,2006,53.32,2.0,52.25,2024-01-11
TXN-0007083,Gary Morgan,West,Clothing,Bronze,1,1951,35.87,0.71,35.62,2025-07-22
TXN-0007084,Kevin Robinson,South,Sports,Bronze,4,1972,103.89,1.64,408.74,2026-01-30
TXN-0007085,Patty Walker,East,Sports,Bronze,4,1981,54.5,5.98,204.96,2024-01-06
TXN-0007086,Samantha Jackson,West,Clothing,Silver,2,1992,49.81,9.23,90.43,2024-12-25
TXN-0007087,Tim West,West,Home,Gold,2,1965,124.9,15.39,211.36,2025-09-28
TXN-0007088,Emily Martin,South,Clothing,Bronze,5,1958,86.94,0.0,434.7,2024-04-24
TXN-0007089,Phillip Maddox,North,Home,Bronze,3,1962,122.59,3.84,353.65,2024-04-04
TXN-0007090,George Odonnell,South,Grocery,Silver,4,2005,23.43,7.44,86.75,2026-09-11
TXN-0007091,Molly Graves,East,Electronics,Silver,2,1985,105.6,4.78,201.1,2024-11-27
TXN-0007092,Kent Cole,East,Sports,Silver,6,1998,52.54,13.45,272.84,2025-02-20
TXN-0007093,Judith Johnson,West,Grocery,Platinum,3,1988,11.26,14.86,28.76,2025-12-24
TXN-0007094,Jason Maddox,West,Electronics,Bronze,5,1951,110.56,1.88,542.41,2025-07-01
TXN-0007095,Tiffany Ward,West,Grocery,Silver,2,1989,19.02,11.14,33.8,2025-12-21
TXN-0007096,Marcia Lin,South,Grocery,Gold,2,1995,25.59,13.55,44.25,2024-08-18
TXN-0007097,Matthew Hall,East,Clothing,Silver,6,2003,78.1,0.13,467.99,2026-09-12
TXN-0007098,Richard Russo,South,Home,Silver,6,1981,47.08,12.04,248.47,2024-08-17
TXN-0007099,Adam Maynard,South,Grocery,Platinum,9,1965,17.77,14.04,137.48,2026-05-05
TXN-0007100,Michael Hurst,North,Sports,Bronze,3,1970,68.14,0.0,204.42,2023-12-27
TXN-0007101,Jessica Reese,South,Clothing,Bronze,2,1990,24.44,5.38,46.25,2024-03-15
TXN-0007102,Michael Hanson,South,Grocery,Bronze,5,1951,24.07,0.0,120.35,2026-03-03
TXN-0007103,Michael Campbell,East,Grocery,Gold,2,1995,23.83,12.1,41.89,2026-06-01
TXN-0007104,Heather Marshall,North,Sports,Gold,3,1984,60.63,9.59,164.45,2025-12-27
TXN-0007105,Alyssa Hopkins,South,Electronics,Bronze,3,1973,143.57,2.25,421.02,2024-02-11
TXN-0007106,Christopher Byrd,North,Home,Silver,2,1977,94.7,11.19,168.21,2025-10-18
TXN-0007107,Erik Pittman,East,Grocery,Silver,3,1945,20.81,1.48,61.51,2026-09-01
TXN-0007108,Diana Moore,East,Electronics,Bronze,2,1997,127.5,2.85,247.73,2026-04-24
TXN-0007109,John Johnson,South,Clothing,Gold,7,2004,40.72,6.97,265.17,2024-12-17
TXN-0007110,Erica Brown,North,Home,Bronze,2,1969,61.54,9.35,111.57,2025-07-22
TXN-0007111,Nathan Perez,Central,Home,Gold,1,1987,151.55,9.77,136.74,2026-04-30
TXN-0007112,Laura Johnson,East,Grocery,Gold,5,1977,27.58,14.97,117.26,2025-01-31
TXN-0007113,Nathan Wagner,West,Electronics,Bronze,3,1954,109.16,3.03,317.56,2024-11-04
TXN-0007114,Peter Thomas,East,Grocery,Silver,4,1972,13.16,7.47,48.71,2025-12-22
TXN-0007115,Henry Dunn,West,Clothing,Gold,5,1995,37.94,11.46,167.96,2026-03-09
TXN-0007116,Steven Kelley,Central,Grocery,Bronze,3,1950,10.7,0.0,32.1,2026-05-23
TXN-0007117,Mrs. Megan Potts MD,South,Clothing,Bronze,5,1980,108.88,7.16,505.42,2025-03-30
TXN-0007118,Jim Monroe,West,Electronics,Gold,3,1974,123.74,9.7,335.21,2024-04-16
TXN-0007119,Jamie Smith,South,Sports,Silver,1,1975,97.84,6.59,91.39,2026-05-09
TXN-0007120,Joanna Martin,West,Grocery,Silver,5,2005,15.99,5.79,75.32,2026-02-18
TXN-0007121,Andrea Flores,South,Clothing,Bronze,5,1970,50.93,5.44,240.8,2025-11-07
TXN-0007122,Lee Keller,North,Clothing,Silver,6,1946,49.71,14.96,253.64,2025-12-13
TXN-0007123,Michael Perkins,Central,Home,Silver,4,1979,102.35,4.61,390.53,2026-06-05
TXN-0007124,Heather Simpson,West,Sports,Bronze,4,1991,70.3,2.49,274.2,2025-11-09
TXN-0007125,Lisa Wood,South,Clothing,Bronze,4,1996,71.4,5.76,269.15,2025-11-01
TXN-0007126,Steven Nguyen,Central,Sports,Silver,5,1971,112.38,11.66,496.38,2024-07-03
TXN-0007127,Melissa Hughes,South,Clothing,Silver,9,1967,44.27,6.46,372.69,2026-05-01
TXN-0007128,Lynn Ramos,East,Grocery,Bronze,3,1956,19.33,1.59,57.07,2024-09-23
TXN-0007129,Jacob Wu,West,Clothing,Gold,4,1961,31.05,17.49,102.48,2024-12-22
TXN-0007130,Stephanie Hansen,South,Electronics,Bronze,4,1987,133.28,0.0,533.12,2024-07-24
TXN-0007131,Teresa Norris,East,Sports,Gold,4,1981,75.48,16.19,253.04,2023-09-30
TXN-0007132,Samuel Prince,West,Electronics,Bronze,3,1968,149.23,0.0,447.69,2024-03-29
TXN-0007133,Timothy Dunlap,North,Sports,Silver,3,2002,72.2,7.52,200.31,2023-11-04
TXN-0007134,Patricia Brewer,South,Electronics,Silver,2,2007,191.71,7.22,355.74,2025-09-19
TXN-0007135,Patricia Jones,South,Clothing,Silver,7,1987,70.9,4.88,472.08,2026-05-26
TXN-0007136,Anne Jones,West,Sports,Platinum,4,1977,35.64,21.09,112.49,2024-03-29
TXN-0007137,Cathy Evans,North,Grocery,Bronze,4,1990,19.19,0.75,76.18,2024-08-15
TXN-0007138,Katherine Page,South,Electronics,Bronze,2,1971,143.31,5.54,270.74,2026-05-10
TXN-0007139,Anthony Harris,West,Home,Bronze,4,1957,76.03,0.0,304.12,2025-07-03
TXN-0007140,Mary Wells,North,Electronics,Silver,2,2005,260.8,3.34,504.18,2025-07-02
TXN-0007141,Marcus Baker,South,Grocery,Gold,4,1998,9.73,13.39,33.71,2023-12-07
TXN-0007142,Jose Hampton,West,Electronics,Bronze,3,1962,157.05,1.75,462.9,2025-02-27
TXN-0007143,Trevor Lopez,West,Home,Gold,4,1947,148.93,18.29,486.76,2025-03-24
TXN-0007144,Melinda Allen,North,Electronics,Silver,5,2006,164.08,6.91,763.71,2026-02-14
TXN-0007145,Anna Jackson,West,Grocery,Platinum,4,2006,12.91,20.0,41.31,2026-06-14
TXN-0007146,Sherry Mitchell PhD,West,Sports,Bronze,4,1993,69.53,0.0,278.12,2024-08-22
TXN-0007147,Curtis Mejia,South,Grocery,Platinum,3,1981,33.46,20.67,79.63,2023-10-15
TXN-0007148,Mathew Bauer,West,Clothing,Silver,5,1979,82.89,3.0,402.02,2026-06-19
TXN-0007149,David Thompson,West,Electronics,Platinum,5,1949,133.47,19.34,538.28,2024-08-05
TXN-0007150,Samantha Santana,East,Electronics,Silver,2,1968,273.8,3.79,526.85,2026-09-03
TXN-0007151,Ronald Martin,East,Grocery,Bronze,2,1964,22.5,3.8,43.29,2024-12-08
TXN-0007152,Evan Carroll,West,Electronics,Gold,6,1949,65.72,12.62,344.56,2024-10-27
TXN-0007153,Diane Roth,Central,Home,Silver,4,1949,86.72,11.03,308.62,2024-01-11
TXN-0007154,Dawn Taylor,East,Clothing,Bronze,4,2004,104.18,0.0,416.72,2025-01-18
TXN-0007155,Cynthia Moore,West,Sports,Silver,2,1951,71.0,7.13,131.88,2025-01-06
TXN-0007156,Adam Spencer,West,Home,Gold,3,1985,153.24,13.43,397.98,2025-11-23
TXN-0007157,Tina Harrington,West,Home,Silver,4,2005,54.47,6.46,203.8,2026-01-29
TXN-0007158,Eric Richmond,Central,Sports,Bronze,2,1978,47.44,5.77,89.41,2025-02-12
TXN-0007159,Deborah Shaw,North,Sports,Gold,4,1959,111.48,12.72,389.2,2023-10-07
TXN-0007160,Barry Lewis,North,Home,Silver,2,1986,121.27,3.31,234.51,2024-03-22
TXN-0007161,Loretta Holt,East,Grocery,Bronze,4,1954,17.84,3.36,68.96,2026-08-28
TXN-0007162,Jessica Perry,East,Home,Bronze,4,2000,121.99,8.22,447.85,2025-02-26
TXN-0007163,David Weiss,East,Clothing,Bronze,2,1962,44.7,0.0,89.4,2025-03-11
TXN-0007164,Bruce Johnson,West,Electronics,Silver,5,1963,107.87,6.71,503.16,2025-06-04
TXN-0007165,Brandon Dominguez,Central,Grocery,Bronze,4,1980,20.61,2.67,80.24,2026-02-27
TXN-0007166,Bradley Walker,South,Grocery,Bronze,4,1977,16.28,5.24,61.71,2026-05-11
TXN-0007167,Kevin Torres,West,Electronics,Bronze,6,2002,185.12,4.58,1059.85,2023-11-12
TXN-0007168,Luke Sampson,North,Electronics,Gold,4,1996,171.99,13.39,595.84,2024-06-26
TXN-0007169,Joshua Rice,East,Grocery,Silver,3,1960,16.01,5.49,45.39,2024-07-25
TXN-0007170,James Jenkins,North,Electronics,Silver,4,2000,309.4,5.32,1171.76,2025-02-22
TXN-0007171,Brooke Wilson,East,Grocery,Silver,4,1960,12.52,8.64,45.75,2025-03-05
TXN-0007172,Megan Melton,East,Grocery,Bronze,2,1989,18.99,0.0,37.98,2026-08-07
TXN-0007173,Christian Lambert,West,Clothing,Gold,4,1997,53.23,8.13,195.61,2025-10-11
TXN-0007174,James Hoffman,East,Clothing,Bronze,1,1982,61.25,1.18,60.53,2025-10-04
TXN-0007175,Christine Ramos,South,Clothing,Bronze,2,1960,55.91,0.16,111.64,2023-11-22
TXN-0007176,Philip Ibarra,North,Clothing,Bronze,3,1969,80.26,0.64,239.24,2026-06-26
TXN-0007177,Katherine Frey,North,Home,Bronze,3,2000,100.41,3.85,289.63,2024-04-25
TXN-0007178,Michelle Dominguez,Central,Grocery,Bronze,2,1960,14.33,2.31,28.0,2025-10-14
TXN-0007179,John Smith,Central,Grocery,Silver,3,1954,12.57,6.17,35.38,2024-05-26
TXN-0007180,Melissa Winters,South,Electronics,Bronze,3,1985,122.23,0.0,366.69,2026-05-29
TXN-0007181,Brian Hunter,South,Grocery,Bronze,3,1997,13.54,0.57,40.39,2025-09-12
TXN-0007182,Donna Morris,South,Clothing,Silver,3,1989,69.74,1.32,206.46,2026-01-09
TXN-0007183,Ashley Bowen,West,Grocery,Silver,4,1964,17.49,4.27,66.97,2025-03-01
TXN-0007184,Allison Clay,South,Electronics,Gold,2,1975,183.75,10.17,330.13,2025-09-15
TXN-0007185,Troy Baker,North,Home,Bronze,3,1969,55.57,2.03,163.33,2025-07-02
TXN-0007186,Alexis Snyder,South,Home,Gold,3,2004,80.58,13.19,209.85,2023-12-24
TXN-0007187,Joseph Carrillo,South,Clothing,Silver,4,1982,65.13,6.11,244.6,2025-12-15
TXN-0007188,Ronald Crawford,South,Sports,Silver,2,1954,107.93,3.0,209.38,2025-01-05
TXN-0007189,Michael Howard,North,Electronics,Bronze,3,1948,95.14,0.0,285.42,2026-02-21
TXN-0007190,Judy Perez,West,Electronics,Silver,1,1977,276.98,11.71,244.55,2026-08-16
TXN-0007191,Nicole Clark,East,Home,Bronze,2,1972,149.03,0.0,298.06,2025-01-30
TXN-0007192,Russell Bates,South,Home,Silver,2,1987,128.51,5.98,241.65,2026-02-06
TXN-0007193,Kathy Jones,East,Clothing,Silver,9,1977,85.65,5.31,729.92,2026-01-07
TXN-0007194,Sarah Garner,East,Clothing,Bronze,4,2004,48.18,5.01,183.06,2023-10-27
TXN-0007195,Emily Oneal,West,Electronics,Bronze,1,1993,121.02,3.02,117.37,2024-08-16
TXN-0007196,Vanessa Maddox,Central,Grocery,Gold,4,1961,18.54,10.49,66.38,2026-03-12
TXN-0007197,Olivia Berry,North,Home,Silver,4,1998,100.0,8.8,364.8,2026-08-27
TXN-0007198,Raymond Brown,Central,Clothing,Silver,2,1960,44.19,2.26,86.38,2025-02-24
TXN-0007199,Joel Smith,West,Clothing,Platinum,6,1989,67.6,19.65,325.9,2025-03-30
TXN-0007200,Diana Sloan,West,Sports,Bronze,4,1975,122.83,0.0,491.32,2024-01-08
TXN-0007201,Tracy Sanders,South,Sports,Silver,3,1974,102.6,8.1,282.87,2024-05-16
TXN-0007202,Shannon Taylor,South,Electronics,Gold,3,1989,162.67,11.51,431.84,2024-12-06
TXN-0007203,Colleen Murray,North,Grocery,Bronze,3,1964,7.66,1.21,22.7,2023-11-15
TXN-0007204,Brian Maldonado,Central,Electronics,Bronze,2,1964,93.47,6.23,175.29,2025-03-07
TXN-0007205,Alexa Johnson,East,Electronics,Gold,2,1945,154.82,10.37,277.53,2025-05-02
TXN-0007206,Thomas Hill Jr.,South,Grocery,Bronze,3,1977,22.54,0.0,67.62,2026-05-28
TXN-0007207,David Robinson,East,Sports,Bronze,2,2005,45.59,0.0,91.18,2026-01-04
TXN-0007208,Andre Goodwin,North,Electronics,Bronze,4,1953,165.46,2.17,647.48,2024-06-11
TXN-0007209,Joseph Henry,North,Grocery,Gold,6,1992,23.09,12.76,120.86,2026-03-02
TXN-0007210,Michael Steele,East,Grocery,Silver,2,2003,17.6,9.55,31.84,2026-04-25
TXN-0007211,Lisa Curtis,East,Grocery,Bronze,4,1988,14.48,1.87,56.84,2025-05-25
TXN-0007212,George Oconnor,West,Grocery,Silver,2,1957,10.71,8.17,19.67,2024-07-15
TXN-0007213,Katherine Thomas,West,Home,Silver,5,1962,117.94,8.82,537.69,2026-04-09
TXN-0007214,Erika Weaver,East,Sports,Silver,2,1960,59.65,8.27,109.43,2024-03-27
TXN-0007215,Melissa Pierce,West,Electronics,Gold,2,1945,284.69,12.54,497.98,2025-01-18
TXN-0007216,Donald Stewart,North,Home,Bronze,3,1971,95.75,3.88,276.1,2026-09-27
TXN-0007217,Christine Hammond,West,Clothing,Silver,4,1979,62.59,9.26,227.18,2025-01-28
TXN-0007218,Tina Harrington,West,Grocery,Silver,4,1953,24.09,10.51,86.23,2023-11-16
TXN-0007219,Tamara Stone,South,Electronics,Gold,3,2001,140.84,20.98,333.88,2024-11-22
TXN-0007220,Paul Patterson,North,Clothing,Silver,5,2005,64.83,3.5,312.8,2025-07-01
TXN-0007221,Susan Kelley,South,Grocery,Bronze,3,1950,14.36,3.81,41.44,2024-02-09
TXN-0007222,James Hart DDS,North,Clothing,Silver,3,1986,41.56,6.94,116.03,2025-11-08
TXN-0007223,David Smith,East,Clothing,Silver,2,1990,39.98,7.7,73.8,2024-10-01
TXN-0007224,David Scott,North,Clothing,Silver,2,1986,46.34,9.65,83.74,2025-04-27
TXN-0007225,Eric Fisher,West,Grocery,Bronze,3,1990,37.0,2.78,107.91,2025-08-30
TXN-0007226,Kelly Rojas,North,Clothing,Bronze,4,1957,40.09,0.0,160.36,2025-01-10
TXN-0007227,Deborah Long,North,Clothing,Bronze,3,1950,68.18,0.17,204.19,2024-08-28
TXN-0007228,Brandon Johnson II,South,Home,Bronze,2,1966,83.13,4.01,159.59,2025-12-21
TXN-0007229,Gregory Jackson,North,Sports,Bronze,5,1993,50.39,0.0,251.95,2025-01-09
TXN-0007230,James Martinez,Central,Grocery,Bronze,3,1957,23.75,0.0,71.25,2024-06-25
TXN-0007231,Eric Hunt,South,Electronics,Bronze,1,1986,134.15,0.94,132.89,2024-03-20
TXN-0007232,Ricardo King,South,Sports,Bronze,4,1950,64.15,0.0,256.6,2025-05-01
TXN-0007233,Jeffrey Stephens,North,Grocery,Platinum,7,1950,26.3,17.33,152.2,2023-11-25
TXN-0007234,Michelle Warner,South,Grocery,Silver,7,1972,16.42,13.79,99.09,2024-08-06
TXN-0007235,Angel Ryan,East,Home,Bronze,3,1961,97.34,0.09,291.76,2024-02-18
TXN-0007236,Eric Lowery,West,Electronics,Silver,6,1973,158.45,8.34,871.41,2025-08-17
TXN-0007237,Sherry Jones,South,Grocery,Silver,2,1959,17.42,4.11,33.41,2025-11-22
TXN-0007238,Carol Goodman,East,Home,Bronze,4,1987,56.71,4.2,217.31,2023-11-05
TXN-0007239,Gary Morgan,East,Clothing,Silver,3,1951,74.26,6.08,209.23,2025-10-16
TXN-0007240,Jamie Bell,West,Electronics,Bronze,4,1972,172.93,4.77,658.72,2025-11-12
TXN-0007241,Patrick Mason,East,Electronics,Silver,3,1984,212.72,5.87,600.7,2024-05-24
TXN-0007242,Jonathon Scott,South,Home,Bronze,1,2007,93.71,0.36,93.37,2024-07-19
TXN-0007243,Peggy Singleton,West,Electronics,Silver,3,1990,231.56,6.47,649.73,2025-03-09
TXN-0007244,Jesse Hinton,West,Grocery,Bronze,2,1975,18.98,2.02,37.19,2025-10-18
TXN-0007245,Christina Wiley,East,Grocery,Bronze,2,1993,29.1,2.8,56.57,2025-12-19
TXN-0007246,Lynn Edwards,Central,Clothing,Silver,5,1973,40.06,4.57,191.15,2025-01-22
TXN-0007247,Sarah Gomez MD,Central,Electronics,Bronze,5,1952,121.32,0.0,606.6,2025-02-17
TXN-0007248,Adam Riddle,North,Electronics,Bronze,4,1961,299.06,0.0,1196.24,2024-05-07
TXN-0007249,Anna Moses,West,Clothing,Bronze,3,1951,73.46,0.0,220.38,2024-02-27
TXN-0007250,Brenda Crawford,East,Grocery,Silver,2,1983,34.58,1.08,68.41,2025-12-07
TXN-0007251,Daniel Mills,East,Home,Silver,3,1953,111.53,2.52,326.16,2026-08-14
TXN-0007252,Kaitlyn Adams,East,Grocery,Gold,3,1996,16.33,12.15,43.04,2024-04-21
TXN-0007253,Brett Vincent,West,Sports,Silver,3,1948,144.18,9.04,393.44,2024-08-11
TXN-0007254,Jill Brennan,East,Electronics,Platinum,8,2005,84.66,18.82,549.82,2023-11-23
TXN-0007255,Robert Hall,East,Grocery,Bronze,2,1998,23.82,8.97,43.37,2025-09-10
TXN-0007256,Richard Brown,North,Home,Gold,4,1954,37.0,14.06,127.19,2025-05-22
TXN-0007257,Sara Mccoy,East,Home,Silver,5,1970,152.47,7.71,703.57,2025-12-17
TXN-0007258,Richard Lee,Central,Clothing,Bronze,4,1946,38.38,0.0,153.52,2024-03-25
TXN-0007259,Mike Berry,West,Clothing,Silver,7,1997,49.41,9.04,314.6,2023-10-04
TXN-0007260,Thomas Ward,North,Grocery,Platinum,5,2006,12.83,22.02,50.02,2025-01-23
TXN-0007261,Andrea Jenkins,Central,Home,Gold,2,1978,110.73,9.68,200.02,2023-12-05
TXN-0007262,Debbie Snow,West,Clothing,Bronze,3,1971,51.56,2.14,151.37,2026-08-30
TXN-0007263,Alicia Hill,East,Electronics,Silver,3,1987,259.54,12.35,682.46,2026-04-08
TXN-0007264,Darlene Nelson,North,Home,Bronze,9,1987,71.46,2.91,624.42,2024-02-10
TXN-0007265,Tonya Hess,East,Grocery,Silver,4,1971,11.91,9.97,42.89,2025-02-26
TXN-0007266,Michael Thompson,North,Home,Bronze,3,2004,76.33,0.82,227.11,2025-09-22
TXN-0007267,Mr. Micheal Ray,South,Electronics,Bronze,3,2005,283.85,0.0,851.55,2023-12-08
TXN-0007268,Becky Shepherd,East,Clothing,Bronze,6,1946,79.23,3.68,457.89,2024-03-06
TXN-0007269,Heather Mitchell,Central,Grocery,Gold,2,1997,26.98,12.45,47.24,2025-12-14
TXN-0007270,Jessica Murphy,South,Grocery,Bronze,3,1955,14.84,2.84,43.26,2026-07-17
TXN-0007271,Bradley Harmon,West,Electronics,Bronze,3,2004,100.81,2.17,295.87,2025-01-25
TXN-0007272,Sarah Wolfe,Central,Home,Bronze,3,1994,148.02,0.0,444.06,2023-11-01
TXN-0007273,Jeffrey Wells,North,Clothing,Silver,3,1971,33.96,7.22,94.52,2026-03-13
TXN-0007274,Adam Smith,South,Grocery,Bronze,3,1987,18.04,0.0,54.12,2025-01-24
TXN-0007275,Timothy Small,West,Electronics,Silver,4,1965,126.77,3.4,489.84,2026-06-16
TXN-0007276,Michelle Jones,West,Home,Bronze,2,1973,92.41,4.74,176.06,2024-08-18
TXN-0007277,Christine Torres DDS,South,Sports,Bronze,3,1964,41.23,0.0,123.69,2025-02-07
TXN-0007278,Melissa Flores,West,Clothing,Bronze,7,2005,74.07,1.48,510.82,2024-08-04
TXN-0007279,Erik Wilson,East,Clothing,Bronze,2,2004,88.86,0.0,177.72,2024-07-23
TXN-0007280,Daniel Perez,West,Electronics,Silver,5,1986,230.63,12.06,1014.08,2024-12-16
TXN-0007281,Donald Oconnor,West,Electronics,Bronze,4,1965,108.39,3.71,417.47,2024-11-30
TXN-0007282,Michelle Mcdaniel,North,Sports,Silver,3,1946,87.31,3.52,252.71,2026-01-01
TXN-0007283,Amber Davis,North,Sports,Silver,7,1956,70.64,7.02,459.77,2025-02-04
TXN-0007284,Justin Bautista,North,Electronics,Bronze,4,1951,159.96,2.08,626.53,2025-08-13
TXN-0007285,Michael Campbell,Central,Sports,Bronze,1,1962,134.06,2.37,130.88,2026-08-05
TXN-0007286,Joan Crane,Central,Electronics,Silver,2,2000,137.4,4.83,261.53,2024-03-28
TXN-0007287,Cynthia Gates,West,Home,Bronze,2,1985,114.16,0.0,228.32,2024-11-24
TXN-0007288,Paula Case,North,Grocery,Silver,2,2005,9.77,12.18,17.16,2024-05-16
TXN-0007289,Douglas Hale,East,Clothing,Gold,7,1962,56.4,9.86,355.87,2024-05-29
TXN-0007290,Carrie Thornton,North,Home,Bronze,4,1960,124.67,0.0,498.68,2024-11-26
TXN-0007291,Stacy Sanchez,South,Home,Bronze,4,1975,85.39,0.0,341.56,2024-03-23
TXN-0007292,Patricia Cobb,South,Electronics,Bronze,4,1959,198.41,1.11,784.83,2023-10-21
TXN-0007293,Stephanie Harris,West,Sports,Bronze,3,2001,56.47,0.0,169.41,2026-05-22
TXN-0007294,Christopher Nichols,North,Electronics,Silver,1,1947,135.91,14.69,115.94,2026-02-13
TXN-0007295,Ian Sullivan,East,Electronics,Silver,7,1985,152.63,2.23,1044.58,2025-12-04
TXN-0007296,Wyatt Martinez II,Central,Sports,Silver,3,1952,62.03,4.31,178.07,2024-03-05
TXN-0007297,Jennifer Nguyen,West,Clothing,Silver,2,1988,75.32,14.6,128.65,2024-08-13
TXN-0007298,Jesus Dawson,North,Clothing,Bronze,2,1960,80.63,5.78,151.94,2026-01-17
TXN-0007299,Bradley Holmes,Central,Clothing,Silver,4,1991,68.99,0.6,274.3,2025-03-25
TXN-0007300,Nicholas Rollins,East,Electronics,Gold,5,2002,65.96,13.04,286.79,2026-01-28
TXN-0007301,Sharon Choi,East,Clothing,Silver,6,1961,49.21,7.83,272.14,2025-02-03
TXN-0007302,Megan Boyd,West,Clothing,Silver,1,1953,73.85,3.55,71.23,2024-11-22
TXN-0007303,Angel Griffith,Central,Home,Silver,4,1976,84.99,9.15,308.85,2024-05-04
TXN-0007304,Nicholas Martinez,East,Home,Silver,3,1949,83.25,2.01,244.73,2026-09-26
TXN-0007305,Barbara Turner MD,East,Grocery,Bronze,2,1996,24.97,0.0,49.94,2024-12-11
TXN-0007306,Micheal Miller,East,Sports,Silver,2,2006,105.93,10.31,190.02,2026-03-07
TXN-0007307,Kevin Wagner,North,Clothing,Silver,5,2007,67.82,8.98,308.65,2024-10-12
TXN-0007308,Kenneth Cox,West,Sports,Bronze,3,1951,44.55,8.42,122.4,2024-06-20
TXN-0007309,Nicholas Turner,North,Grocery,Bronze,6,2007,12.17,1.6,71.85,2024-01-16
TXN-0007310,Christy Dennis,South,Sports,Bronze,4,1955,86.07,7.43,318.7,2025-01-23
TXN-0007311,Kelli Payne,South,Grocery,Silver,4,1954,8.69,5.01,33.02,2026-05-07
TXN-0007312,Gabrielle Page,South,Electronics,Bronze,4,1978,284.04,5.99,1068.1,2025-03-07
TXN-0007313,Zachary Caldwell,South,Electronics,Gold,2,1980,167.81,19.5,270.17,2026-01-14
TXN-0007314,Kristin Roberson,East,Sports,Platinum,3,1962,58.62,16.76,146.39,2025-08-17
TXN-0007315,Judy Brown,South,Home,Platinum,5,1987,74.72,13.7,322.42,2023-12-15
TXN-0007316,Stacy Chen,North,Sports,Bronze,3,1971,114.43,2.74,333.88,2024-04-17
TXN-0007317,Christopher Velazquez,West,Grocery,Silver,2,1996,11.58,7.66,21.39,2023-11-12
TXN-0007318,Paul Acosta,Central,Electronics,Gold,4,1971,81.62,12.41,285.96,2025-09-28
TXN-0007319,Amanda Novak,East,Clothing,Silver,4,1983,38.85,10.35,139.32,2026-08-12
TXN-0007320,Jennifer Armstrong,South,Sports,Bronze,4,1981,83.17,0.0,332.68,2023-12-15
TXN-0007321,Lisa Wade,North,Electronics,Gold,2,1997,280.31,12.54,490.32,2024-03-10
TXN-0007322,Alejandro Weaver,North,Grocery,Silver,5,1946,27.56,4.26,131.93,2025-05-15
TXN-0007323,Nathan Harris,South,Sports,Silver,1,1955,64.38,12.67,56.22,2023-12-20
TXN-0007324,Sandra Lucas MD,Central,Electronics,Platinum,9,1996,176.67,22.68,1229.41,2024-02-08
TXN-0007325,Eric Chang,West,Clothing,Platinum,6,1959,62.12,17.49,307.53,2025-07-21
TXN-0007326,Brandi Rodriguez,South,Home,Silver,6,1967,97.26,7.13,541.95,2025-05-28
TXN-0007327,Sandra Lopez,Central,Grocery,Bronze,3,1977,9.03,1.37,26.72,2024-07-02
TXN-0007328,Kaitlyn Collier PhD,South,Home,Silver,6,2007,80.64,2.36,472.42,2026-09-26
TXN-0007329,Alisha Williams,South,Electronics,Silver,4,2000,210.97,12.53,738.14,2026-04-11
TXN-0007330,Joseph Brown,South,Electronics,Silver,4,1998,307.4,5.47,1162.34,2026-04-05
TXN-0007331,Nicole Butler,South,Clothing,Silver,5,1981,63.21,17.78,259.86,2026-06-01
TXN-0007332,Pamela Walton,Central,Clothing,Silver,7,1946,80.63,7.1,524.34,2026-09-04
TXN-0007333,Courtney Johnson,South,Electronics,Silver,7,1957,217.93,11.35,1352.36,2026-09-18
TXN-0007334,Rebecca Mccarthy,West,Grocery,Platinum,3,1997,15.76,20.09,37.78,2025-08-20
TXN-0007335,Stacy Robertson,South,Electronics,Gold,4,1967,100.25,14.06,344.62,2026-05-12
TXN-0007336,Devon Moore,Central,Grocery,Bronze,3,1957,26.75,0.53,79.82,2025-04-02
TXN-0007337,Jessica Sharp,East,Sports,Silver,5,1956,143.43,0.7,712.13,2025-01-25
TXN-0007338,Sharon Peck,East,Home,Silver,4,1945,77.63,12.83,270.68,2025-02-25
TXN-0007339,Jason Brown,North,Home,Silver,6,1972,136.57,4.85,779.68,2024-07-31
TXN-0007340,Dustin Boyer,Central,Electronics,Bronze,2,1947,168.65,7.12,313.28,2026-08-05
TXN-0007341,Jennifer Alexander,East,Home,Silver,2,1958,55.53,14.31,95.17,2026-01-03
TXN-0007342,James Rhodes,South,Clothing,Silver,2,1999,55.91,4.69,106.58,2024-01-28
TXN-0007343,Kyle Moore,Central,Electronics,Silver,1,1982,131.14,4.04,125.84,2025-09-20
TXN-0007344,Zachary Nelson,North,Home,Gold,1,1967,105.09,10.96,93.57,2026-02-26
TXN-0007345,Gregory Villarreal,South,Electronics,Platinum,5,1978,184.0,13.31,797.55,2024-04-19
TXN-0007346,Cheryl Cook,East,Clothing,Gold,3,1965,43.88,14.2,112.95,2024-02-19
TXN-0007347,Chase Lopez,South,Grocery,Gold,7,1991,11.39,17.53,65.75,2026-09-17
TXN-0007348,Jennifer Frey,East,Home,Silver,3,1995,76.67,3.68,221.55,2025-09-24
TXN-0007349,Daniel Bruce,South,Electronics,Gold,3,1977,275.23,14.64,704.81,2024-02-26
TXN-0007350,Tristan Scott,North,Electronics,Platinum,6,2007,106.1,19.2,514.37,2025-09-04
TXN-0007351,Timothy Farley,North,Clothing,Silver,8,1948,70.88,6.23,531.71,2025-01-22
TXN-0007352,Adam Lozano,North,Home,Bronze,1,2001,110.97,1.93,108.83,2026-08-26
TXN-0007353,Yvonne Murray,Central,Home,Bronze,2,1981,74.2,3.16,143.71,2026-06-25
TXN-0007354,Deanna Hodges,East,Electronics,Silver,1,2005,119.12,4.76,113.45,2025-09-19
TXN-0007355,Crystal Miller,East,Home,Silver,3,1976,110.8,7.04,309.0,2025-09-27
TXN-0007356,Bridget Hernandez,South,Sports,Silver,7,1950,74.27,4.89,494.47,2024-09-21
TXN-0007357,Patrick Richardson,West,Home,Gold,7,1985,75.46,13.44,457.23,2024-09-09
TXN-0007358,Michael Gonzalez,North,Home,Gold,2,1970,106.15,9.78,191.54,2024-05-08
TXN-0007359,Laura Lucero,South,Home,Bronze,4,2002,159.0,5.18,603.06,2026-05-13
TXN-0007360,Robert Pittman,West,Grocery,Bronze,2,1960,27.78,0.77,55.13,2024-11-01
TXN-0007361,Jennifer Glass,East,Sports,Silver,5,1947,78.45,2.62,381.97,2025-04-14
TXN-0007362,Timothy Lee,West,Electronics,Bronze,2,1983,49.01,1.24,96.8,2025-05-29
TXN-0007363,David Haney Jr.,Central,Electronics,Platinum,3,1976,147.17,19.74,354.36,2024-07-08
TXN-0007364,Heather Ross,West,Electronics,Gold,5,2006,112.6,11.28,499.49,2026-09-18
TXN-0007365,Patricia Hall,North,Grocery,Silver,4,1981,16.76,1.35,66.13,2026-07-27
TXN-0007366,Richard Bond,North,Electronics,Silver,6,2005,141.59,6.54,793.98,2025-02-22
TXN-0007367,Michael Lopez,North,Sports,Gold,4,1997,67.15,13.56,232.18,2025-02-13
TXN-0007368,Christine Johnson,West,Electronics,Gold,4,1986,233.21,14.48,797.76,2025-09-01
TXN-0007369,Michelle Summers,Central,Home,Silver,4,1998,83.11,10.54,297.4,2025-10-24
TXN-0007370,Michelle Brown,Central,Clothing,Platinum,3,1993,50.02,21.75,117.42,2023-11-14
TXN-0007371,Lauren Thomas,South,Home,Silver,6,1982,106.34,8.15,586.04,2024-01-07
TXN-0007372,Timothy Johnson,West,Clothing,Bronze,3,2000,37.99,3.99,109.42,2025-10-05
TXN-0007373,Alexandra Gonzalez,East,Grocery,Silver,5,1969,15.99,5.01,75.94,2024-03-21
TXN-0007374,Philip Vega,West,Home,Gold,5,1972,55.71,16.27,233.23,2025-03-26
TXN-0007375,Kimberly Cochran,East,Clothing,Platinum,2,1963,68.39,19.73,109.79,2025-10-10
TXN-0007376,Douglas Ross,North,Grocery,Bronze,3,1979,19.52,1.33,57.78,2025-09-13
TXN-0007377,Angela Ward,North,Sports,Silver,2,1982,154.71,2.63,301.28,2024-06-19
TXN-0007378,Mr. Thomas Adams,Central,Grocery,Silver,1,2000,10.16,8.55,9.29,2024-12-09
TXN-0007379,Brian Mills,South,Grocery,Gold,2,1945,25.28,14.18,43.39,2025-03-22
TXN-0007380,Lori Mullins,South,Home,Silver,5,1969,48.72,9.6,220.21,2026-04-23
TXN-0007381,Ashley Herring,South,Sports,Bronze,5,1963,52.93,0.0,264.65,2026-03-08
TXN-0007382,Janice Smith,South,Home,Gold,5,1968,42.47,15.51,179.41,2024-04-12
TXN-0007383,Lori Phillips,Central,Sports,Silver,4,1978,76.83,6.38,287.71,2025-11-25
TXN-0007384,Heather Turner,North,Grocery,Gold,5,1997,19.8,9.86,89.24,2024-03-05
TXN-0007385,Brianna Richardson,North,Electronics,Gold,2,1963,142.94,11.38,253.35,2025-06-19
TXN-0007386,Kimberly Walker,West,Electronics,Bronze,3,2000,74.47,0.0,223.41,2024-03-12
TXN-0007387,Brooke Roberts,East,Grocery,Platinum,7,2005,14.94,21.15,82.46,2025-02-15
TXN-0007388,Micheal Soto,North,Grocery,Silver,5,1992,18.83,5.48,88.99,2026-02-07
TXN-0007389,Matthew Ewing,North,Home,Platinum,6,1945,65.35,19.71,314.82,2026-07-02
TXN-0007390,Kelly Cox,South,Sports,Bronze,2,1974,74.26,0.36,147.99,2024-01-16
TXN-0007391,Nicholas Anderson,South,Home,Gold,6,1975,131.38,12.56,689.27,2025-01-09
TXN-0007392,Cindy Lang MD,North,Clothing,Bronze,3,1970,44.99,0.0,134.97,2026-01-02
TXN-0007393,Lisa Lawson,South,Home,Bronze,4,2001,61.52,0.0,246.08,2025-09-13
TXN-0007394,Megan Holmes,West,Electronics,Platinum,9,1952,155.53,29.31,989.5,2025-06-11
TXN-0007395,Daniel Steele,West,Home,Bronze,3,1951,169.91,2.13,498.87,2026-04-02
TXN-0007396,Christopher Wheeler,Central,Sports,Bronze,3,1965,89.5,12.33,235.39,2025-07-01
TXN-0007397,Kevin Craig,South,Electronics,Gold,4,1958,94.34,12.73,329.32,2024-10-02
TXN-0007398,Rebecca Chan,South,Grocery,Silver,3,1959,28.93,6.89,80.81,2026-05-19
TXN-0007399,Monica Anderson,Central,Grocery,Silver,3,2001,15.57,5.97,43.92,2024-10-10
TXN-0007400,Jeffrey Mcdowell,West,Electronics,Platinum,4,1956,147.43,21.96,460.22,2026-01-26
TXN-0007401,Kelly Little,East,Grocery,Silver,3,1948,11.46,7.33,31.86,2024-06-01
TXN-0007402,Jennifer Ellis,South,Grocery,Bronze,1,1992,18.96,0.0,18.96,2025-10-16
TXN-0007403,Kathleen Ruiz DVM,South,Home,Silver,2,1987,45.42,3.28,87.86,2025-05-16
TXN-0007404,Laura Patel,East,Clothing,Silver,4,1986,37.08,2.73,144.27,2024-01-08
TXN-0007405,Justin Howard,East,Clothing,Bronze,3,1983,68.04,2.35,199.32,2025-03-10
TXN-0007406,Stephanie Smith,North,Home,Silver,4,1949,94.08,7.51,348.06,2024-08-16
TXN-0007407,Cathy Thomas,Central,Clothing,Bronze,3,2006,42.25,2.35,123.77,2026-09-10
TXN-0007408,Christopher Garcia,East,Clothing,Bronze,1,1955,51.39,0.0,51.39,2026-04-03
TXN-0007409,Peter Allen,East,Sports,Bronze,2,1955,95.73,0.0,191.46,2025-07-28
TXN-0007410,Elizabeth Armstrong,South,Grocery,Gold,2,1967,20.58,16.94,34.19,2025-08-04
TXN-0007411,Mrs. Lindsey Gilbert,West,Grocery,Bronze,2,1956,22.69,2.66,44.17,2026-02-25
TXN-0007412,Donna Harris,West,Sports,Bronze,5,1972,49.49,3.97,237.63,2025-03-12
TXN-0007413,Erica Manning,North,Electronics,Platinum,2,1970,124.9,23.29,191.62,2026-01-20
TXN-0007414,Jeffrey Bates,East,Clothing,Bronze,3,1998,108.28,0.0,324.84,2026-09-10
TXN-0007415,Benjamin Brown,West,Grocery,Platinum,7,1945,15.67,20.16,87.58,2024-09-28
TXN-0007416,Andre Hernandez PhD,West,Clothing,Gold,3,1947,46.83,16.85,116.82,2024-06-22
TXN-0007417,Charles Roman,South,Electronics,Silver,5,1975,167.02,2.62,813.22,2026-07-23
TXN-0007418,Damon Powers,Central,Grocery,Bronze,4,1959,19.44,0.0,77.76,2026-08-03
TXN-0007419,Patrick Jackson,East,Electronics,Bronze,4,1986,112.85,0.0,451.4,2024-01-27
TXN-0007420,Mary Murray,North,Home,Bronze,1,2000,37.66,0.0,37.66,2026-03-07
TXN-0007421,Samantha Jackson,North,Home,Bronze,4,1956,80.42,3.94,309.01,2025-10-22
TXN-0007422,Dominique Wagner,North,Home,Silver,3,1968,89.39,7.58,247.84,2024-03-23
TXN-0007423,Daniel Petty,South,Clothing,Bronze,3,1951,29.61,0.0,88.83,2026-04-04
TXN-0007424,James Robles,East,Electronics,Gold,4,1959,175.65,6.49,657.0,2026-04-10
TXN-0007425,Amanda Smith,West,Sports,Bronze,4,2002,84.35,0.0,337.4,2025-09-16
TXN-0007426,Jessica Cortez,North,Sports,Silver,3,1981,105.42,10.65,282.58,2025-02-14
TXN-0007427,Nicole Clark,Central,Home,Bronze,1,1947,61.29,0.0,61.29,2026-02-06
TXN-0007428,Brittany Collins,North,Electronics,Bronze,4,2005,181.95,0.0,727.8,2024-02-26
TXN-0007429,Jillian Mack,East,Home,Gold,4,1989,109.17,12.28,383.06,2025-08-19
TXN-0007430,Lori Gonzalez,Central,Clothing,Silver,3,2003,92.25,2.49,269.86,2024-06-27
TXN-0007431,Hunter Cox,West,Electronics,Bronze,3,1976,215.58,7.62,597.46,2025-01-18
TXN-0007432,Anna Frey,East,Electronics,Silver,5,1978,231.56,7.19,1074.55,2025-06-19
TXN-0007433,Rachel Jensen,West,Electronics,Silver,3,1945,168.76,5.32,479.35,2024-01-14
TXN-0007434,Craig Davis,North,Clothing,Gold,1,1951,46.96,11.37,41.62,2026-04-14
TXN-0007435,Thomas Wise,North,Clothing,Bronze,3,1968,85.78,0.0,257.34,2024-03-14
TXN-0007436,Holly Herring,South,Grocery,Silver,5,1954,11.54,4.9,54.87,2026-08-27
TXN-0007437,Dustin Potter,North,Home,Bronze,6,1949,153.51,10.09,828.13,2026-04-11
TXN-0007438,Michelle Barnes,South,Clothing,Silver,4,1964,72.56,9.99,261.25,2025-05-08
TXN-0007439,Sara Scott,South,Electronics,Silver,1,1986,142.23,5.86,133.9,2025-02-17
TXN-0007440,Daniel Horne II,Central,Grocery,Bronze,7,1999,10.32,2.38,70.52,2025-11-03
TXN-0007441,Joshua Brown,Central,Electronics,Silver,2,1958,156.11,4.0,299.73,2026-06-25
TXN-0007442,Stephanie Dawson,West,Electronics,Silver,3,1995,128.11,10.12,345.44,2026-07-19
TXN-0007443,Tony Johnson,West,Home,Bronze,1,1946,51.72,0.0,51.72,2024-01-01
TXN-0007444,Jeffrey Hull,North,Grocery,Platinum,5,2006,14.74,17.48,60.82,2024-02-15
TXN-0007445,Corey Daniels,North,Grocery,Bronze,5,1974,24.69,0.0,123.45,2024-08-31
TXN-0007446,Natalie Ramos,West,Clothing,Gold,6,1976,54.81,15.56,277.69,2024-04-30
TXN-0007447,Tammy Fernandez,East,Clothing,Silver,2,1957,50.55,6.35,94.68,2026-03-18
TXN-0007448,Jeremy Sanchez,South,Clothing,Bronze,2,1981,31.77,0.0,63.54,2026-06-12
TXN-0007449,Andrew Weiss,East,Home,Bronze,2,1991,84.43,0.91,167.32,2023-09-28
TXN-0007450,Lisa Gordon,East,Clothing,Silver,3,1964,95.4,6.22,268.4,2024-05-12
TXN-0007451,Paul Brown,South,Clothing,Gold,8,1945,55.73,17.42,368.17,2026-07-20
TXN-0007452,Jorge Duncan,South,Electronics,Silver,3,1977,140.98,7.21,392.45,2024-05-16
TXN-0007453,Megan Ramirez,South,Sports,Bronze,3,1996,97.44,1.06,289.22,2025-08-31
TXN-0007454,Tiffany Martin,East,Electronics,Bronze,3,1990,249.15,1.4,736.99,2025-12-31
TXN-0007455,Elizabeth Golden,Central,Clothing,Gold,4,1981,89.17,4.18,341.77,2024-12-23
TXN-0007456,Joseph Larson,East,Sports,Gold,4,1947,84.61,9.31,306.93,2025-05-25
TXN-0007457,Brian Wilkins,West,Grocery,Bronze,7,1959,10.13,0.0,70.91,2026-05-11
TXN-0007458,Jasmine Carson,West,Home,Gold,6,2000,127.36,19.25,617.06,2026-03-13
TXN-0007459,Amy Boyd,North,Grocery,Silver,4,1999,15.69,4.49,59.94,2025-08-22
TXN-0007460,Gary Collins,West,Electronics,Silver,2,1983,133.07,8.45,243.65,2024-07-27
TXN-0007461,Jane Smith,East,Grocery,Silver,1,2007,12.8,2.6,12.47,2024-08-12
TXN-0007462,Robert Lewis,East,Clothing,Bronze,4,1964,66.5,0.0,266.0,2026-08-21
TXN-0007463,Jeremy Stevens,North,Sports,Bronze,2,1999,104.84,0.0,209.68,2025-01-31
TXN-0007464,Lauren Sandoval,Central,Electronics,Silver,4,1965,126.66,7.99,466.16,2025-01-05
TXN-0007465,Jessica Lopez,Central,Home,Platinum,6,1945,112.71,18.62,550.34,2026-03-01
TXN-0007466,George Mercer,North,Home,Silver,4,2007,132.23,3.85,508.56,2026-08-18
TXN-0007467,Kenneth Becker,South,Electronics,Bronze,2,1979,181.87,0.0,363.74,2025-01-13
TXN-0007468,Veronica Arnold,North,Clothing,Bronze,3,1963,55.01,8.93,150.29,2025-08-03
TXN-0007469,Jonathan Howe,West,Grocery,Silver,4,1980,17.07,4.29,65.35,2025-03-15
TXN-0007470,Justin Fowler,East,Electronics,Silver,3,1980,127.17,4.74,363.43,2024-02-13
TXN-0007471,Ronald Martinez,North,Sports,Bronze,8,2000,97.89,0.0,783.12,2026-03-21
TXN-0007472,Connie Robinson,West,Clothing,Bronze,1,1967,81.95,6.02,77.02,2023-10-10
TXN-0007473,Joshua Espinoza,South,Home,Silver,4,1997,94.24,3.78,362.71,2026-05-04
TXN-0007474,April Briggs,East,Home,Bronze,4,1979,77.03,0.0,308.12,2025-11-28
TXN-0007475,Emily Smith,South,Home,Silver,3,1997,106.9,6.83,298.8,2025-06-16
TXN-0007476,Carol Morgan,East,Grocery,Silver,4,1971,13.12,10.37,47.04,2024-04-13
TXN-0007477,Cheryl Stone,East,Grocery,Bronze,4,1949,27.95,1.06,110.61,2024-12-27
TXN-0007478,Shawn Johnson,South,Home,Silver,2,1975,134.19,6.29,251.5,2024-01-02
TXN-0007479,Edward Gomez,South,Home,Bronze,4,1964,107.1,0.71,425.36,2025-04-23
TXN-0007480,Victor Davis,Central,Home,Bronze,1,1950,77.47,0.0,77.47,2026-01-27
TXN-0007481,Anthony Adkins,East,Clothing,Gold,5,1978,51.43,18.59,209.35,2023-12-19
TXN-0007482,Ann Phillips,Central,Electronics,Silver,7,1949,87.02,3.28,589.16,2023-09-29
TXN-0007483,Laura Lopez,East,Electronics,Bronze,3,1978,122.37,2.52,357.86,2026-09-24
TXN-0007484,Richard Brooks,West,Home,Bronze,3,1998,116.4,0.0,349.2,2026-02-13
TXN-0007485,Gabriella Johnston,South,Sports,Bronze,3,1985,57.22,3.21,166.15,2025-04-08
TXN-0007486,Nancy Watkins,West,Electronics,Gold,3,1998,368.94,11.92,974.89,2024-03-16
TXN-0007487,Laura Patel,South,Home,Gold,4,2006,75.65,12.98,263.32,2024-12-09
TXN-0007488,Jeffrey Keller,North,Clothing,Silver,5,2006,39.75,6.43,185.97,2023-11-15
TXN-0007489,Adam Smith,North,Home,Bronze,5,1995,101.27,0.0,506.35,2024-09-27
TXN-0007490,Travis Harper,North,Grocery,Gold,4,1983,20.57,11.9,72.49,2025-07-29
TXN-0007491,Christopher Houston,Central,Grocery,Gold,4,1986,29.03,5.76,109.43,2026-09-22
TXN-0007492,Kristin Baldwin,Central,Grocery,Bronze,2,1964,16.46,1.89,32.3,2026-04-01
TXN-0007493,Taylor Diaz,West,Grocery,Bronze,4,1998,13.19,0.0,52.76,2025-06-01
TXN-0007494,Thomas Garcia MD,North,Electronics,Silver,5,2000,130.46,5.33,617.53,2026-05-26
TXN-0007495,Kevin Clark,Central,Home,Silver,4,1980,137.13,6.21,514.46,2025-02-03
TXN-0007496,Phillip Ramirez,West,Clothing,Bronze,5,2004,97.68,1.63,480.44,2025-05-14
TXN-0007497,Vernon Williams,South,Sports,Bronze,3,2004,60.87,0.0,182.61,2025-06-19
TXN-0007498,Shannon Stokes,East,Grocery,Silver,6,1963,17.08,4.8,97.56,2025-05-12
TXN-0007499,Anthony Braun,West,Electronics,Silver,5,1990,259.62,7.03,1206.84,2025-08-04
TXN-0007500,Shane Jones,North,Clothing,Silver,3,1971,71.14,11.63,188.6,2026-01-21
TXN-0007501,Kathleen Boyd,East,Home,Silver,4,1999,73.25,15.18,248.52,2024-08-21
TXN-0007502,Christopher Cole,West,Sports,Bronze,4,1976,49.5,8.09,181.98,2026-07-23
TXN-0007503,Jasmine Rodriguez,North,Electronics,Silver,4,1998,126.26,3.56,487.06,2024-06-23
TXN-0007504,Stephanie Jarvis,East,Home,Gold,2,1972,120.05,14.07,206.32,2025-10-04
TXN-0007505,Rachel Yang,East,Clothing,Silver,2,1981,32.32,10.09,58.12,2024-05-01
TXN-0007506,Marie Rangel,West,Home,Gold,6,1981,95.73,14.53,490.92,2024-07-16
TXN-0007507,Leslie Greer DVM,Central,Home,Silver,3,1986,78.44,6.09,220.99,2026-02-06
TXN-0007508,John Davis,West,Clothing,Gold,3,2001,42.17,13.27,109.72,2025-05-17
TXN-0007509,Julian Williams,East,Grocery,Silver,3,1980,15.04,7.69,41.65,2025-04-09
TXN-0007510,Kimberly Nolan,East,Electronics,Bronze,4,2002,215.3,0.0,861.2,2025-07-07
TXN-0007511,Bonnie Barnett,East,Grocery,Gold,2,1952,21.48,13.31,37.24,2024-05-24
TXN-0007512,Crystal Frazier,East,Electronics,Silver,3,1951,227.69,2.07,668.93,2024-12-19
TXN-0007513,Tammy Gonzalez,North,Home,Gold,1,1984,67.06,20.75,53.15,2026-08-03
TXN-0007514,Howard Golden,West,Clothing,Silver,4,1990,30.28,5.21,114.81,2024-04-10
TXN-0007515,Kathleen Le,West,Home,Silver,3,1975,95.08,8.48,261.05,2024-04-23
TXN-0007516,Jeffrey Hernandez,East,Clothing,Bronze,3,1953,54.23,2.4,158.79,2023-10-16
TXN-0007517,Duane Bates,Central,Home,Bronze,1,1999,75.09,2.05,73.55,2024-01-17
TXN-0007518,Kristen Watts,West,Electronics,Silver,3,1965,79.26,8.76,216.95,2026-07-01
TXN-0007519,Whitney Ochoa,South,Clothing,Platinum,5,1974,73.65,23.57,281.45,2023-10-22
TXN-0007520,Sierra Padilla,North,Grocery,Gold,6,1970,6.35,13.0,33.15,2024-05-08
TXN-0007521,Laura Sullivan,North,Home,Silver,6,1959,114.34,9.51,620.8,2025-10-23
TXN-0007522,Tracy Howard,South,Home,Silver,4,2002,112.53,8.35,412.53,2026-07-16
TXN-0007523,Brandon Thomas,East,Home,Bronze,3,1955,110.1,0.0,330.3,2025-08-06
TXN-0007524,Daniel Henderson,North,Clothing,Bronze,4,1967,53.22,1.81,209.03,2024-04-25
TXN-0007525,Jennifer Hill,North,Grocery,Platinum,3,1994,8.04,18.95,19.55,2024-02-06
TXN-0007526,Michael Hawkins,South,Clothing,Gold,6,1982,31.04,14.87,158.55,2024-04-28
TXN-0007527,David Hogan,West,Sports,Silver,4,1946,55.42,9.17,201.35,2026-06-21
TXN-0007528,Andrew Weaver,West,Grocery,Gold,6,1984,34.03,13.16,177.31,2025-07-05
TXN-0007529,Levi Meadows,South,Clothing,Bronze,2,1994,76.06,3.1,147.4,2025-09-05
TXN-0007530,Robert Arnold,North,Clothing,Platinum,5,1967,51.08,20.3,203.55,2026-09-12
TXN-0007531,Jeffery Nguyen,North,Grocery,Silver,8,1994,14.37,4.76,109.49,2026-04-23
TXN-0007532,Shaun Johnson,North,Grocery,Bronze,1,1988,18.66,6.12,17.52,2025-07-20
TXN-0007533,Kevin Cain,South,Electronics,Silver,3,1976,212.96,8.86,582.28,2026-05-23
TXN-0007534,Sandra Buck,North,Clothing,Bronze,2,1978,60.47,8.49,110.67,2024-07-03
TXN-0007535,Ronald Schwartz,South,Electronics,Silver,2,1984,97.32,6.18,182.61,2025-09-02
TXN-0007536,Gilbert Reynolds,Central,Grocery,Bronze,2,1965,29.44,0.0,58.88,2025-11-27
TXN-0007537,Melinda Little,East,Grocery,Bronze,2,1956,21.08,0.0,42.16,2025-07-17
TXN-0007538,Hannah Valdez,West,Electronics,Silver,5,1973,132.65,14.94,564.16,2026-02-01
TXN-0007539,Mr. William Miller,North,Home,Silver,2,1945,100.78,8.73,183.96,2025-08-27
TXN-0007540,Luke Smith,South,Grocery,Bronze,2,1957,27.25,4.65,51.97,2025-05-17
TXN-0007541,Jordan Villarreal,Central,Sports,Gold,2,1971,84.95,18.91,137.77,2025-04-01
TXN-0007542,Susan White,South,Electronics,Bronze,1,1947,184.82,2.44,180.31,2024-09-12
TXN-0007543,Megan Burton,East,Clothing,Silver,3,1998,93.11,4.46,266.87,2024-07-12
TXN-0007544,Jared Myers,Central,Clothing,Silver,6,1967,43.77,10.11,236.07,2025-07-18
TXN-0007545,Kyle Reed,East,Home,Bronze,6,1968,63.75,1.14,378.14,2026-04-24
TXN-0007546,James Gates,South,Electronics,Platinum,3,2002,135.75,13.58,351.95,2023-10-09
TXN-0007547,Charles Baird,East,Electronics,Silver,3,1995,214.87,12.26,565.58,2026-03-13
TXN-0007548,John Carter,North,Grocery,Bronze,6,1968,25.17,0.0,151.02,2025-11-09
TXN-0007549,Stefanie Flores,North,Home,Silver,5,1961,95.23,4.36,455.39,2024-09-29
TXN-0007550,Brandy Casey,North,Electronics,Silver,1,2000,118.95,9.67,107.45,2025-11-15
TXN-0007551,Beverly Roman,Central,Clothing,Bronze,3,1969,102.55,0.0,307.65,2024-11-19
TXN-0007552,Angela Blake,West,Electronics,Bronze,3,1950,106.56,2.27,312.42,2025-06-27
TXN-0007553,Randy Fernandez,South,Clothing,Silver,4,1972,46.85,7.82,172.75,2026-01-23
TXN-0007554,Randy Parker,South,Clothing,Silver,5,1974,42.98,10.68,191.95,2026-03-11
TXN-0007555,Debra Pugh,West,Electronics,Bronze,2,1983,231.97,4.05,445.15,2025-04-20
TXN-0007556,Linda Welch,Central,Electronics,Bronze,3,1963,150.38,4.48,430.93,2023-11-18
TXN-0007557,Jennifer Santos,South,Sports,Bronze,6,1996,133.4,5.08,759.74,2023-11-25
TXN-0007558,Jacob Moore,South,Sports,Bronze,2,1971,99.26,7.07,184.48,2026-02-26
TXN-0007559,Mr. Michael Williams Jr.,West,Electronics,Silver,4,1978,115.51,5.32,437.46,2025-10-17
TXN-0007560,Timothy Crane,Central,Home,Bronze,4,1989,80.55,0.0,322.2,2026-09-26
TXN-0007561,Mitchell Hernandez,Central,Electronics,Bronze,3,1995,132.73,0.0,398.19,2025-04-22
TXN-0007562,Christopher Harris,South,Grocery,Bronze,3,1964,29.22,4.12,84.05,2024-03-21
TXN-0007563,Ronald Myers,North,Grocery,Silver,2,1946,24.2,5.92,45.53,2026-03-17
TXN-0007564,Joseph Mcgee,South,Home,Silver,7,1953,51.66,4.82,344.19,2025-10-15
TXN-0007565,Lisa Greene,South,Home,Bronze,1,1980,108.16,5.69,102.01,2026-09-04
TXN-0007566,Jodi Rodriguez,Central,Clothing,Silver,4,1947,53.8,8.94,195.96,2024-01-30
TXN-0007567,Amy Mejia,North,Clothing,Silver,3,1973,35.2,12.44,92.46,2024-05-05
TXN-0007568,Ian Dennis,East,Home,Bronze,1,1963,67.38,2.9,65.43,2025-12-23
TXN-0007569,Curtis Miller,Central,Electronics,Bronze,2,1964,148.35,3.87,285.22,2024-12-05
TXN-0007570,Kayla Watson,Central,Grocery,Bronze,3,1990,8.3,0.53,24.77,2025-09-19
TXN-0007571,Gary Yu,West,Home,Gold,1,1984,97.25,5.54,91.86,2025-12-09
TXN-0007572,Donna Hernandez,Central,Electronics,Bronze,1,1974,164.83,0.08,164.7,2024-01-27
TXN-0007573,Nicholas Dawson,North,Home,Bronze,6,1945,82.34,0.0,494.04,2025-12-19
TXN-0007574,Bradley Thomas,South,Grocery,Silver,5,2007,18.23,2.23,89.12,2026-05-02
TXN-0007575,Denise Scott,North,Home,Silver,5,2006,83.16,7.58,384.28,2024-02-12
TXN-0007576,Molly Mcguire,Central,Home,Gold,4,1959,60.73,16.19,203.59,2024-10-12
TXN-0007577,Michael Lindsey,Central,Grocery,Bronze,4,1986,14.38,0.34,57.32,2025-09-30
TXN-0007578,Andre Berger,North,Electronics,Bronze,3,2002,121.9,3.35,353.45,2026-06-03
TXN-0007579,Karla Walker,North,Home,Silver,1,1982,112.2,4.97,106.62,2026-07-25
TXN-0007580,Rebecca Gonzalez,South,Clothing,Silver,5,1996,37.88,6.44,177.2,2026-08-01
TXN-0007581,Julie Davenport,South,Electronics,Platinum,4,1960,131.86,17.88,433.13,2024-01-27
TXN-0007582,Kimberly Norris,West,Sports,Silver,2,1993,75.7,8.04,139.23,2026-08-25
TXN-0007583,Peter Davis,North,Clothing,Silver,4,1970,32.26,9.03,117.39,2026-06-08
TXN-0007584,Timothy Thomas,West,Clothing,Bronze,1,1988,46.89,7.99,43.14,2026-01-12
TXN-0007585,Johnathan Bentley,East,Electronics,Platinum,2,1960,161.29,17.99,264.55,2026-03-16
TXN-0007586,Stephanie Holmes,South,Sports,Silver,6,1946,79.16,6.24,445.32,2025-01-25
TXN-0007587,Marissa Choi,North,Grocery,Bronze,3,1949,20.26,5.94,57.17,2026-05-07
TXN-0007588,Latasha Hernandez,Central,Electronics,Silver,3,1993,122.06,5.81,344.9,2023-12-18
TXN-0007589,William Cooper,East,Home,Silver,2,2005,61.14,8.76,111.57,2025-03-14
TXN-0007590,Raymond Fischer,South,Electronics,Bronze,5,1958,135.29,0.23,674.89,2026-01-06
TXN-0007591,Daniel Cook,South,Grocery,Silver,5,1945,19.19,8.38,87.91,2023-10-14
TXN-0007592,Jocelyn Campbell,Central,Home,Silver,6,1963,80.98,9.09,441.71,2025-09-25
TXN-0007593,Hannah Anderson,West,Electronics,Bronze,2,1997,107.81,6.56,201.48,2025-09-02
TXN-0007594,Michael Shaw,West,Home,Platinum,5,1958,194.63,17.32,804.6,2025-12-02
TXN-0007595,Briana Curry,East,Sports,Platinum,5,1971,56.65,21.71,221.76,2025-09-25
TXN-0007596,Samantha Hernandez MD,Central,Clothing,Bronze,1,1972,34.44,1.5,33.92,2026-03-07
TXN-0007597,Bethany Morris,South,Electronics,Silver,2,2002,125.02,1.26,246.89,2025-02-23
TXN-0007598,Austin Owens,West,Sports,Gold,6,1958,101.46,10.81,542.95,2025-07-13
TXN-0007599,Kristin Lopez,South,Electronics,Bronze,3,2000,195.29,0.0,585.87,2025-03-29
TXN-0007600,Angel Wright,East,Home,Platinum,6,1998,168.05,21.5,791.52,2024-12-28
TXN-0007601,David Fitzgerald,Central,Home,Bronze,2,1949,63.16,0.0,126.32,2024-12-20
TXN-0007602,Victor Moore,Central,Electronics,Silver,7,1987,143.93,7.32,933.76,2024-06-14
TXN-0007603,Mrs. Kaitlyn James,East,Electronics,Silver,6,1955,228.09,7.05,1272.06,2023-11-21
TXN-0007604,Andrew Anderson,East,Electronics,Bronze,2,1985,110.82,4.27,212.18,2026-09-11
TXN-0007605,Kathleen Flores,Central,Electronics,Silver,6,1949,240.09,5.33,1363.76,2026-04-13
TXN-0007606,Kathryn Miller,Central,Home,Bronze,4,1991,91.1,0.0,364.4,2025-01-12
TXN-0007607,Amy Kennedy,West,Grocery,Bronze,2,1947,13.61,5.24,25.79,2026-02-19
TXN-0007608,Michael Underwood,North,Electronics,Bronze,2,1964,87.76,0.04,175.45,2024-11-05
TXN-0007609,Jean Ward,South,Grocery,Bronze,5,1989,21.61,5.85,101.73,2024-01-01
TXN-0007610,Jacob Brady,Central,Clothing,Bronze,3,1979,92.21,1.93,271.29,2026-06-01
TXN-0007611,Carl Douglas,West,Electronics,Bronze,3,1955,180.22,2.24,528.55,2025-10-02
TXN-0007612,Ryan Joseph,West,Home,Bronze,3,1985,103.4,4.13,297.39,2026-03-14
TXN-0007613,Dawn Blevins,West,Clothing,Bronze,2,2002,60.32,4.25,115.51,2024-06-16
TXN-0007614,Mark Martinez,South,Home,Bronze,2,1980,124.29,1.74,244.25,2026-03-05
TXN-0007615,Angela Weeks,South,Clothing,Gold,4,1948,84.49,11.48,299.16,2023-12-17
TXN-0007616,Kevin Camacho,West,Grocery,Bronze,5,1981,6.56,1.84,32.2,2026-07-13
TXN-0007617,Eric Zimmerman,South,Sports,Silver,3,1947,67.06,0.68,199.81,2024-12-24
TXN-0007618,Timothy Lewis,West,Clothing,Bronze,2,1948,44.3,5.44,83.78,2026-05-24
TXN-0007619,Lisa Mendoza,West,Sports,Bronze,1,1956,80.12,0.0,80.12,2023-11-09
TXN-0007620,Melinda Cox,West,Electronics,Silver,5,1973,139.27,5.2,660.14,2024-12-16
TXN-0007621,David Hill,South,Electronics,Bronze,3,1950,186.98,0.61,557.52,2025-10-20
TXN-0007622,Joanne Dean,West,Electronics,Silver,1,1981,179.84,8.31,164.9,2024-02-03
TXN-0007623,Julie Davis,North,Grocery,Silver,5,1959,9.21,6.54,43.04,2024-04-12
TXN-0007624,Nicole Conner,North,Grocery,Bronze,2,1951,8.4,4.33,16.07,2025-11-21
TXN-0007625,Edward Greene,South,Sports,Bronze,2,1985,97.73,3.8,188.03,2024-01-25
TXN-0007626,Patrick Daniels MD,North,Grocery,Gold,2,1956,13.46,10.15,24.19,2024-12-02
TXN-0007627,Jennifer Jones,Central,Clothing,Bronze,2,1955,100.37,0.0,200.74,2024-10-23
TXN-0007628,Katie Massey,Central,Sports,Gold,4,1980,101.07,12.05,355.56,2024-04-20
TXN-0007629,Jamie Gould,North,Sports,Silver,6,1981,40.12,9.5,217.85,2026-05-11
TXN-0007630,Rhonda Anderson MD,West,Grocery,Bronze,5,1955,13.62,3.88,65.46,2024-12-07
TXN-0007631,Kathryn Scott,East,Home,Bronze,5,1975,97.88,4.22,468.75,2024-11-28
TXN-0007632,William Robinson,West,Grocery,Bronze,2,1977,15.4,1.1,30.46,2024-10-31
TXN-0007633,Steven Aguilar,Central,Electronics,Silver,3,1959,150.59,10.51,404.29,2023-10-20
TXN-0007634,Thomas Lewis,East,Sports,Platinum,6,1958,50.89,21.22,240.55,2024-03-19
TXN-0007635,Cody Pitts,North,Sports,Bronze,3,2005,84.64,0.0,253.92,2026-04-23
TXN-0007636,Justin Noble,North,Grocery,Platinum,4,1956,18.12,19.08,58.65,2024-06-25
TXN-0007637,Dylan Clark,East,Electronics,Bronze,3,2006,208.44,4.84,595.05,2026-04-04
TXN-0007638,Erik David,Central,Electronics,Bronze,4,1994,157.32,7.26,583.59,2024-05-19
TXN-0007639,Stephanie Robinson,East,Sports,Silver,4,1949,60.19,0.95,238.47,2026-07-17
TXN-0007640,Joel Stevens,South,Grocery,Platinum,8,1996,18.88,20.93,119.43,2025-08-21
TXN-0007641,Kathleen Smith,North,Grocery,Silver,5,1970,20.44,1.38,100.79,2025-04-24
TXN-0007642,James Jenkins,Central,Sports,Gold,7,1965,75.05,10.38,470.82,2024-06-26
TXN-0007643,Dr. Jennifer Smith DVM,South,Home,Silver,5,1981,138.33,8.64,631.89,2024-11-06
TXN-0007644,Mitchell Martin,West,Sports,Gold,5,1965,51.29,13.41,222.06,2026-09-20
TXN-0007645,Sarah Wilson DVM,West,Electronics,Gold,6,1977,219.9,10.15,1185.48,2024-09-28
TXN-0007646,Maria Martinez,South,Electronics,Silver,4,1971,104.42,5.46,394.87,2025-10-20
TXN-0007647,Tanya Trevino,North,Home,Silver,3,1979,113.11,10.25,304.55,2024-07-04
TXN-0007648,Sharon Medina,South,Clothing,Silver,3,1957,26.79,7.28,74.52,2025-12-25
TXN-0007649,Dr. Phillip Anderson,South,Clothing,Platinum,3,1999,49.53,19.99,118.89,2023-11-18
TXN-0007650,Richard George,West,Grocery,Silver,4,1979,25.13,10.57,89.9,2025-03-13
TXN-0007651,Adam Evans,West,Electronics,Bronze,3,1995,138.39,4.72,395.57,2024-02-06
TXN-0007652,Maria Murillo,South,Grocery,Gold,4,2006,17.36,11.65,61.35,2024-05-10
TXN-0007653,Christopher Hodges,East,Electronics,Silver,8,1987,175.44,9.14,1275.24,2026-04-10
TXN-0007654,Jennifer Levy,North,Grocery,Silver,4,1992,7.94,6.11,29.82,2024-05-24
TXN-0007655,Donald Gomez,South,Electronics,Silver,2,2002,176.6,7.33,327.31,2025-11-06
TXN-0007656,Christopher King,West,Grocery,Bronze,2,1962,12.81,0.0,25.62,2025-06-30
TXN-0007657,Christine Peterson,West,Home,Silver,2,1994,124.3,5.01,236.15,2025-05-15
TXN-0007658,Destiny Johns,West,Clothing,Bronze,1,1967,52.66,2.54,51.32,2024-10-01
TXN-0007659,Ashley Meyer,North,Clothing,Gold,7,1952,59.89,9.07,381.21,2026-07-20
TXN-0007660,Scott Hamilton,East,Electronics,Silver,2,1957,104.34,5.85,196.47,2025-08-11
TXN-0007661,Walter White,South,Clothing,Gold,3,1993,71.83,7.37,199.61,2026-06-14
TXN-0007662,James Young,Central,Electronics,Bronze,3,1989,156.15,4.46,447.56,2024-06-13
TXN-0007663,Anita Sherman,West,Electronics,Platinum,1,1994,92.94,24.88,69.82,2024-08-20
TXN-0007664,Justin Swanson,Central,Grocery,Bronze,1,1966,14.81,0.0,14.81,2026-03-13
TXN-0007665,James Garrett,North,Electronics,Bronze,5,1998,198.81,0.0,994.05,2025-03-17
TXN-0007666,Angela Jenkins,East,Electronics,Platinum,3,2000,164.71,21.89,385.96,2023-12-21
TXN-0007667,Gregory Ward,West,Clothing,Silver,5,1947,69.23,7.86,318.94,2026-06-21
TXN-0007668,Ms. Lori Watson,South,Home,Platinum,5,1990,77.79,21.57,305.05,2024-11-11
TXN-0007669,Carol Dean,East,Home,Silver,4,2007,134.94,9.45,488.75,2024-03-26
TXN-0007670,Dr. Thomas Clark PhD,East,Grocery,Bronze,4,1967,28.93,2.48,112.85,2023-12-18
TXN-0007671,Michael Rogers,Central,Home,Bronze,1,1992,47.8,6.78,44.56,2024-06-14
TXN-0007672,John Murray MD,North,Home,Gold,2,1969,108.53,18.18,177.6,2025-09-17
TXN-0007673,Jacob Clark,Central,Clothing,Silver,4,1998,91.65,13.7,316.38,2025-06-08
TXN-0007674,Jessica Clark,South,Clothing,Silver,7,1953,63.8,14.22,383.09,2025-10-06
TXN-0007675,Ann Scott,East,Grocery,Bronze,6,1993,17.41,0.0,104.46,2025-01-08
TXN-0007676,Lauren Robinson,East,Clothing,Bronze,2,1974,33.94,5.74,63.98,2025-10-06
TXN-0007677,Kristi Choi,South,Grocery,Gold,7,2004,15.84,13.66,95.73,2026-01-02
TXN-0007678,Rebecca White,Central,Home,Platinum,6,2003,73.89,13.31,384.33,2024-09-24
TXN-0007679,Sarah Lee,Central,Home,Bronze,4,1993,120.19,3.81,462.44,2025-05-09
TXN-0007680,Alexandria Shepherd,Central,Home,Bronze,3,1985,125.15,0.0,375.45,2026-08-24
TXN-0007681,Ashley Glenn,Central,Sports,Bronze,1,1965,69.43,2.0,68.04,2025-05-25
TXN-0007682,Benjamin Walker,West,Clothing,Bronze,7,1975,38.71,0.0,270.97,2025-10-04
TXN-0007683,Eric Rasmussen,East,Clothing,Gold,3,1986,25.63,17.57,63.38,2024-11-08
TXN-0007684,Clifford Gonzalez,West,Sports,Silver,5,1970,90.43,3.86,434.7,2024-05-10
TXN-0007685,Kathryn Moore,North,Home,Bronze,6,2002,105.34,0.0,632.04,2025-12-30
TXN-0007686,Willie Munoz,West,Clothing,Gold,7,1983,25.98,16.99,150.96,2025-08-03
TXN-0007687,Sean Warren,East,Clothing,Gold,3,1976,64.75,13.96,167.13,2023-10-16
TXN-0007688,Robert Cruz,West,Clothing,Bronze,5,2002,73.24,8.28,335.88,2024-12-19
TXN-0007689,Samantha Petersen,South,Grocery,Gold,1,1954,6.74,16.11,5.65,2025-08-25
TXN-0007690,Alicia Combs,South,Clothing,Silver,4,1969,37.92,10.85,135.22,2025-05-13
TXN-0007691,Miss Laura Davis,North,Electronics,Bronze,4,1948,375.06,0.0,1500.24,2026-08-17
TXN-0007692,Mrs. Kerri Weeks,South,Electronics,Gold,5,1983,161.28,14.22,691.73,2025-01-30
TXN-0007693,Louis Armstrong,South,Sports,Bronze,5,2006,164.62,8.4,753.96,2025-12-29
TXN-0007694,David Hayes,South,Home,Platinum,4,2006,96.29,16.19,322.8,2026-08-23
TXN-0007695,Lauren Foster,South,Home,Silver,4,1994,131.1,7.04,487.48,2023-11-30
TXN-0007696,Christopher Lee,East,Sports,Gold,5,1982,66.79,12.65,291.71,2024-02-26
TXN-0007697,Eric Craig,South,Clothing,Bronze,2,1945,43.18,2.96,83.8,2025-12-31
TXN-0007698,Jordan Hughes,West,Grocery,Bronze,5,1988,10.21,4.67,48.67,2026-06-14
TXN-0007699,Veronica Huang,North,Grocery,Gold,4,1971,21.59,13.47,74.73,2025-03-30
TXN-0007700,Lisa Harrison,East,Home,Gold,2,2000,66.4,20.1,106.11,2025-07-29
TXN-0007701,Nicole Cox,North,Grocery,Gold,7,2003,12.79,4.76,85.27,2026-05-03
TXN-0007702,Jill Gonzalez,East,Sports,Bronze,1,1973,43.2,0.0,43.2,2026-07-06
TXN-0007703,Katherine Smith,East,Electronics,Silver,6,2006,161.11,6.13,907.4,2024-11-24
TXN-0007704,George Byrd,East,Electronics,Bronze,3,1948,208.0,6.47,583.63,2025-03-01
TXN-0007705,Vincent Lowe,South,Grocery,Bronze,7,1992,16.5,1.45,113.83,2024-11-20
TXN-0007706,Robert Cross,East,Clothing,Silver,4,1972,48.9,5.53,184.78,2024-11-15
TXN-0007707,Abigail Burch,North,Home,Silver,2,1981,153.27,0.35,305.47,2024-02-27
TXN-0007708,Gerald Romero,East,Electronics,Silver,3,1953,90.7,5.93,255.96,2024-10-28
TXN-0007709,Sharon Parks,South,Grocery,Bronze,2,1971,33.83,0.15,67.56,2026-07-10
TXN-0007710,Arthur Reilly,West,Grocery,Gold,2,2000,11.2,12.41,19.62,2026-03-23
TXN-0007711,Megan Wells,South,Sports,Platinum,3,1997,71.81,19.5,173.42,2025-05-27
TXN-0007712,Kathryn Downs,West,Home,Bronze,3,1994,102.27,4.42,293.25,2025-09-13
TXN-0007713,Ronald Knapp,South,Sports,Gold,4,1966,105.56,11.48,373.77,2026-08-12
TXN-0007714,Sandra Rush,South,Home,Gold,4,1993,51.38,10.02,184.93,2024-10-07
TXN-0007715,Wendy Jenkins,South,Home,Bronze,1,1956,95.29,2.06,93.33,2026-08-06
TXN-0007716,Jon Jackson,North,Grocery,Silver,8,1971,14.5,6.93,107.96,2026-03-30
TXN-0007717,John Franco,East,Home,Platinum,4,1965,127.38,15.71,429.47,2024-07-26
TXN-0007718,Stacey Hubbard,West,Home,Silver,5,1992,72.21,8.31,331.05,2025-12-13
TXN-0007719,James Wiggins,West,Electronics,Bronze,3,1974,81.15,0.0,243.45,2025-03-05
TXN-0007720,George Wallace,South,Clothing,Silver,4,1981,62.48,9.28,226.73,2026-08-15
TXN-0007721,Janice Green,North,Grocery,Gold,4,1953,17.8,11.16,63.25,2026-09-04
TXN-0007722,Deborah Ramos,West,Electronics,Silver,1,1951,297.69,3.02,288.7,2024-07-03
TXN-0007723,Hayden Fuller,North,Grocery,Bronze,2,2005,25.2,11.7,44.5,2025-01-26
TXN-0007724,Denise Ramos,South,Clothing,Bronze,2,1954,40.43,2.37,78.94,2026-01-25
TXN-0007725,Francisco Johnson,West,Clothing,Gold,6,1949,77.28,16.7,386.25,2023-10-14
TXN-0007726,Dawn Hampton,South,Grocery,Silver,2,1997,18.62,6.74,34.73,2026-08-08
TXN-0007727,Jon Burke,North,Electronics,Platinum,4,1965,205.31,24.59,619.3,2023-10-11
TXN-0007728,Nathaniel Shelton,South,Sports,Bronze,1,2000,57.51,4.58,54.88,2024-01-11
TXN-0007729,Lisa Edwards,East,Sports,Gold,4,1967,65.67,12.03,231.08,2023-10-16
TXN-0007730,Marcus Cook,North,Home,Bronze,4,1985,112.99,5.4,427.55,2025-06-27
TXN-0007731,Jeremy Briggs,West,Clothing,Gold,5,1965,71.0,17.16,294.08,2024-02-26
TXN-0007732,Sean Johnson,South,Electronics,Gold,3,1960,76.52,11.54,203.07,2025-12-21
TXN-0007733,Kelly Brooks,South,Grocery,Bronze,3,1993,22.04,1.95,64.83,2024-03-07
TXN-0007734,Christina Ferguson,South,Electronics,Bronze,3,2001,119.04,9.31,323.87,2026-08-27
TXN-0007735,Lauren Lopez,West,Sports,Gold,1,1947,81.42,13.69,70.27,2025-08-20
TXN-0007736,Danielle Burke,South,Sports,Gold,7,2000,42.04,16.9,244.55,2025-03-27
TXN-0007737,Patrick Williams,West,Electronics,Silver,3,1959,217.95,9.9,589.12,2024-09-02
TXN-0007738,Roberta Johnson,East,Grocery,Silver,4,1989,22.8,10.82,81.33,2024-12-11
TXN-0007739,Daniel Ponce,North,Home,Gold,4,1984,67.42,16.49,225.21,2024-10-23
TXN-0007740,Anita Smith,East,Home,Gold,3,1993,103.59,3.46,300.02,2024-07-23
TXN-0007741,Colleen Cochran,East,Electronics,Bronze,4,1960,157.95,0.15,630.85,2023-11-19
TXN-0007742,Sara Edwards,East,Grocery,Silver,4,1951,22.24,5.94,83.68,2023-11-03
TXN-0007743,Oscar Thomas,West,Electronics,Bronze,3,1966,98.58,3.02,286.81,2026-05-17
TXN-0007744,David Patel,Central,Sports,Gold,4,1992,49.06,9.92,176.77,2024-02-17
TXN-0007745,Jessica Harris,West,Home,Gold,3,1951,69.66,12.62,182.61,2023-12-25
TXN-0007746,James Campbell,East,Home,Bronze,1,2000,88.4,0.0,88.4,2026-04-07
TXN-0007747,Michael Cuevas,East,Sports,Bronze,4,1948,132.77,0.0,531.08,2026-07-14
TXN-0007748,Jennifer Reynolds,East,Grocery,Bronze,4,1987,19.12,11.4,67.76,2024-08-29
TXN-0007749,Daniel Vincent,South,Home,Bronze,7,1994,125.3,0.5,872.71,2026-04-16
TXN-0007750,John Short,West,Clothing,Platinum,2,2003,40.47,24.46,61.14,2026-06-15
TXN-0007751,Karen Rodriguez,West,Home,Gold,5,1990,73.66,16.14,308.86,2024-04-04
TXN-0007752,Rachel Erickson,South,Clothing,Silver,2,1950,43.41,5.55,82.0,2024-04-01
TXN-0007753,Diane Cabrera,Central,Sports,Bronze,4,1953,69.97,7.34,259.34,2024-02-09
TXN-0007754,Brandon White,West,Clothing,Bronze,3,1954,69.45,0.0,208.35,2026-04-24
TXN-0007755,Andrew Brock Jr.,South,Clothing,Silver,3,1969,48.9,6.74,136.81,2024-04-16
TXN-0007756,Erin Myers,Central,Grocery,Bronze,1,2007,16.19,4.14,15.52,2025-05-04
TXN-0007757,Deborah Ibarra,North,Clothing,Bronze,2,1966,67.4,2.11,131.96,2026-07-13
TXN-0007758,Mark Harris,North,Sports,Platinum,3,2000,62.81,19.45,151.78,2026-06-30
TXN-0007759,David Davenport,South,Clothing,Silver,1,1951,41.94,0.16,41.87,2026-02-23
TXN-0007760,Dennis Lewis,East,Electronics,Gold,6,1961,142.27,15.69,719.69,2024-07-11
TXN-0007761,Scott Watson,South,Home,Bronze,6,1997,170.47,5.2,969.63,2024-03-18
TXN-0007762,Kara Lawrence,Central,Home,Bronze,3,2003,122.49,0.32,366.29,2026-09-12
TXN-0007763,Allison Stokes,South,Sports,Gold,6,1989,145.72,16.27,732.07,2024-07-10
TXN-0007764,Peter Davidson,South,Clothing,Gold,4,1948,34.87,13.88,120.12,2024-10-25
TXN-0007765,Andres Hodges,East,Electronics,Silver,5,1977,183.41,10.87,817.37,2024-12-28
TXN-0007766,Jamie Rose,North,Clothing,Silver,6,1973,48.28,9.74,261.47,2025-09-22
TXN-0007767,Peter Brown,West,Clothing,Bronze,2,1998,49.3,0.96,97.65,2026-07-20
TXN-0007768,Ryan Lyons,South,Home,Silver,5,1957,52.49,14.34,224.81,2024-01-23
TXN-0007769,Barbara Moore,Central,Clothing,Bronze,4,2007,86.7,0.0,346.8,2026-06-16
TXN-0007770,Stephen Ross,West,Home,Bronze,1,2003,51.01,0.0,51.01,2025-09-01
TXN-0007771,Daniel Rodriguez,North,Sports,Silver,7,1999,102.39,0.0,716.73,2024-11-30
TXN-0007772,Joel Cox,North,Clothing,Bronze,2,2007,47.91,3.56,92.41,2025-07-22
TXN-0007773,Kelly Evans,North,Grocery,Bronze,3,1987,13.08,0.0,39.24,2026-09-07
TXN-0007774,Melissa Church,Central,Electronics,Bronze,5,1951,114.53,0.0,572.65,2026-07-31
TXN-0007775,Danielle Jenkins,West,Grocery,Bronze,2,1953,18.32,5.92,34.47,2025-02-11
TXN-0007776,Alexa Rangel,South,Clothing,Gold,5,2000,48.38,4.21,231.72,2024-10-31
TXN-0007777,Veronica Burns,South,Home,Platinum,4,1998,90.14,19.16,291.48,2024-06-05
TXN-0007778,Andrew Lang,Central,Clothing,Bronze,3,1949,27.45,1.74,80.92,2024-01-20
TXN-0007779,Martin Wilson,South,Electronics,Bronze,1,1982,77.67,0.0,77.67,2024-12-01
TXN-0007780,Jeffery Williams,West,Clothing,Gold,7,2004,29.08,13.88,175.31,2024-01-02
TXN-0007781,Jesse Harris,West,Electronics,Bronze,5,1970,211.87,1.32,1045.37,2025-05-14
TXN-0007782,Maria Alexander,South,Sports,Gold,5,2003,124.51,15.15,528.23,2025-05-23
TXN-0007783,Kayla Gonzalez,East,Clothing,Bronze,4,1962,50.15,1.82,196.95,2025-02-25
TXN-0007784,David Skinner,South,Sports,Silver,3,1995,97.31,5.29,276.49,2023-12-30
TXN-0007785,Daniel Spears,South,Home,Bronze,1,1970,101.61,3.27,98.29,2024-11-02
TXN-0007786,Dustin Gregory,Central,Electronics,Gold,5,1946,240.87,17.44,994.31,2024-11-12
TXN-0007787,Sherry Oliver,West,Clothing,Silver,3,1965,83.86,11.83,221.82,2024-06-30
TXN-0007788,Jose Mendez,West,Electronics,Bronze,1,1961,103.8,4.09,99.55,2025-08-12
TXN-0007789,Sean Spencer,East,Grocery,Bronze,5,1978,19.26,4.88,91.6,2024-01-13
TXN-0007790,Danielle Alvarado,South,Electronics,Silver,3,1978,215.94,4.7,617.37,2025-10-30
TXN-0007791,William Sanchez,West,Grocery,Platinum,5,2005,24.33,19.08,98.44,2024-08-04
TXN-0007792,Jessica Manning,East,Electronics,Silver,2,1973,209.26,8.64,382.36,2026-05-03
TXN-0007793,Marcus Poole,North,Clothing,Bronze,6,1948,54.37,2.86,316.89,2025-05-29
TXN-0007794,Wendy Oneal,South,Electronics,Silver,6,1972,202.74,9.14,1105.26,2024-07-01
TXN-0007795,Mary Santana,East,Grocery,Bronze,1,1997,10.95,7.05,10.18,2026-06-26
TXN-0007796,Laurie Johnson DVM,West,Home,Gold,4,1988,55.69,12.59,194.71,2025-10-31
TXN-0007797,Amanda Sims,South,Sports,Gold,4,2002,127.17,7.82,468.9,2024-03-14
TXN-0007798,Aaron Reeves,Central,Clothing,Bronze,4,1954,80.5,0.0,322.0,2024-05-08
TXN-0007799,Jay Weber,South,Electronics,Silver,1,2007,278.41,7.73,256.89,2026-01-14
TXN-0007800,Patrick Moore,South,Grocery,Silver,2,1984,17.06,5.7,32.18,2025-07-28
TXN-0007801,Mariah Nolan,North,Home,Bronze,3,1981,63.92,0.0,191.76,2024-09-01
TXN-0007802,Linda Dean,West,Grocery,Silver,7,1954,16.86,6.85,109.94,2026-05-08
TXN-0007803,Daniel Chung,South,Clothing,Silver,3,1952,108.38,4.41,310.8,2026-06-23
TXN-0007804,Carmen Sanchez,East,Grocery,Silver,5,1961,13.42,9.05,61.03,2024-03-11
TXN-0007805,Jennifer Baker,South,Electronics,Silver,5,1991,150.58,12.32,660.14,2025-08-13
TXN-0007806,David Alexander,West,Sports,Silver,1,1982,114.86,11.09,102.12,2024-11-03
TXN-0007807,Autumn Gomez,West,Electronics,Silver,7,1984,164.57,3.75,1108.79,2024-03-06
TXN-0007808,Sarah Brock,South,Grocery,Silver,2,1988,15.72,4.82,29.92,2023-11-21
TXN-0007809,Christine Martin,Central,Electronics,Silver,3,1989,208.43,1.61,615.22,2024-01-19
TXN-0007810,Sean Burton,North,Grocery,Silver,3,1959,15.23,10.92,40.7,2024-01-15
TXN-0007811,Brandon Bray,North,Grocery,Silver,2,1997,21.27,7.48,39.36,2026-03-03
TXN-0007812,Alex Anderson,East,Grocery,Bronze,2,1964,7.73,7.6,14.29,2024-10-21
TXN-0007813,Travis Taylor,West,Home,Silver,3,2002,48.76,9.13,132.92,2025-08-20
TXN-0007814,Zachary Dickerson,South,Clothing,Silver,3,1993,50.68,5.44,143.77,2023-10-27
TXN-0007815,Beth Kerr,East,Grocery,Bronze,7,1949,28.71,0.0,200.97,2025-11-09
TXN-0007816,Shannon Casey,South,Home,Bronze,4,1981,84.98,3.07,329.48,2024-05-16
TXN-0007817,David Ponce,East,Home,Silver,4,1981,88.37,14.37,302.68,2026-07-08
TXN-0007818,Hannah Schmidt,West,Electronics,Bronze,3,1964,174.62,4.99,497.72,2026-06-18
TXN-0007819,Claudia Black,Central,Clothing,Bronze,2,1980,47.62,1.55,93.76,2023-09-29
TXN-0007820,Roger Greene,East,Clothing,Bronze,2,1979,31.32,4.95,59.54,2023-11-25
TXN-0007821,Laurie Fox,East,Grocery,Silver,3,1987,22.91,9.56,62.16,2026-07-26
TXN-0007822,Denise Moran,East,Electronics,Platinum,7,1953,175.6,24.44,928.78,2025-05-26
TXN-0007823,Erin Fox,South,Clothing,Gold,4,1964,62.01,10.01,223.21,2024-11-14
TXN-0007824,Scott Nichols,South,Grocery,Platinum,5,1971,12.19,21.52,47.83,2024-05-20
TXN-0007825,Dr. Cole Robertson,Central,Home,Platinum,6,1976,153.56,14.79,785.09,2026-09-19
TXN-0007826,Timothy Christian,South,Sports,Bronze,2,1994,64.53,0.0,129.06,2025-02-21
TXN-0007827,Shawna Garcia,West,Electronics,Bronze,3,1993,263.97,4.46,756.59,2025-05-27
TXN-0007828,Seth Diaz,North,Clothing,Bronze,3,2000,26.28,6.37,73.82,2026-03-08
TXN-0007829,Jason Rose,West,Home,Bronze,5,1961,77.52,2.01,379.81,2023-10-03
TXN-0007830,Misty Rogers,North,Clothing,Gold,2,1945,93.72,12.69,163.65,2025-12-06
TXN-0007831,Andrew Brown,Central,Grocery,Gold,3,1967,17.13,14.22,44.08,2025-10-29
TXN-0007832,Laura Luna,West,Electronics,Silver,3,1989,67.75,11.04,180.81,2025-10-09
TXN-0007833,Lisa Kirk,North,Home,Gold,4,1992,64.32,16.14,215.76,2025-08-05
TXN-0007834,Jonathan Hughes,West,Electronics,Silver,2,1945,176.49,8.15,324.21,2025-06-16
TXN-0007835,Gina Summers,East,Home,Silver,2,1994,148.75,9.41,269.51,2024-01-14
TXN-0007836,Kayla Campbell,South,Grocery,Bronze,3,1991,16.28,4.87,46.46,2026-01-14
TXN-0007837,Stacey Bruce,South,Electronics,Platinum,4,1997,234.76,16.24,786.54,2024-09-12
TXN-0007838,Kayla Taylor,West,Home,Silver,4,1998,103.34,8.88,376.65,2023-10-03
TXN-0007839,Jason Roberts,West,Home,Bronze,5,1986,77.92,0.0,389.6,2025-05-17
TXN-0007840,Gary Wallace,South,Grocery,Bronze,4,2003,23.71,5.77,89.37,2026-09-02
TXN-0007841,Linda Ward,Central,Electronics,Gold,6,1952,223.93,15.97,1129.01,2025-10-15
TXN-0007842,Lindsay Marsh,South,Clothing,Gold,3,1950,49.74,13.21,129.51,2024-04-03
TXN-0007843,Isabella Cook,North,Grocery,Silver,5,1974,13.99,6.35,65.51,2026-02-25
TXN-0007844,Shannon Romero,East,Home,Platinum,2,1945,51.1,24.03,77.64,2026-01-06
TXN-0007845,Mary Griffin,North,Grocery,Bronze,3,1982,20.83,2.96,60.64,2025-04-07
TXN-0007846,Elizabeth Saunders,South,Clothing,Platinum,6,1968,44.95,20.9,213.33,2025-02-26
TXN-0007847,Jonathan Snyder,East,Sports,Silver,4,1966,90.04,8.17,330.73,2026-08-22
TXN-0007848,Shane Wood,South,Electronics,Silver,4,1961,177.26,8.43,649.27,2025-01-10
TXN-0007849,Autumn Robinson,South,Electronics,Gold,3,2007,180.99,17.09,450.18,2025-06-11
TXN-0007850,Samuel Doyle,West,Home,Gold,8,1970,84.97,7.37,629.66,2023-12-22
TXN-0007851,Danielle Carlson,East,Home,Bronze,3,1999,57.59,1.6,170.01,2026-06-06
TXN-0007852,Alicia Brown,West,Home,Gold,4,1955,106.2,5.92,399.65,2026-06-29
TXN-0007853,Gary Diaz,East,Electronics,Silver,3,1951,214.53,8.4,589.53,2024-02-15
TXN-0007854,Ms. Emily Watts,East,Electronics,Bronze,5,1993,361.03,0.0,1805.15,2025-04-17
TXN-0007855,Steven Weeks,South,Grocery,Silver,7,1993,14.62,7.5,94.66,2026-01-05
TXN-0007856,Ashley Simmons,West,Clothing,Silver,3,1986,38.12,4.3,109.44,2025-03-09
TXN-0007857,Justin French,North,Grocery,Silver,8,1967,11.96,4.14,91.72,2024-01-30
TXN-0007858,Katherine Moore,South,Home,Bronze,2,1969,88.44,0.48,176.03,2025-09-11
TXN-0007859,Daniel Valenzuela,West,Electronics,Bronze,4,1945,211.91,2.29,828.23,2024-12-21
TXN-0007860,Paula Jordan,West,Grocery,Bronze,2,1989,24.59,4.4,47.02,2026-06-30
TXN-0007861,Nicholas Smith,East,Grocery,Gold,4,2001,31.17,10.42,111.69,2024-08-08
TXN-0007862,Richard Pruitt,North,Grocery,Bronze,2,1966,20.6,2.48,40.18,2024-06-28
TXN-0007863,Mrs. Meghan Sanders,North,Electronics,Silver,2,1987,105.15,8.42,192.59,2026-02-05
TXN-0007864,Arthur Campbell,East,Home,Silver,3,1980,97.88,5.28,278.14,2023-11-28
TXN-0007865,Brian Burton,West,Sports,Bronze,2,1959,35.97,3.33,69.54,2025-05-16
TXN-0007866,Jon Hickman,East,Home,Bronze,2,1973,79.73,0.0,159.46,2026-07-20
TXN-0007867,Amy Campbell,North,Clothing,Bronze,3,1957,47.41,0.0,142.23,2024-07-20
TXN-0007868,Justin Tyler,North,Electronics,Gold,2,1965,187.96,16.71,313.1,2025-01-04
TXN-0007869,Marcus Rogers,East,Grocery,Platinum,9,1964,21.0,12.18,165.98,2026-09-13
TXN-0007870,Tammy Solis,West,Grocery,Bronze,4,1948,13.9,0.81,55.15,2025-05-26
TXN-0007871,Jessica Grant,North,Sports,Bronze,3,1989,58.5,2.24,171.57,2024-03-11
TXN-0007872,Cindy Watson,North,Sports,Silver,4,1964,76.71,7.85,282.75,2026-06-03
TXN-0007873,Mary Lyons,South,Clothing,Bronze,1,1980,64.98,2.99,63.04,2026-09-02
TXN-0007874,Jennifer Hicks,North,Home,Silver,4,1974,116.43,6.22,436.75,2025-04-08
TXN-0007875,Rachel Kelly,East,Electronics,Silver,1,1972,134.99,5.67,127.34,2025-10-22
TXN-0007876,William Manning,North,Electronics,Silver,4,1964,157.27,4.03,603.73,2024-02-06
TXN-0007877,Jonathan Malone,East,Electronics,Bronze,5,1997,111.11,7.41,514.38,2026-06-07
TXN-0007878,Curtis Wells,West,Sports,Gold,9,2006,52.32,15.69,397.0,2025-08-08
TXN-0007879,Gary Ruiz,Central,Electronics,Silver,1,1955,81.34,8.02,74.82,2024-07-18
TXN-0007880,Christopher Garrett,Central,Home,Bronze,4,1956,72.12,1.75,283.43,2024-05-02
TXN-0007881,Lauren Walker,South,Clothing,Gold,2,2002,86.05,10.91,153.32,2023-11-22
TXN-0007882,Stacy Osborne,North,Clothing,Bronze,4,1969,90.31,1.83,354.63,2024-07-23
TXN-0007883,Tracie Berg,South,Home,Bronze,3,1995,109.77,0.0,329.31,2023-11-06
TXN-0007884,Jennifer Mills,West,Electronics,Bronze,4,1988,227.5,6.8,848.12,2026-04-06
TXN-0007885,Sophia Lucero,North,Clothing,Silver,3,2003,73.03,3.92,210.5,2024-10-02
TXN-0007886,Maria Johnson,South,Home,Silver,2,1961,95.63,2.62,186.25,2025-10-26
TXN-0007887,Jacob Tyler,South,Grocery,Silver,3,1990,7.67,17.41,19.0,2025-05-23
TXN-0007888,Linda Davis,South,Grocery,Bronze,1,1976,39.78,1.5,39.18,2024-01-03
TXN-0007889,Daniel Williams,West,Grocery,Bronze,3,1980,16.74,0.0,50.22,2026-01-14
TXN-0007890,Anthony Carr,West,Clothing,Bronze,4,1990,51.06,4.68,194.68,2026-06-23
TXN-0007891,Michael Young,East,Electronics,Silver,3,1993,266.78,2.33,781.69,2025-01-18
TXN-0007892,Kenneth Sanchez,Central,Clothing,Bronze,1,2005,58.16,0.0,58.16,2025-11-12
TXN-0007893,Cathy Smith,North,Sports,Silver,3,1958,181.06,9.81,489.89,2026-01-04
TXN-0007894,Cynthia Castro,North,Electronics,Silver,2,1979,119.62,14.5,204.55,2025-08-25
TXN-0007895,Christopher Pena,South,Electronics,Silver,3,1970,229.96,10.59,616.82,2023-10-23
TXN-0007896,Kristin Mendez,West,Sports,Silver,5,1990,68.83,9.54,311.32,2023-11-24
TXN-0007897,Diane Crosby,East,Sports,Silver,7,1992,77.68,11.88,479.16,2025-03-08
TXN-0007898,Nicole Gutierrez,North,Electronics,Bronze,4,1995,117.56,1.0,465.54,2023-12-24
TXN-0007899,Jared Adkins,Central,Grocery,Silver,3,1988,14.44,1.87,42.51,2025-03-05
TXN-0007900,Ryan Taylor,South,Clothing,Bronze,4,1966,86.4,0.0,345.6,2023-12-03
TXN-0007901,David Hunt,South,Home,Silver,3,1972,107.89,11.81,285.44,2025-06-18
TXN-0007902,Edward Newton,East,Home,Silver,6,1973,104.37,2.85,608.37,2024-03-29
TXN-0007903,Edgar Ramirez,Central,Sports,Silver,4,1976,42.36,6.51,158.41,2024-08-21
TXN-0007904,Jennifer Hill,West,Electronics,Gold,6,1999,91.26,13.16,475.5,2026-07-09
TXN-0007905,Joel Hansen,Central,Grocery,Bronze,2,1966,13.03,3.49,25.15,2026-07-30
TXN-0007906,Pamela Gill,North,Electronics,Bronze,4,1985,139.29,4.12,534.21,2025-12-18
TXN-0007907,Jessica Allen,East,Home,Gold,2,1981,86.82,15.29,147.09,2025-09-09
TXN-0007908,Marilyn Holmes,West,Grocery,Bronze,3,1946,20.11,12.37,52.87,2026-08-16
TXN-0007909,Krista Wallace,East,Grocery,Bronze,8,1962,25.74,4.69,196.26,2026-01-08
TXN-0007910,Denise Knight,South,Sports,Bronze,2,2001,125.47,7.07,233.2,2024-05-16
TXN-0007911,Joseph Alvarado,Central,Grocery,Silver,4,1977,19.27,7.22,71.51,2026-03-15
TXN-0007912,Travis Cruz,North,Grocery,Silver,2,1970,13.39,14.01,23.03,2024-09-23
TXN-0007913,Vickie Carroll,South,Clothing,Gold,6,1972,71.0,10.29,382.16,2024-01-17
TXN-0007914,Danielle Patrick,Central,Sports,Silver,2,1990,80.0,10.59,143.06,2023-11-24
TXN-0007915,Jeffrey Collins,Central,Home,Silver,3,1982,105.97,6.65,296.77,2024-05-04
TXN-0007916,Lucas Smith,Central,Clothing,Gold,6,1966,83.88,16.48,420.34,2025-10-26
TXN-0007917,James Bauer,Central,Home,Gold,3,1980,78.58,14.95,200.5,2026-07-09
TXN-0007918,Sarah Mcmillan,North,Clothing,Bronze,7,1978,91.56,6.52,599.13,2023-10-27
TXN-0007919,Debra Friedman,Central,Home,Silver,5,1952,54.66,8.79,249.28,2025-09-29
TXN-0007920,Jason Ferrell,South,Clothing,Bronze,2,1975,70.97,1.86,139.3,2026-05-15
TXN-0007921,Tina Martinez,West,Electronics,Bronze,5,1957,127.41,5.55,601.69,2023-12-08
TXN-0007922,Mrs. Brenda Harrington,South,Sports,Gold,6,1949,81.13,10.15,437.37,2024-10-08
TXN-0007923,Maurice Santos,West,Sports,Gold,8,2002,84.15,6.83,627.22,2026-09-21
TXN-0007924,Maria Adams,East,Home,Gold,5,1969,79.6,5.35,376.71,2026-07-01
TXN-0007925,Brenda Berger,West,Sports,Silver,3,1995,59.92,13.39,155.69,2024-04-17
TXN-0007926,Daniel Tucker,North,Clothing,Bronze,8,1960,40.85,2.93,317.22,2023-10-20
TXN-0007927,Debra Zavala,North,Clothing,Bronze,4,1955,60.81,3.71,234.22,2024-06-21
TXN-0007928,Amy Robertson,East,Sports,Bronze,5,1982,93.64,0.8,464.45,2026-06-06
TXN-0007929,Eric Ware MD,North,Home,Bronze,3,1958,170.21,3.15,494.55,2023-12-14
TXN-0007930,Jonathan Williams,West,Grocery,Silver,2,2005,16.46,4.56,31.42,2025-01-17
TXN-0007931,Gary Silva,South,Clothing,Silver,4,1959,32.14,6.96,119.61,2024-02-26
TXN-0007932,Susan Nguyen,East,Clothing,Bronze,5,1994,64.89,0.0,324.45,2025-09-05
TXN-0007933,Mary Pearson,North,Electronics,Bronze,4,1957,87.04,0.0,348.16,2026-05-04
TXN-0007934,Rachel Watson,North,Sports,Bronze,2,2002,131.38,0.0,262.76,2024-06-19
TXN-0007935,Kathryn Hoffman,East,Electronics,Gold,6,1987,208.61,10.05,1125.87,2026-04-03
TXN-0007936,Stephen Rogers,South,Home,Bronze,7,1976,63.23,6.82,412.42,2024-01-05
TXN-0007937,Bonnie Foster,South,Electronics,Bronze,6,1963,91.87,10.9,491.14,2024-03-11
TXN-0007938,Marissa Green,South,Home,Silver,1,1948,66.56,11.04,59.21,2024-03-23
TXN-0007939,Kyle Lewis,South,Clothing,Bronze,5,1977,66.24,0.0,331.2,2025-11-08
TXN-0007940,Danny Owens,East,Grocery,Bronze,5,1960,13.75,8.22,63.1,2026-04-09
TXN-0007941,Brian Hayden,North,Home,Gold,6,1970,116.75,11.68,618.68,2026-05-11
TXN-0007942,Stephen Marsh,South,Electronics,Bronze,2,1975,222.18,0.0,444.36,2024-09-04
TXN-0007943,Antonio Hernandez,West,Electronics,Bronze,2,1954,130.99,8.69,239.21,2024-01-04
TXN-0007944,Ms. Jessica Bryant,East,Electronics,Bronze,4,1967,217.99,0.61,866.64,2024-08-07
TXN-0007945,Jacob Williams,East,Grocery,Bronze,1,1956,27.47,0.0,27.47,2025-07-21
TXN-0007946,Mark Davis,South,Grocery,Gold,4,1973,21.94,11.13,77.99,2025-03-05
TXN-0007947,Hannah Raymond,Central,Clothing,Silver,6,1982,66.56,5.88,375.88,2026-08-16
TXN-0007948,Gerald Brooks,South,Home,Silver,3,1999,73.92,9.15,201.47,2025-06-13
TXN-0007949,Danny Koch,South,Clothing,Silver,6,1957,111.95,7.75,619.64,2025-02-12
TXN-0007950,Amber Miller,Central,Sports,Bronze,4,1945,53.19,0.0,212.76,2024-04-02
TXN-0007951,Cody Lopez,West,Sports,Bronze,3,1982,64.24,0.0,192.72,2026-08-25
TXN-0007952,Justin Parrish,East,Grocery,Bronze,2,1958,25.0,0.0,50.0,2026-03-10
TXN-0007953,Jay Mckinney,Central,Electronics,Gold,4,1977,140.26,13.88,483.17,2026-01-23
TXN-0007954,Scott Powers,North,Clothing,Gold,2,2005,49.52,10.46,88.68,2024-04-28
TXN-0007955,Amber Ramirez,West,Sports,Bronze,2,1969,46.58,2.51,90.82,2025-02-08
TXN-0007956,Joshua Smith,West,Electronics,Gold,2,1983,135.77,13.03,236.16,2024-08-24
TXN-0007957,William Mcbride,South,Grocery,Bronze,4,2001,41.91,6.02,157.55,2023-12-07
TXN-0007958,Angela Colon,South,Sports,Bronze,2,1968,66.13,3.01,128.28,2026-04-06
TXN-0007959,Jack Martinez,North,Grocery,Bronze,4,1954,28.16,5.07,106.93,2024-06-23
TXN-0007960,Derek Stevens,Central,Home,Bronze,2,1957,75.57,1.23,149.28,2025-03-02
TXN-0007961,Paula Hull,North,Home,Bronze,2,1945,61.98,7.76,114.34,2024-01-04
TXN-0007962,Pamela Cox,South,Sports,Gold,7,1972,57.09,11.42,353.99,2024-04-02
TXN-0007963,Felicia Anderson,West,Clothing,Bronze,2,1996,70.89,0.0,141.78,2024-11-26
TXN-0007964,Christopher Jensen,West,Sports,Bronze,4,1995,34.94,6.7,130.4,2024-05-04
TXN-0007965,Tyler Pham,North,Clothing,Bronze,3,1958,99.88,0.0,299.64,2025-07-03
TXN-0007966,Steven Gordon,West,Grocery,Bronze,1,2006,21.27,0.0,21.27,2024-06-15
TXN-0007967,Erik Dillon,East,Sports,Bronze,6,1973,65.8,0.0,394.8,2026-09-13
TXN-0007968,Karen Prince,West,Home,Bronze,2,1961,68.18,0.26,136.01,2025-04-24
TXN-0007969,Becky Williams,North,Clothing,Bronze,4,1953,45.82,1.07,181.32,2026-02-03
TXN-0007970,Kurt Hernandez,North,Electronics,Bronze,7,1995,239.34,3.46,1617.41,2024-06-10
TXN-0007971,Brenda Morales,East,Grocery,Bronze,3,1999,10.36,4.7,29.62,2025-08-09
TXN-0007972,Donna Lara,North,Home,Silver,3,1947,88.28,7.11,246.01,2024-10-10
TXN-0007973,Joe Campbell,East,Clothing,Platinum,5,1984,81.65,23.32,313.05,2026-03-20
TXN-0007974,Vincent Moore,North,Grocery,Bronze,1,1992,8.86,4.86,8.43,2023-11-30
TXN-0007975,Bradley Martinez,West,Sports,Silver,2,2006,60.19,3.77,115.84,2024-04-22
TXN-0007976,Robert White,Central,Sports,Silver,2,1998,44.16,3.59,85.15,2024-03-01
TXN-0007977,Gregory Chase,West,Home,Silver,4,1976,57.32,5.44,216.81,2026-06-06
TXN-0007978,Dakota Miller,Central,Sports,Silver,4,1964,80.9,0.0,323.6,2026-05-06
TXN-0007979,Henry Dixon,Central,Grocery,Silver,2,2006,22.59,7.29,41.89,2025-05-04
TXN-0007980,Charles Chavez,East,Electronics,Gold,1,1989,138.62,12.21,121.69,2024-05-30
TXN-0007981,Chase Bryant,South,Sports,Bronze,6,1961,44.38,7.71,245.75,2023-10-22
TXN-0007982,Anthony Allen,Central,Home,Silver,2,2005,66.47,10.85,118.52,2025-10-23
TXN-0007983,Kara Brown,Central,Sports,Silver,6,1974,86.18,5.96,486.26,2024-01-31
TXN-0007984,Ernest Smith,Central,Grocery,Gold,2,1986,17.78,16.43,29.72,2023-10-07
TXN-0007985,Heather Goodman,West,Home,Silver,4,1976,59.54,6.44,222.82,2023-10-09
TXN-0007986,Melinda Kim,South,Clothing,Platinum,3,1982,46.37,21.65,108.99,2024-07-02
TXN-0007987,Mr. Aaron Ford,Central,Electronics,Silver,5,1974,210.21,0.25,1048.42,2024-02-13
TXN-0007988,Benjamin Thompson,Central,Clothing,Silver,2,1950,59.01,5.05,112.06,2026-07-06
TXN-0007989,Anna Reyes,West,Grocery,Gold,2,1981,12.48,13.58,21.57,2026-04-07
TXN-0007990,Linda Patrick,West,Grocery,Silver,5,1958,19.68,6.07,92.43,2024-12-11
TXN-0007991,Holly Flynn,East,Electronics,Silver,3,1949,131.43,11.54,348.79,2025-07-05
TXN-0007992,Crystal Horton,Central,Electronics,Gold,5,1962,127.62,14.26,547.11,2026-09-09
TXN-0007993,Mark Wood,North,Grocery,Bronze,3,1999,18.85,4.15,54.2,2025-10-06
TXN-0007994,Morgan Haynes,West,Clothing,Platinum,3,1955,37.45,20.76,89.03,2026-09-07
TXN-0007995,Shelby Barnes,North,Electronics,Gold,4,1989,137.15,13.07,476.9,2024-04-12
TXN-0007996,Anthony Ramos,South,Electronics,Silver,3,1950,230.82,10.23,621.62,2024-08-13
TXN-0007997,Charles Rodriguez,North,Home,Bronze,2,1981,213.61,8.26,391.93,2024-05-07
TXN-0007998,Amanda Nelson,East,Home,Bronze,5,2000,49.41,0.0,247.05,2026-06-17
TXN-0007999,Derek Brady,South,Grocery,Bronze,1,1969,13.24,0.0,13.24,2024-11-21
TXN-0008000,Lori Sutton,Central,Clothing,Bronze,3,1957,81.69,2.21,239.65,2025-12-18
TXN-0008001,Laura Thomas,East,Electronics,Silver,3,1965,103.1,11.72,273.05,2025-08-27
TXN-0008002,Benjamin Hampton,Central,Grocery,Gold,3,1999,17.21,15.76,43.49,2025-06-29
TXN-0008003,Erica Torres,South,Sports,Silver,2,2002,140.68,4.15,269.68,2024-10-03
TXN-0008004,Peggy Garcia,North,Clothing,Bronze,4,2004,42.63,0.64,169.43,2024-06-25
TXN-0008005,Cheryl Myers,West,Grocery,Platinum,7,1956,16.48,22.64,89.24,2026-05-03
TXN-0008006,David Hooper,West,Grocery,Gold,6,1971,11.47,10.91,61.31,2026-09-06
TXN-0008007,David Stewart,East,Sports,Silver,4,1967,95.36,7.99,350.96,2023-11-25
TXN-0008008,Isabella Turner,West,Clothing,Bronze,2,1962,29.41,0.0,58.82,2026-04-11
TXN-0008009,Seth Smith,West,Electronics,Silver,6,1960,125.61,8.71,688.02,2024-07-03
TXN-0008010,Stephanie Wilson,East,Electronics,Bronze,2,1995,101.6,4.23,194.6,2025-11-12
TXN-0008011,Deborah Hayes,Central,Grocery,Bronze,5,1947,16.09,0.0,80.45,2026-05-05
TXN-0008012,Mark Thomas,West,Grocery,Silver,5,2006,34.46,13.3,149.38,2024-02-11
TXN-0008013,Alexandra Levy,West,Home,Silver,2,1993,103.02,13.68,177.85,2026-05-29
TXN-0008014,Antonio Fuentes,South,Electronics,Bronze,4,1954,173.94,0.0,695.76,2025-01-07
TXN-0008015,Michael Dean,North,Electronics,Gold,3,1980,177.44,12.2,467.38,2025-03-21
TXN-0008016,Melanie Ballard,South,Home,Gold,3,1966,89.28,7.29,248.31,2025-07-09
TXN-0008017,Tami Burton,West,Sports,Silver,4,1959,117.55,0.0,470.2,2023-10-05
TXN-0008018,Julie Cole,West,Clothing,Bronze,7,1993,72.11,4.84,480.34,2026-02-10
TXN-0008019,Kimberly James,South,Grocery,Bronze,1,1970,11.42,8.34,10.47,2024-09-28
TXN-0008020,James Wallace,East,Home,Silver,4,1945,126.6,6.92,471.36,2024-07-22
TXN-0008021,Larry Snyder,North,Sports,Gold,4,1968,81.44,18.47,265.59,2024-03-28
TXN-0008022,Tracy Schroeder,South,Grocery,Silver,2,1968,21.11,4.68,40.24,2025-12-29
TXN-0008023,Phillip Jones,Central,Electronics,Bronze,5,1965,79.2,0.0,396.0,2024-02-23
TXN-0008024,Gregory Cox,South,Grocery,Bronze,9,1952,18.0,0.64,160.96,2026-05-16
TXN-0008025,Angela Gray,South,Grocery,Bronze,6,1988,17.15,0.0,102.9,2025-04-12
TXN-0008026,Chelsea Love,East,Sports,Silver,2,1996,58.85,8.5,107.7,2026-01-13
TXN-0008027,Kevin Carney,South,Home,Silver,5,2001,131.03,10.81,584.33,2025-11-24
TXN-0008028,Mason Johnson,West,Electronics,Bronze,2,1961,90.26,0.0,180.52,2024-09-02
TXN-0008029,Ruth Sharp,Central,Home,Silver,4,1978,259.63,2.26,1015.05,2025-09-18
TXN-0008030,Gregory Love,East,Grocery,Gold,6,1983,12.17,16.08,61.28,2026-05-28
TXN-0008031,Tanya Berg,East,Clothing,Silver,3,1956,64.84,5.77,183.3,2026-07-18
TXN-0008032,Veronica Cook,South,Sports,Bronze,3,1981,80.84,4.73,231.05,2024-08-16
TXN-0008033,Ryan Mcdonald,East,Electronics,Silver,2,1967,240.83,4.12,461.82,2024-11-30
TXN-0008034,Sarah Mooney,South,Sports,Gold,4,2003,134.61,10.7,480.83,2023-12-19
TXN-0008035,Adriana Green,North,Clothing,Bronze,2,1991,47.23,5.59,89.18,2024-07-24
TXN-0008036,Adam Medina,West,Electronics,Bronze,2,1949,170.16,4.87,323.75,2024-03-21
TXN-0008037,Jessica Delgado,South,Home,Silver,3,1962,77.5,11.87,204.9,2024-05-16
TXN-0008038,Joanna Carpenter,East,Home,Bronze,2,1975,64.16,1.27,126.69,2026-08-27
TXN-0008039,Jennifer Wolf,North,Grocery,Gold,5,1947,18.22,17.53,75.13,2025-10-03
TXN-0008040,Sandra Sandoval,West,Home,Silver,3,2001,89.15,8.56,244.56,2025-11-08
TXN-0008041,Sabrina Brown,North,Electronics,Bronze,1,2002,160.63,3.42,155.14,2024-06-27
TXN-0008042,Kayla Grimes,South,Sports,Gold,4,1978,65.7,10.01,236.49,2024-06-02
TXN-0008043,Allison Obrien,West,Home,Silver,3,1965,101.38,9.31,275.82,2026-08-04
TXN-0008044,Connie Roberson,East,Clothing,Silver,5,2005,72.31,6.11,339.46,2023-12-03
TXN-0008045,Andrea Ramirez,Central,Sports,Bronze,2,1953,49.18,8.51,89.99,2023-12-20
TXN-0008046,Robin Jones,South,Electronics,Silver,4,1960,198.56,6.99,738.72,2026-06-25
TXN-0008047,Anthony Gonzalez,West,Electronics,Gold,8,1983,276.36,12.36,1937.62,2025-04-15
TXN-0008048,Michael Estrada,Central,Home,Bronze,4,1975,57.59,6.47,215.46,2024-12-13
TXN-0008049,Haley Anthony,East,Home,Bronze,3,1956,95.01,2.29,278.5,2024-08-18
TXN-0008050,Melissa Murray,West,Home,Platinum,3,1995,105.52,17.02,262.68,2025-08-03
TXN-0008051,Sarah Glover,South,Sports,Bronze,3,1976,98.66,0.0,295.98,2024-10-22
TXN-0008052,Michael Marshall,West,Clothing,Bronze,5,1973,75.27,0.0,376.35,2025-02-28
TXN-0008053,Katie Ibarra,Central,Sports,Bronze,2,1960,114.32,0.0,228.64,2026-05-13
TXN-0008054,Justin Simmons,West,Electronics,Silver,4,1960,167.8,6.67,626.43,2025-08-31
TXN-0008055,Nancy Kerr,Central,Electronics,Silver,4,2002,112.86,10.01,406.25,2023-12-04
TXN-0008056,Alfred Henry,East,Electronics,Bronze,2,1951,141.16,0.01,282.29,2024-03-08
TXN-0008057,Evan Wheeler,East,Electronics,Bronze,3,1967,265.16,10.86,709.09,2023-12-18
TXN-0008058,Robert Jennings,South,Clothing,Silver,4,1998,40.42,2.04,158.38,2026-01-09
TXN-0008059,Ruth Hernandez MD,West,Grocery,Silver,6,2000,21.58,8.85,118.02,2024-06-27
TXN-0008060,Sarah Maddox,Central,Grocery,Bronze,1,1953,24.2,3.52,23.35,2024-05-30
TXN-0008061,David Pennington,East,Grocery,Silver,2,1977,22.3,5.52,42.14,2023-11-12
TXN-0008062,Taylor Bates,South,Electronics,Silver,3,1953,221.51,6.45,621.67,2025-10-20
TXN-0008063,Monica Patton,East,Grocery,Bronze,3,2004,17.8,7.82,49.22,2025-12-05
TXN-0008064,Heather Williams,West,Clothing,Bronze,5,1969,53.08,5.76,250.11,2024-03-26
TXN-0008065,Jeff Burgess,Central,Grocery,Gold,3,1993,33.99,16.27,85.38,2024-01-16
TXN-0008066,Miranda Perry,North,Grocery,Gold,4,2003,35.9,9.73,129.63,2024-09-27
TXN-0008067,Jack Martinez,North,Electronics,Bronze,3,1997,265.45,3.73,766.65,2025-08-19
TXN-0008068,Brian Acosta,South,Home,Gold,5,1981,109.07,15.86,458.86,2026-04-05
TXN-0008069,Jerry Baird,North,Sports,Silver,4,1957,61.31,10.03,220.64,2026-03-16
TXN-0008070,Mr. James Mercer DVM,Central,Clothing,Platinum,5,1967,57.69,15.11,244.87,2025-02-15
TXN-0008071,Theresa Pena,South,Grocery,Platinum,6,2001,17.2,21.19,81.33,2025-07-09
TXN-0008072,Joshua Watson,East,Sports,Silver,2,2002,110.25,8.16,202.51,2024-08-01
TXN-0008073,Leslie Walton,South,Clothing,Silver,3,1966,63.05,10.92,168.49,2026-08-14
TXN-0008074,Charles Johnson,East,Clothing,Bronze,2,1962,67.47,1.08,133.48,2025-02-14
TXN-0008075,Curtis Terry,Central,Home,Silver,4,1979,88.96,2.96,345.31,2024-09-19
TXN-0008076,Jessica Lane,East,Grocery,Bronze,2,1946,7.52,0.0,15.04,2024-03-17
TXN-0008077,Robert Rodriguez,North,Clothing,Silver,2,1986,87.07,8.27,159.74,2025-02-15
TXN-0008078,Jason Richards,South,Home,Bronze,3,1967,87.99,6.07,247.95,2024-09-15
TXN-0008079,Jacob Gregory,Central,Electronics,Gold,3,2001,224.53,11.72,594.65,2024-02-27
TXN-0008080,Billy Duran,Central,Sports,Platinum,5,1984,66.63,21.02,263.12,2024-09-30
TXN-0008081,Daniel Flores,South,Sports,Bronze,2,1963,132.33,0.0,264.66,2025-06-29
TXN-0008082,Casey Yates,East,Home,Silver,6,2001,74.63,0.0,447.78,2024-08-03
TXN-0008083,Karen Hall,North,Sports,Gold,6,1991,73.16,14.67,374.56,2025-05-03
TXN-0008084,Gary Henderson,East,Grocery,Silver,5,1984,18.1,8.6,82.72,2024-09-04
TXN-0008085,Chad Lowe,North,Sports,Platinum,4,1980,44.24,22.5,137.14,2024-01-20
TXN-0008086,Tina King,West,Electronics,Silver,3,1981,184.72,0.0,554.16,2025-09-28
TXN-0008087,Ashley Hansen,Central,Electronics,Bronze,4,1956,213.74,7.09,794.34,2026-03-24
TXN-0008088,Scott Lawrence,North,Sports,Silver,5,1990,86.87,5.04,412.46,2025-10-19
TXN-0008089,Jacob Hayes,East,Clothing,Silver,1,1963,123.77,4.88,117.73,2023-12-21
TXN-0008090,Carmen Anderson,North,Clothing,Bronze,1,1958,40.26,4.33,38.52,2025-08-05
TXN-0008091,Angela Newman,South,Grocery,Gold,4,2002,9.84,13.29,34.13,2024-05-10
TXN-0008092,Gabriela Cantu,North,Home,Silver,4,2000,59.32,12.92,206.62,2024-08-28
TXN-0008093,Latoya Hill,South,Clothing,Bronze,3,1947,56.64,4.52,162.24,2026-05-01
TXN-0008094,Sarah Brooks,Central,Clothing,Silver,4,1982,83.68,12.4,293.21,2025-09-03
TXN-0008095,Mariah Stewart,North,Clothing,Bronze,2,1966,58.46,0.54,116.29,2024-06-30
TXN-0008096,Melissa Simpson,West,Electronics,Silver,2,1978,134.63,11.29,238.86,2025-05-21
TXN-0008097,Dr. Blake Turner,North,Electronics,Silver,4,1999,270.2,0.0,1080.8,2025-04-30
TXN-0008098,Calvin Turner,East,Home,Bronze,2,1985,86.43,1.71,169.9,2024-04-26
TXN-0008099,Francisco Bailey,East,Grocery,Gold,1,1975,11.13,8.3,10.21,2025-09-08
TXN-0008100,Melissa Jones,Central,Clothing,Gold,8,1951,78.01,13.46,540.08,2024-07-25
TXN-0008101,Guy Vincent,North,Clothing,Silver,7,1957,68.93,7.65,445.6,2026-06-05
TXN-0008102,Wayne Moore,North,Grocery,Silver,5,1984,19.56,10.35,87.68,2025-04-07
TXN-0008103,Kaylee Quinn,West,Electronics,Platinum,3,1973,282.23,20.9,669.73,2024-11-19
TXN-0008104,Kevin Bond,West,Clothing,Bronze,4,1952,53.03,0.0,212.12,2024-08-07
TXN-0008105,Harold Butler,West,Electronics,Bronze,4,1951,176.47,0.4,703.06,2025-03-02
TXN-0008106,Dawn Gonzalez,North,Grocery,Bronze,7,1976,12.79,2.72,87.09,2024-04-12
TXN-0008107,Joshua Wu,South,Electronics,Silver,2,1988,125.06,4.75,238.24,2023-11-16
TXN-0008108,Vanessa Drake,West,Clothing,Bronze,4,1996,46.59,6.18,174.84,2026-09-07
TXN-0008109,Erika Ross,East,Home,Silver,3,1997,114.71,5.7,324.51,2026-02-27
TXN-0008110,Crystal Livingston,East,Grocery,Silver,4,1954,14.21,10.6,50.81,2023-12-29
TXN-0008111,Denise Pham,South,Grocery,Bronze,1,1946,17.4,0.0,17.4,2024-12-06
TXN-0008112,Mitchell Smith,South,Sports,Bronze,1,1970,69.37,4.19,66.46,2024-04-27
TXN-0008113,John Goodman,Central,Grocery,Bronze,2,1954,17.67,1.27,34.89,2024-03-18
TXN-0008114,Marcus Bailey,West,Clothing,Silver,2,1984,42.09,11.09,74.84,2025-09-20
TXN-0008115,Brittany Mccall,North,Electronics,Bronze,2,1984,148.82,8.7,271.75,2025-09-09
TXN-0008116,Samuel Marsh,Central,Electronics,Bronze,6,1985,106.89,2.73,623.83,2025-07-08
TXN-0008117,Sherry Mendez,East,Clothing,Bronze,2,1973,54.24,8.66,99.09,2024-06-19
TXN-0008118,Teresa May,South,Electronics,Silver,5,1955,158.43,6.47,740.9,2025-03-14
TXN-0008119,Christopher Abbott,South,Clothing,Bronze,5,1976,56.42,2.7,274.48,2024-09-03
TXN-0008120,Danielle West,West,Grocery,Silver,5,1965,21.89,6.63,102.19,2024-12-29
TXN-0008121,Christine Parker,South,Grocery,Gold,8,1996,33.91,9.49,245.54,2026-04-22
TXN-0008122,Madison Garcia,East,Clothing,Silver,4,1946,30.78,12.13,108.19,2024-05-28
TXN-0008123,Jonathan Wyatt,West,Home,Bronze,4,1986,79.04,2.55,308.1,2026-06-15
TXN-0008124,Jacob Brown,North,Electronics,Silver,3,1995,116.23,5.53,329.41,2026-05-04
TXN-0008125,William Jenkins,Central,Home,Bronze,2,1985,100.37,0.0,200.74,2024-06-17
TXN-0008126,Sherry Martin,South,Home,Gold,5,1996,115.31,19.63,463.37,2026-03-14
TXN-0008127,Ronnie Cook,South,Clothing,Gold,2,1998,35.97,12.5,62.95,2026-02-02
TXN-0008128,Jason Martin,West,Clothing,Bronze,2,1978,61.48,1.46,121.16,2024-09-18
TXN-0008129,Tonya Rivas,East,Sports,Bronze,4,1958,101.53,5.59,383.42,2024-02-09
TXN-0008130,David Price,East,Home,Silver,4,2006,104.43,12.42,365.84,2025-06-28
TXN-0008131,Carolyn Alvarado,East,Home,Silver,4,1947,79.97,5.2,303.25,2025-12-16
TXN-0008132,April Copeland,Central,Electronics,Bronze,5,1951,202.71,4.19,971.08,2025-10-26
TXN-0008133,Jeremy Estrada,West,Electronics,Gold,4,1982,146.34,15.18,496.5,2024-08-29
TXN-0008134,James Gentry,West,Clothing,Bronze,4,1985,75.51,1.39,297.84,2026-04-03
TXN-0008135,Rebecca Howe,South,Sports,Gold,7,1951,84.85,11.66,524.7,2025-10-02
TXN-0008136,Deanna Jennings,South,Electronics,Gold,4,1957,149.79,10.87,534.03,2025-09-15
TXN-0008137,Amber Williams,East,Clothing,Bronze,2,1963,35.41,5.64,66.83,2024-12-04
TXN-0008138,Tammy Fox,North,Sports,Bronze,3,1966,75.45,2.89,219.81,2023-10-20
TXN-0008139,Mrs. Laura Ayala,West,Home,Bronze,4,2007,61.85,2.28,241.76,2025-07-24
TXN-0008140,Colton Anderson,South,Clothing,Gold,2,1947,37.59,10.5,67.29,2024-10-15
TXN-0008141,Phillip Miller,South,Home,Bronze,4,1992,79.68,5.64,300.74,2024-10-16
TXN-0008142,Thomas Martin,South,Home,Bronze,2,1953,87.64,3.11,169.83,2025-02-17
TXN-0008143,Katherine Ross,South,Sports,Silver,2,1949,49.38,3.96,94.85,2025-08-02
TXN-0008144,Andrew Lawson,South,Electronics,Bronze,3,1968,151.01,0.79,449.45,2026-03-16
TXN-0008145,Matthew Miller,East,Grocery,Bronze,4,1946,16.56,4.67,63.15,2024-09-07
TXN-0008146,Susan Nelson,East,Clothing,Gold,6,1980,44.58,6.84,249.18,2026-04-04
TXN-0008147,Michael Graham,South,Grocery,Silver,2,1957,16.45,6.88,30.64,2024-05-16
TXN-0008148,Robert Taylor,South,Grocery,Silver,3,1975,22.56,9.93,60.96,2026-03-07
TXN-0008149,Todd Mcbride,West,Grocery,Bronze,1,1963,15.72,2.87,15.27,2023-10-05
TXN-0008150,Taylor Horton,North,Grocery,Silver,3,2006,22.06,9.58,59.84,2025-07-07
TXN-0008151,Kristen Gonzales,East,Grocery,Silver,2,2000,17.5,0.0,35.0,2023-12-05
TXN-0008152,Mary Acosta,East,Electronics,Bronze,2,1995,228.52,0.0,457.04,2023-11-29
TXN-0008153,Krystal Padilla,East,Electronics,Platinum,3,2004,212.57,23.14,490.14,2025-09-28
TXN-0008154,Robert Watkins,Central,Clothing,Bronze,2,1948,51.06,3.41,98.64,2025-11-19
TXN-0008155,Robert Roy,East,Home,Bronze,4,1955,70.92,1.07,280.64,2023-11-19
TXN-0008156,Ashley Campbell,Central,Clothing,Gold,3,1946,65.18,13.97,168.22,2025-07-20
TXN-0008157,Susan Nelson,Central,Grocery,Bronze,2,1957,14.98,4.11,28.73,2025-12-31
TXN-0008158,Brian Smith,South,Grocery,Platinum,3,2002,10.4,18.3,25.49,2025-06-01
TXN-0008159,Robert Ali,South,Sports,Silver,3,1997,97.02,4.58,277.73,2025-10-11
TXN-0008160,Jennifer Ray,South,Clothing,Bronze,4,1978,44.39,0.0,177.56,2026-09-14
TXN-0008161,Bryan Bond,South,Grocery,Bronze,4,1982,8.72,7.09,32.41,2024-02-27
TXN-0008162,Christian Bullock,East,Grocery,Bronze,4,2007,17.52,2.26,68.5,2025-08-30
TXN-0008163,Samantha Johnson,South,Sports,Gold,2,1968,104.07,18.33,169.99,2025-11-05
TXN-0008164,Steve Hernandez,South,Grocery,Platinum,3,1947,14.64,15.31,37.2,2024-10-05
TXN-0008165,Katie Turner,South,Clothing,Silver,9,1971,48.69,7.46,405.52,2024-02-04
TXN-0008166,Luke Gordon,West,Electronics,Bronze,4,2002,190.51,0.0,762.04,2026-02-11
TXN-0008167,Jeanne Cox,West,Sports,Silver,3,1978,63.96,13.16,166.63,2023-10-17
TXN-0008168,Benjamin Daniels,Central,Grocery,Bronze,5,1987,17.36,11.54,76.78,2026-09-08
TXN-0008169,Todd Greene,South,Grocery,Bronze,3,1981,24.62,6.39,69.14,2025-06-20
TXN-0008170,James Eaton,South,Grocery,Bronze,2,1975,22.82,0.0,45.64,2024-08-31
TXN-0008171,Lawrence Garcia,Central,Grocery,Bronze,2,1968,19.48,0.0,38.96,2024-04-21
TXN-0008172,Tyler Benson,West,Grocery,Bronze,2,1961,10.04,1.66,19.75,2025-04-06
TXN-0008173,Whitney Levy,East,Sports,Silver,5,1978,92.01,7.49,425.59,2024-12-30
TXN-0008174,Chase Wilson,East,Sports,Bronze,2,1977,65.31,3.82,125.63,2024-10-03
TXN-0008175,Stephanie Garcia,North,Clothing,Bronze,3,1990,65.28,3.66,188.67,2026-06-30
TXN-0008176,Ernest Taylor,Central,Electronics,Bronze,4,1988,94.09,2.06,368.61,2024-02-15
TXN-0008177,James Rich,East,Electronics,Silver,1,1982,222.15,6.2,208.38,2023-10-22
TXN-0008178,Stacy Young,East,Clothing,Silver,3,1959,40.98,4.13,117.86,2025-10-12
TXN-0008179,David Espinoza,East,Grocery,Bronze,7,1971,20.93,4.37,140.11,2026-08-02
TXN-0008180,Calvin Keith,South,Grocery,Gold,3,1997,24.95,4.67,71.35,2025-01-13
TXN-0008181,Tammy Foster,South,Clothing,Silver,3,1966,63.06,7.35,175.28,2024-06-05
TXN-0008182,Karen Miller,West,Clothing,Bronze,2,1998,62.96,2.8,122.39,2026-09-24
TXN-0008183,Richard Smith,East,Home,Bronze,6,1980,92.82,1.22,550.13,2025-09-10
TXN-0008184,David Conley,North,Grocery,Platinum,5,1985,11.75,22.85,45.33,2026-03-02
TXN-0008185,Dawn Allen,South,Home,Bronze,6,1979,143.12,5.45,811.92,2026-03-22
TXN-0008186,Robert Li,Central,Electronics,Bronze,5,1977,234.77,2.72,1141.92,2023-11-04
TXN-0008187,Allen Mejia,South,Clothing,Silver,6,1966,48.11,15.1,245.07,2025-09-03
TXN-0008188,Monique Pearson,South,Home,Bronze,2,2002,27.11,0.0,54.22,2025-09-17
TXN-0008189,Mary Lawrence,East,Home,Gold,5,1973,128.02,11.38,567.26,2024-04-30
TXN-0008190,Margaret Browning,West,Grocery,Gold,6,1967,9.52,11.55,50.52,2026-09-24
TXN-0008191,James Harrison,West,Sports,Gold,2,1964,90.35,16.95,150.07,2025-06-18
TXN-0008192,Joshua Walter,West,Electronics,Silver,5,1984,123.99,8.27,568.68,2024-07-11
TXN-0008193,Katelyn Anderson,North,Electronics,Silver,4,1945,189.29,0.27,755.12,2025-04-25
TXN-0008194,Matthew White,Central,Clothing,Bronze,2,1973,38.66,0.85,76.66,2026-05-28
TXN-0008195,Michael Smith,Central,Clothing,Gold,2,2007,55.11,10.9,98.21,2025-09-18
TXN-0008196,Melissa Khan,East,Clothing,Bronze,1,1964,30.27,7.92,27.87,2026-09-25
TXN-0008197,Benjamin Watts,East,Electronics,Bronze,3,1948,160.86,0.0,482.58,2026-06-07
TXN-0008198,Nicole Espinoza,South,Electronics,Platinum,6,2003,159.75,19.94,767.38,2023-09-30
TXN-0008199,Thomas Campbell MD,East,Grocery,Platinum,6,1999,23.14,14.49,118.72,2026-05-29
TXN-0008200,Haley White,South,Electronics,Silver,4,1961,135.34,7.55,500.49,2024-01-15
TXN-0008201,Stephen Kim,North,Grocery,Silver,2,1994,19.87,13.59,34.34,2025-05-17
TXN-0008202,Virginia Watkins,Central,Clothing,Bronze,2,1985,47.87,0.0,95.74,2026-09-05
TXN-0008203,Christopher Bolton,South,Clothing,Silver,1,1966,64.46,10.26,57.85,2025-02-26
TXN-0008204,Nathaniel Molina,East,Electronics,Bronze,8,1962,183.47,1.28,1448.97,2025-12-30
TXN-0008205,Lauren Flores,South,Electronics,Bronze,2,1998,217.69,1.93,426.98,2023-11-17
TXN-0008206,Justin Garcia,South,Clothing,Bronze,2,1983,36.48,4.17,69.92,2024-12-31
TXN-0008207,Rebecca Dixon,South,Grocery,Gold,4,1994,17.43,8.6,63.72,2025-07-20
TXN-0008208,James Lee,South,Sports,Platinum,3,1992,82.83,17.32,205.45,2024-11-20
TXN-0008209,Carol Flowers,East,Electronics,Platinum,5,1947,302.46,16.83,1257.78,2026-09-16
TXN-0008210,Jessica Smith,Central,Electronics,Gold,8,1973,320.25,18.92,2077.27,2026-05-06
TXN-0008211,Nancy Williams,South,Electronics,Bronze,5,2000,99.42,5.69,468.82,2026-01-17
TXN-0008212,Shawn Bell,Central,Grocery,Bronze,2,1972,14.51,5.46,27.44,2026-03-09
TXN-0008213,Patricia Hall,West,Electronics,Silver,4,1964,66.73,10.54,238.79,2024-08-14
TXN-0008214,Lindsey Riley,East,Electronics,Bronze,3,1976,345.11,4.83,985.32,2026-08-26
TXN-0008215,Bobby Simmons,South,Sports,Silver,2,2007,83.82,1.32,165.43,2024-01-31
TXN-0008216,Chelsea Miller,North,Grocery,Bronze,5,1978,22.06,0.0,110.3,2026-05-18
TXN-0008217,David Mann,West,Grocery,Gold,5,1985,16.11,12.24,70.69,2025-03-02
TXN-0008218,Hannah Briggs,East,Electronics,Bronze,1,1977,159.78,2.46,155.85,2023-12-22
TXN-0008219,Dr. April Mendoza,South,Clothing,Bronze,4,1946,81.66,0.0,326.64,2025-12-05
TXN-0008220,Justin Ellison,West,Electronics,Gold,7,1955,110.94,8.15,713.29,2026-08-11
TXN-0008221,Lacey Hopkins,South,Grocery,Silver,2,2006,12.12,3.31,23.44,2025-04-15
TXN-0008222,Rebecca Ross,West,Grocery,Bronze,2,1982,16.55,0.0,33.1,2023-12-17
TXN-0008223,Joy Wagner,South,Electronics,Silver,4,1954,160.56,5.71,605.57,2024-03-18
TXN-0008224,Jennifer Mack,Central,Sports,Silver,1,1992,91.09,8.49,83.36,2025-05-14
TXN-0008225,Timothy Cain,South,Home,Bronze,3,1962,90.62,1.46,267.89,2025-04-17
TXN-0008226,Heather Carr,North,Grocery,Silver,5,1991,13.39,11.26,59.41,2025-09-19
TXN-0008227,Kristen Singh,West,Electronics,Gold,5,2003,140.04,15.17,593.98,2026-05-16
TXN-0008228,Christopher Mccullough,North,Clothing,Bronze,2,1986,58.51,0.91,115.96,2023-11-30
TXN-0008229,Gabrielle Gonzalez,Central,Electronics,Bronze,3,1999,201.62,3.57,583.27,2025-04-17
TXN-0008230,Chelsea Johnson,West,Grocery,Bronze,5,1969,25.54,1.64,125.61,2025-04-19
TXN-0008231,Austin Phillips,South,Electronics,Silver,3,2001,145.34,4.94,414.48,2024-06-26
TXN-0008232,Christine Barker,South,Clothing,Platinum,7,1978,42.94,20.21,239.83,2026-06-30
TXN-0008233,Paul Bradshaw,Central,Grocery,Bronze,4,1999,13.14,3.45,50.75,2026-02-12
TXN-0008234,Kyle Jimenez,East,Grocery,Gold,2,1994,27.08,16.51,45.22,2026-09-26
TXN-0008235,Michael Madden,Central,Home,Gold,4,2004,77.26,20.72,245.01,2024-01-10
TXN-0008236,Jessica Morales,North,Grocery,Bronze,5,1953,13.78,6.46,64.45,2026-02-15
TXN-0008237,Larry Bender,Central,Grocery,Gold,2,1976,19.08,9.51,34.53,2024-08-11
TXN-0008238,Andre Brown,East,Home,Platinum,6,1975,158.35,14.42,813.1,2024-04-30
TXN-0008239,Stephen Whitehead,West,Clothing,Platinum,5,1971,39.8,24.53,150.19,2025-03-01
TXN-0008240,Dean Barnes,South,Electronics,Silver,2,1974,196.79,6.57,367.72,2024-10-02
TXN-0008241,Sarah Buchanan,North,Clothing,Bronze,1,1967,46.9,0.0,46.9,2026-01-13
TXN-0008242,Tyler Williams,Central,Electronics,Bronze,3,1984,166.34,7.71,460.55,2024-03-22
TXN-0008243,Sophia Mckenzie,Central,Home,Bronze,6,1973,119.55,1.34,707.69,2026-07-02
TXN-0008244,Mark Gardner,South,Home,Silver,4,1990,137.75,6.61,514.58,2025-10-10
TXN-0008245,Bobby Brown,Central,Electronics,Bronze,2,1949,132.93,0.0,265.86,2026-03-17
TXN-0008246,Kelsey Howell,North,Grocery,Silver,1,1958,23.41,0.0,23.41,2026-09-23
TXN-0008247,Nicole Gomez,North,Grocery,Gold,3,1999,19.56,9.77,52.95,2024-08-18
TXN-0008248,Megan Harmon,North,Home,Bronze,3,1956,103.63,0.0,310.89,2024-09-12
TXN-0008249,Erica Taylor,South,Sports,Gold,4,1991,115.58,7.26,428.76,2025-02-06
TXN-0008250,Andrea Martin,North,Clothing,Bronze,4,1954,42.89,2.28,167.65,2025-03-28
TXN-0008251,Theresa Henderson,South,Clothing,Bronze,2,1975,72.13,2.93,140.03,2024-11-16
TXN-0008252,Kathleen Montoya,North,Electronics,Gold,4,1985,169.03,16.18,566.72,2025-11-18
TXN-0008253,Eric Skinner,West,Home,Bronze,2,1989,136.2,0.0,272.4,2026-08-19
TXN-0008254,William Garcia,West,Electronics,Bronze,1,1982,184.69,0.0,184.69,2025-07-15
TXN-0008255,Joseph Powell,West,Grocery,Platinum,4,1997,17.07,18.85,55.41,2024-12-01
TXN-0008256,Amy Reynolds,South,Clothing,Gold,8,1956,74.61,8.62,545.43,2023-12-21
TXN-0008257,Rachael Perkins,West,Home,Gold,4,1953,73.78,12.91,257.02,2024-01-04
TXN-0008258,Ronald Johnson,South,Home,Bronze,5,1982,78.23,5.04,371.44,2025-04-29
TXN-0008259,Kim Hicks,West,Clothing,Bronze,5,1983,42.28,0.14,211.1,2025-03-17
TXN-0008260,Michael Evans,East,Grocery,Bronze,4,1994,14.45,1.75,56.79,2025-08-30
TXN-0008261,Michelle Byrd,South,Grocery,Bronze,2,1965,6.91,0.0,13.82,2025-10-22
TXN-0008262,Betty Mason,North,Grocery,Platinum,8,1954,15.05,18.64,97.96,2025-11-14
TXN-0008263,Michael Johnson,West,Home,Bronze,3,1962,87.71,7.62,243.08,2025-12-24
TXN-0008264,Angel Holmes,Central,Home,Gold,6,1958,117.44,14.95,599.3,2024-04-05
TXN-0008265,Amy Walters,West,Clothing,Bronze,2,1973,39.85,0.0,79.7,2025-09-27
TXN-0008266,Jeremy Sparks,Central,Grocery,Silver,1,1958,15.11,3.07,14.65,2026-01-01
TXN-0008267,Peter Campbell,Central,Clothing,Bronze,4,1953,51.71,1.91,202.89,2026-08-16
TXN-0008268,Karen Melendez,North,Clothing,Bronze,1,1986,71.9,3.78,69.18,2026-01-02
TXN-0008269,Maurice Estes,West,Electronics,Bronze,5,1951,170.4,0.0,852.0,2024-12-25
TXN-0008270,Mathew Beck,South,Grocery,Gold,5,2001,20.52,12.32,89.96,2025-08-30
TXN-0008271,Nathaniel Parker,East,Electronics,Silver,3,1985,217.88,0.24,652.07,2026-05-19
TXN-0008272,Andrew Ward,North,Sports,Silver,4,1948,89.43,9.84,322.52,2025-04-21
TXN-0008273,Regina Phillips,Central,Electronics,Bronze,2,1953,129.57,0.0,259.14,2026-08-08
TXN-0008274,Austin Fuller,West,Clothing,Silver,4,1999,100.08,9.22,363.41,2026-09-08
TXN-0008275,Bryan Rogers,South,Electronics,Silver,5,2003,82.23,8.22,377.35,2024-01-07
TXN-0008276,Patrick Duncan,South,Clothing,Silver,3,1971,75.32,8.62,206.48,2024-07-16
TXN-0008277,Nathan Wolf,South,Clothing,Silver,4,2002,64.16,6.09,241.01,2025-09-08
TXN-0008278,Miss Bethany Hall DVM,West,Grocery,Gold,4,1997,27.82,18.76,90.4,2024-02-10
TXN-0008279,Scott Schwartz,Central,Electronics,Platinum,7,1986,147.46,17.72,849.31,2024-01-30
TXN-0008280,Bradley Gray,South,Clothing,Platinum,6,1997,46.23,25.81,205.79,2025-05-26
TXN-0008281,Michelle Owen,East,Electronics,Silver,5,2001,108.8,7.89,501.08,2024-07-01
TXN-0008282,Olivia Everett,East,Clothing,Bronze,4,1985,37.91,2.43,147.96,2024-12-18
TXN-0008283,Michelle Escobar,South,Sports,Bronze,3,1960,70.74,1.19,209.69,2024-01-25
TXN-0008284,Katherine Alvarez,East,Clothing,Bronze,3,1960,40.96,2.39,119.94,2024-03-15
TXN-0008285,Jacob Brown,North,Grocery,Bronze,4,1961,14.03,2.03,54.98,2024-06-09
TXN-0008286,Julie Jones,North,Home,Bronze,3,1946,62.1,8.1,171.21,2024-11-29
TXN-0008287,Lisa Miller,South,Clothing,Silver,6,1991,78.98,2.75,460.85,2024-03-20
TXN-0008288,Courtney Bryant,Central,Grocery,Silver,1,1955,13.98,6.32,13.1,2026-09-14
TXN-0008289,Caitlyn Ramirez,South,Electronics,Silver,3,1977,184.15,3.69,532.06,2024-05-14
TXN-0008290,Andrew Ward,South,Grocery,Platinum,2,1965,17.22,17.99,28.24,2025-11-07
TXN-0008291,Emma Stevenson,West,Home,Bronze,1,1996,101.62,2.06,99.53,2024-05-18
TXN-0008292,Jordan Calderon,Central,Clothing,Bronze,2,1993,50.18,7.27,93.06,2024-08-10
TXN-0008293,Rachel Clayton,East,Sports,Silver,5,1973,98.37,8.69,449.11,2025-12-14
TXN-0008294,Brian Peters,North,Clothing,Silver,4,1989,68.17,3.65,262.73,2026-05-29
TXN-0008295,Kathleen Villegas,West,Sports,Silver,4,1950,114.52,5.97,430.73,2023-11-02
TXN-0008296,Peggy Luna,South,Sports,Gold,4,1977,59.51,17.03,197.5,2024-12-26
TXN-0008297,Mark Pope,West,Clothing,Bronze,3,1952,40.89,0.0,122.67,2025-07-06
TXN-0008298,John Flores,South,Clothing,Silver,1,1947,48.0,7.47,44.41,2026-08-23
TXN-0008299,Corey Carroll,North,Grocery,Platinum,6,1963,18.73,21.43,88.3,2026-01-16
TXN-0008300,Kimberly Nguyen,South,Electronics,Silver,3,1952,192.41,6.23,541.27,2024-04-20
TXN-0008301,Michelle Johnson,West,Grocery,Silver,4,1964,14.45,3.8,55.6,2025-10-03
TXN-0008302,Samantha Burke,South,Electronics,Bronze,1,2003,171.6,2.88,166.66,2025-03-19
TXN-0008303,Lauren West,South,Electronics,Bronze,2,1995,150.09,10.07,269.95,2025-07-11
TXN-0008304,Emily Johnson,East,Home,Bronze,4,1990,81.99,0.37,326.75,2025-08-17
TXN-0008305,Jose Abbott,West,Grocery,Silver,6,1977,17.94,5.13,102.12,2026-06-25
TXN-0008306,Alejandra Rowland,North,Grocery,Silver,5,2002,30.44,9.6,137.59,2023-10-31
TXN-0008307,Tracey Jones,West,Home,Platinum,6,1988,118.69,28.34,510.32,2024-12-23
TXN-0008308,Jimmy Douglas,West,Clothing,Silver,3,1979,79.4,4.02,228.62,2024-07-17
TXN-0008309,Michael Reed,South,Clothing,Bronze,3,1957,62.44,0.0,187.32,2024-01-03
TXN-0008310,Hannah Rogers,Central,Clothing,Gold,4,1948,101.87,15.79,343.14,2023-11-01
TXN-0008311,Francisco Campbell,Central,Clothing,Bronze,2,2003,75.1,4.87,142.89,2024-09-22
TXN-0008312,Amanda Blake,South,Clothing,Silver,3,1994,33.4,3.58,96.61,2025-12-13
TXN-0008313,Michelle Byrd,North,Home,Bronze,5,1950,116.1,0.96,574.93,2026-06-25
TXN-0008314,Michael Gordon,South,Electronics,Gold,3,2007,180.12,8.95,492.0,2025-03-02
TXN-0008315,Valerie Matthews,South,Electronics,Gold,4,1981,198.93,11.72,702.46,2025-06-28
TXN-0008316,Maria Merritt,East,Grocery,Bronze,6,1977,10.65,0.99,63.27,2026-03-14
TXN-0008317,William Rodriguez,Central,Electronics,Silver,2,1966,95.86,10.33,171.92,2025-03-13
TXN-0008318,Natalie Gibson,Central,Sports,Silver,1,1950,72.55,11.28,64.37,2026-07-12
TXN-0008319,Maxwell Frost,South,Clothing,Bronze,4,1990,29.75,1.66,117.02,2026-06-27
TXN-0008320,Peter Collins,South,Electronics,Bronze,1,1985,204.66,7.26,189.8,2025-02-15
TXN-0008321,Andrea Martinez,North,Sports,Silver,6,1956,78.98,10.36,424.79,2025-10-22
TXN-0008322,James Watts,East,Home,Bronze,1,1992,177.95,0.0,177.95,2026-04-06
TXN-0008323,John Schwartz,North,Grocery,Bronze,1,1982,20.52,5.96,19.3,2026-07-28
TXN-0008324,Diana Bender,Central,Clothing,Gold,7,1997,70.12,15.83,413.14,2026-09-14
TXN-0008325,Michael Collins,West,Clothing,Silver,6,1997,67.35,13.73,348.62,2025-12-29
TXN-0008326,John Boyd,South,Grocery,Bronze,5,1992,18.5,2.93,89.79,2026-01-27
TXN-0008327,Donald Choi,West,Clothing,Platinum,3,1984,57.31,26.21,126.87,2025-08-19
TXN-0008328,Eduardo Colon,East,Home,Gold,4,2006,88.24,6.93,328.5,2025-09-08
TXN-0008329,Amy Green,West,Clothing,Platinum,9,1962,23.86,18.45,175.12,2025-01-12
TXN-0008330,Julie Wilson,East,Clothing,Silver,5,1969,81.46,0.07,407.01,2026-02-25
TXN-0008331,Bruce Ford,North,Electronics,Bronze,3,2002,237.8,0.92,706.84,2024-04-19
TXN-0008332,Crystal Moore,East,Grocery,Bronze,5,1991,24.35,2.58,118.61,2025-01-16
TXN-0008333,Anthony Mitchell,North,Clothing,Platinum,6,1993,56.74,19.91,272.66,2024-06-20
TXN-0008334,Richard Johnson,East,Sports,Gold,8,1990,71.54,16.26,479.26,2024-11-04
TXN-0008335,Eric Bennett,South,Clothing,Gold,4,1964,36.98,21.67,115.87,2024-09-14
TXN-0008336,Joseph Braun,West,Home,Silver,4,1969,58.07,5.74,218.95,2025-10-19
TXN-0008337,Mary Scott,West,Clothing,Bronze,3,1946,44.68,6.45,125.39,2025-04-27
TXN-0008338,Meghan Fischer,North,Grocery,Silver,5,2001,19.33,9.49,87.48,2024-12-18
TXN-0008339,Amy Yates,South,Grocery,Bronze,3,1966,20.51,3.3,59.5,2023-12-10
TXN-0008340,William Lang,West,Home,Silver,3,1960,75.15,10.0,202.91,2024-05-15
TXN-0008341,Kurt Yang,North,Clothing,Silver,2,1981,34.85,5.81,65.65,2025-03-29
TXN-0008342,Laura Green,East,Grocery,Gold,7,1987,14.25,16.7,83.09,2024-12-12
TXN-0008343,Candace Mcdonald,West,Electronics,Silver,2,1974,153.46,1.95,300.94,2025-09-05
TXN-0008344,Joseph Garcia,South,Home,Gold,5,1970,52.1,13.56,225.18,2024-06-12
TXN-0008345,Cheryl Davis,West,Grocery,Bronze,2,1960,19.19,0.93,38.02,2026-05-16
TXN-0008346,William Sanchez,East,Clothing,Bronze,1,1962,96.7,10.71,86.34,2024-06-03
TXN-0008347,Robert Nielsen,East,Grocery,Bronze,4,2002,13.59,0.0,54.36,2026-01-06
TXN-0008348,Robyn Davis,North,Grocery,Bronze,3,1952,37.79,3.73,109.14,2024-12-14
TXN-0008349,Carol Richardson,North,Electronics,Bronze,1,1980,125.03,6.43,116.99,2024-07-07
TXN-0008350,Robert Brown,North,Clothing,Bronze,7,1945,50.87,0.04,355.95,2024-06-26
TXN-0008351,David Blake,Central,Clothing,Silver,7,1976,65.14,7.14,423.42,2026-09-08
TXN-0008352,Nicholas Moore,Central,Grocery,Silver,2,1959,17.71,5.23,33.57,2026-07-29
TXN-0008353,Renee Harrison,West,Home,Silver,3,2002,49.72,5.48,140.99,2024-05-23
TXN-0008354,Robert Ponce,North,Clothing,Gold,8,1990,60.04,18.91,389.49,2024-06-04
TXN-0008355,Christine Taylor,East,Clothing,Bronze,4,2002,56.52,0.0,226.08,2024-10-01
TXN-0008356,Matthew Moore,West,Electronics,Bronze,2,1974,145.94,2.97,283.21,2024-03-27
TXN-0008357,Roberto Scott,West,Electronics,Bronze,3,1972,164.07,0.0,492.21,2023-11-30
TXN-0008358,Ashley Huff,North,Clothing,Bronze,4,1993,64.21,5.34,243.12,2025-01-31
TXN-0008359,Margaret Johnson,Central,Electronics,Silver,2,1962,117.31,5.66,221.34,2026-03-08
TXN-0008360,Brian Mclaughlin,North,Electronics,Gold,3,2006,193.01,6.97,538.67,2024-04-11
TXN-0008361,Christina Bowers,North,Home,Bronze,2,1980,72.72,1.5,143.26,2025-08-12
TXN-0008362,Carl Jones,Central,Home,Bronze,1,1954,154.03,0.0,154.03,2024-11-05
TXN-0008363,Deborah Lucas,East,Electronics,Bronze,4,1980,230.26,5.49,870.47,2025-04-24
TXN-0008364,Timothy Valdez,South,Home,Bronze,3,1966,63.5,5.65,179.74,2024-07-10
TXN-0008365,Nicole Diaz,East,Electronics,Gold,4,1997,246.08,9.01,895.63,2024-08-11
TXN-0008366,Derek Taylor,Central,Clothing,Silver,5,1958,63.43,8.92,288.86,2026-02-17
TXN-0008367,Barbara Wall,North,Sports,Silver,5,1987,90.29,4.75,430.01,2023-11-20
TXN-0008368,Michael Barnett,West,Home,Gold,1,1981,84.46,12.0,74.32,2026-07-27
TXN-0008369,Michelle Collins,South,Electronics,Silver,8,1953,141.91,13.99,976.45,2025-02-01
TXN-0008370,Jennifer Miles,North,Clothing,Bronze,5,1993,50.03,0.7,248.4,2025-03-15
TXN-0008371,Sarah Rivera,South,Grocery,Silver,3,1951,12.89,12.15,33.97,2024-05-14
TXN-0008372,Phillip Barajas,East,Electronics,Gold,6,1958,83.12,19.21,402.92,2025-04-29
TXN-0008373,Wesley Morales,South,Sports,Bronze,3,1965,59.99,0.92,178.31,2025-08-24
TXN-0008374,Martin Wood,South,Clothing,Silver,2,1995,43.92,8.02,80.8,2026-01-13
TXN-0008375,Debra Salazar,East,Electronics,Silver,3,1956,109.26,5.38,310.15,2024-06-06
TXN-0008376,Mary Ponce,East,Home,Bronze,5,1947,110.34,2.1,540.11,2026-01-03
TXN-0008377,Corey Lee,West,Grocery,Silver,4,1954,19.61,9.35,71.11,2025-01-08
TXN-0008378,Leslie Petersen,West,Home,Bronze,3,1985,73.14,1.76,215.56,2024-04-03
TXN-0008379,Melissa Rush,South,Sports,Bronze,2,1980,67.25,3.43,129.89,2023-11-05
TXN-0008380,Lori Liu,South,Sports,Bronze,3,1998,81.09,0.0,243.27,2025-06-17
TXN-0008381,Joseph Rogers,East,Electronics,Silver,5,1946,124.06,3.92,595.98,2025-11-11
TXN-0008382,Kathleen Williams,East,Electronics,Gold,2,2002,65.44,11.77,115.48,2024-05-10
TXN-0008383,Max Miller DDS,North,Clothing,Silver,5,1988,83.6,7.56,386.4,2025-09-08
TXN-0008384,Samantha Stokes,South,Home,Silver,3,1967,86.46,11.58,229.34,2025-02-06
TXN-0008385,Richard Carson,North,Home,Bronze,3,1979,98.93,1.42,292.58,2024-05-27
TXN-0008386,Heather Ramirez,South,Clothing,Silver,2,1951,58.41,8.5,106.89,2023-10-04
TXN-0008387,Katherine Olson,Central,Sports,Bronze,1,1983,45.26,0.0,45.26,2026-01-23
TXN-0008388,Theodore Cunningham,East,Clothing,Silver,4,1976,43.25,10.07,155.58,2025-11-24
TXN-0008389,Kevin Johnson,South,Grocery,Silver,4,1999,17.92,5.7,67.59,2025-02-23
TXN-0008390,Robert Williams,East,Grocery,Bronze,4,1974,16.79,1.29,66.29,2026-06-29
TXN-0008391,Keith Russo,West,Electronics,Gold,5,1998,107.57,13.28,466.42,2026-09-27
TXN-0008392,Jeanette Payne,South,Electronics,Bronze,3,1984,180.38,0.16,540.27,2024-12-30
TXN-0008393,Patrick Ellis,East,Electronics,Silver,5,2002,195.28,3.18,945.35,2025-10-03
TXN-0008394,Rebekah Crawford,West,Sports,Silver,4,1981,65.64,8.66,239.82,2024-12-21
TXN-0008395,Rachel Ochoa,North,Clothing,Silver,4,1947,78.12,10.24,280.48,2026-03-07
TXN-0008396,Stephanie Grimes,East,Grocery,Silver,5,1957,21.69,2.39,105.86,2026-07-29
TXN-0008397,Jamie Aguilar,East,Home,Bronze,3,1947,103.04,2.93,300.06,2024-05-13
TXN-0008398,Alex Mathis,West,Home,Gold,1,1947,75.57,13.88,65.08,2026-02-22
TXN-0008399,Christopher Ward,Central,Sports,Silver,3,1954,70.67,5.8,199.71,2025-08-14
TXN-0008400,Heather Gonzalez,West,Clothing,Silver,2,2006,73.62,5.78,138.73,2025-03-07
TXN-0008401,Brandon Hamilton,East,Grocery,Silver,3,1954,10.84,10.81,29.0,2026-09-02
TXN-0008402,Wendy Dickerson,North,Clothing,Bronze,4,1970,33.88,9.65,122.44,2024-03-20
TXN-0008403,Brenda Chen,East,Electronics,Gold,5,2005,138.72,17.61,571.46,2025-10-11
TXN-0008404,Andre Elliott,West,Electronics,Bronze,3,1981,158.87,3.95,457.78,2023-11-29
TXN-0008405,Chad Barnett,Central,Electronics,Gold,4,1972,154.63,17.19,512.2,2024-05-01
TXN-0008406,Ashley Woods,West,Grocery,Bronze,3,1947,21.61,3.71,62.42,2026-08-16
TXN-0008407,Michael Ayala,North,Clothing,Gold,1,1955,59.85,10.65,53.48,2026-01-30
TXN-0008408,Jacob Banks,West,Home,Gold,8,1955,90.66,14.32,621.42,2024-03-27
TXN-0008409,Michael Schwartz,Central,Electronics,Platinum,6,1985,143.96,15.34,731.26,2025-01-18
TXN-0008410,Danielle Walters,West,Home,Gold,5,1976,119.78,10.44,536.37,2023-11-05
TXN-0008411,Kim Gould,West,Grocery,Silver,5,1985,27.4,10.33,122.85,2025-06-12
TXN-0008412,Julia Berry,East,Home,Silver,2,1973,81.14,6.37,151.94,2026-05-14
TXN-0008413,Tim Simmons,East,Sports,Bronze,4,1979,85.95,0.0,343.8,2024-09-04
TXN-0008414,Kathryn Lozano,South,Electronics,Silver,2,1960,146.2,4.92,278.01,2025-08-20
TXN-0008415,Molly Rogers,North,Electronics,Silver,4,1947,104.77,2.75,407.56,2025-04-05
TXN-0008416,Lindsey Goodman,West,Home,Bronze,2,1995,50.21,3.15,97.26,2024-02-18
TXN-0008417,Marcus Cameron,Central,Clothing,Silver,3,1971,83.01,5.52,235.28,2025-02-15
TXN-0008418,Sherri Thompson,West,Grocery,Bronze,5,2002,23.81,1.16,117.67,2023-12-22
TXN-0008419,Molly Snyder,South,Grocery,Silver,5,1959,20.72,8.46,94.84,2026-04-29
TXN-0008420,Melanie Roy,North,Electronics,Silver,2,1963,226.91,8.2,416.61,2026-06-20
TXN-0008421,Jessica Rodriguez,South,Sports,Gold,5,1969,56.67,8.86,258.25,2024-07-27
TXN-0008422,Samuel Huynh,West,Electronics,Bronze,2,1988,218.53,0.0,437.06,2026-03-22
TXN-0008423,Alexander Lewis,West,Grocery,Bronze,3,1951,20.33,1.76,59.92,2025-12-23
TXN-0008424,Jennifer Wade,Central,Clothing,Silver,3,1955,47.3,9.28,128.73,2024-09-07
TXN-0008425,James Murray,South,Grocery,Silver,3,1954,8.04,4.66,23.0,2024-12-02
TXN-0008426,Debra Johnson,East,Electronics,Bronze,2,1951,97.0,0.15,193.71,2024-07-28
TXN-0008427,Veronica Ramirez,West,Sports,Silver,7,1967,136.92,7.49,886.65,2023-11-02
TXN-0008428,Gabrielle Richardson,South,Sports,Gold,5,1956,135.28,13.43,585.56,2024-02-04
TXN-0008429,Juan Hall,Central,Home,Gold,3,1991,54.79,12.82,143.3,2026-01-11
TXN-0008430,Bryan Smith,East,Home,Bronze,4,1954,44.74,3.35,172.96,2025-08-19
TXN-0008431,Chad Booth,North,Home,Bronze,4,1945,142.0,0.0,568.0,2026-08-14
TXN-0008432,Nathan Martin,North,Home,Silver,2,1975,87.48,12.3,153.44,2026-08-06
TXN-0008433,Matthew Shelton,Central,Home,Silver,2,1954,69.94,5.95,131.56,2024-02-10
TXN-0008434,Herbert Mcguire,East,Home,Platinum,4,1958,58.44,25.88,173.26,2025-12-01
TXN-0008435,Vanessa Meza,West,Grocery,Bronze,5,1978,11.65,0.0,58.25,2025-06-01
TXN-0008436,Timothy Fisher,West,Home,Silver,5,1961,142.08,1.07,702.8,2024-07-26
TXN-0008437,Mr. Daniel Clark,South,Electronics,Platinum,4,1949,174.59,19.71,560.71,2025-10-28
TXN-0008438,Claire Walton,West,Sports,Bronze,3,1959,40.05,5.5,113.54,2025-02-02
TXN-0008439,Wendy Bryant,Central,Electronics,Platinum,6,2001,125.14,20.82,594.52,2026-04-21
TXN-0008440,Brandi Alexander,North,Electronics,Silver,4,1985,278.41,6.62,1039.92,2026-04-24
TXN-0008441,Lisa Carrillo,West,Sports,Silver,3,1967,83.35,8.0,230.05,2025-11-30
TXN-0008442,Angela Mullen,South,Electronics,Silver,3,2003,98.12,6.93,273.96,2023-12-24
TXN-0008443,Adam Gray,South,Electronics,Gold,2,1982,127.46,19.87,204.27,2026-07-29
TXN-0008444,Peter Jones Jr.,South,Home,Gold,7,1962,86.62,11.2,538.43,2025-04-10
TXN-0008445,Danielle Barajas,West,Grocery,Bronze,2,1952,25.1,6.46,46.96,2025-06-06
TXN-0008446,Tina Carroll,North,Electronics,Gold,4,1960,154.58,10.41,553.95,2024-05-14
TXN-0008447,Valerie House,South,Home,Bronze,3,2006,145.74,0.97,432.98,2025-07-23
TXN-0008448,Shannon Jones,West,Electronics,Bronze,1,1952,175.4,0.0,175.4,2025-04-24
TXN-0008449,Karen Rodriguez,North,Clothing,Silver,4,1984,24.66,9.98,88.8,2025-05-19
TXN-0008450,Christopher Castro,West,Clothing,Silver,4,2007,66.32,11.24,235.46,2025-04-29
TXN-0008451,Ana Chavez,Central,Electronics,Bronze,7,1982,150.1,1.39,1036.1,2023-10-16
TXN-0008452,Robert Mcneil,North,Sports,Bronze,3,1996,62.84,3.91,181.15,2024-12-13
TXN-0008453,Marcus Skinner,North,Home,Bronze,4,1975,103.32,2.45,403.15,2025-03-16
TXN-0008454,Samuel Conway,Central,Grocery,Bronze,3,1968,16.5,4.08,47.48,2025-03-26
TXN-0008455,Carlos Alvarez,North,Sports,Bronze,2,1959,80.47,6.14,151.06,2025-01-18
TXN-0008456,Travis Pugh,North,Sports,Bronze,5,1946,62.45,0.0,312.25,2025-08-20
TXN-0008457,Kelly Williams,Central,Grocery,Gold,4,1980,14.78,9.3,53.62,2026-02-15
TXN-0008458,Caitlin Vaughn,Central,Clothing,Bronze,2,1978,81.03,0.07,161.95,2024-02-11
TXN-0008459,Yolanda Obrien,West,Grocery,Gold,2,1996,18.73,11.46,33.17,2024-08-28
TXN-0008460,Melissa Fox,East,Home,Bronze,5,1957,103.87,2.74,505.12,2025-08-18
TXN-0008461,Mike Smith,Central,Clothing,Silver,4,1961,44.93,7.04,167.07,2025-07-04
TXN-0008462,Chris Johnson,West,Clothing,Bronze,2,1945,79.82,1.3,157.56,2025-08-15
TXN-0008463,Karen Savage,West,Clothing,Bronze,3,1974,59.11,1.74,174.24,2024-12-19
TXN-0008464,Barbara Silva,West,Home,Silver,2,1969,79.96,7.78,147.48,2024-06-08
TXN-0008465,Diana White,West,Grocery,Bronze,1,1948,28.04,0.0,28.04,2025-07-17
TXN-0008466,Maria Morris,East,Home,Bronze,4,1986,79.95,0.0,319.8,2025-07-02
TXN-0008467,Andrew Young,South,Clothing,Bronze,2,1958,58.59,0.0,117.18,2024-05-01
TXN-0008468,Garrett Oliver,East,Electronics,Gold,3,1994,105.03,16.88,261.9,2026-03-28
TXN-0008469,Loretta Griffith,East,Grocery,Bronze,4,1986,14.46,0.0,57.84,2026-04-13
TXN-0008470,Ashley Ward,South,Clothing,Bronze,3,1961,72.18,5.97,203.61,2024-02-08
TXN-0008471,Alyssa Jackson,East,Clothing,Bronze,3,1957,54.04,0.01,162.1,2024-05-08
TXN-0008472,Timothy Fox,West,Grocery,Silver,5,1975,18.59,9.98,83.67,2024-08-15
TXN-0008473,Jeffrey Smith,South,Grocery,Platinum,4,1996,17.44,16.43,58.3,2025-01-11
TXN-0008474,Teresa Marshall,North,Home,Bronze,1,1990,88.47,0.0,88.47,2025-10-04
TXN-0008475,Troy Navarro,South,Home,Bronze,5,1961,74.49,0.0,372.45,2025-12-22
TXN-0008476,Daniel Johnson,South,Electronics,Silver,5,2007,135.7,6.54,634.13,2025-03-02
TXN-0008477,Mario Henderson,West,Sports,Platinum,7,1954,67.67,21.35,372.56,2024-01-08
TXN-0008478,Kelli Harrington,East,Home,Bronze,4,2003,81.31,0.0,325.24,2026-04-02
TXN-0008479,Michael Morgan,South,Grocery,Gold,9,1955,21.16,14.32,163.17,2025-05-03
TXN-0008480,Laurie Andrews MD,West,Electronics,Silver,5,1964,185.92,7.1,863.6,2024-02-12
TXN-0008481,Edward Poole,North,Home,Bronze,5,1980,142.74,0.0,713.7,2023-10-08
TXN-0008482,Steven Myers,North,Clothing,Gold,4,1970,70.09,13.41,242.76,2025-06-25
TXN-0008483,Megan Anderson,West,Home,Silver,5,1951,66.0,7.31,305.88,2026-06-16
TXN-0008484,Jeffrey Morgan,East,Grocery,Bronze,3,2003,14.24,3.84,41.08,2024-11-25
TXN-0008485,Belinda Wang,West,Grocery,Bronze,3,1973,24.93,2.7,72.77,2025-07-02
TXN-0008486,Eric Ponce,West,Clothing,Bronze,5,1980,69.29,2.37,338.24,2024-06-25
TXN-0008487,Juan Cannon,Central,Grocery,Bronze,1,2001,25.9,8.92,23.59,2026-02-07
TXN-0008488,Angel Best,North,Electronics,Gold,6,1945,159.78,6.19,899.34,2025-09-14
TXN-0008489,James Rodriguez,West,Home,Silver,4,1975,82.18,2.44,320.7,2026-02-26
TXN-0008490,Debbie Lee,West,Electronics,Gold,2,1990,180.38,16.82,300.08,2024-04-27
TXN-0008491,Sergio Garrison,South,Clothing,Silver,3,1994,34.0,1.87,100.09,2024-08-02
TXN-0008492,Ashley Mueller,Central,Sports,Bronze,4,1974,69.99,5.14,265.57,2024-07-12
TXN-0008493,Michelle Tanner,South,Electronics,Bronze,6,1983,317.64,3.12,1846.38,2025-05-13
TXN-0008494,Wayne Alexander,Central,Sports,Gold,4,1992,66.82,8.42,244.78,2024-12-20
TXN-0008495,Kristin Wiley,East,Clothing,Bronze,2,1958,54.7,5.47,103.42,2026-02-04
TXN-0008496,Jorge Flowers,East,Grocery,Bronze,4,2002,16.76,6.16,62.91,2025-10-29
TXN-0008497,Stephanie Arroyo,North,Electronics,Silver,3,1989,270.74,7.11,754.47,2023-12-02
TXN-0008498,Jill Oliver,Central,Home,Gold,1,1968,59.45,12.65,51.93,2025-01-09
TXN-0008499,Angelica Foster,East,Sports,Bronze,4,1954,94.97,6.54,355.04,2026-03-25
TXN-0008500,Jessica Davidson,North,Home,Silver,5,1974,78.25,1.06,387.1,2025-01-12
TXN-0008501,Donna Davis,North,Clothing,Bronze,6,1974,43.81,4.43,251.22,2025-11-03
TXN-0008502,David Riley,West,Grocery,Gold,4,1972,10.01,7.95,36.86,2026-02-12
TXN-0008503,Stephanie Robinson,North,Grocery,Silver,4,1979,32.8,9.03,119.35,2025-09-16
TXN-0008504,Benjamin Moore,East,Electronics,Gold,6,1969,206.11,12.55,1081.46,2024-09-10
TXN-0008505,Sherry Rodriguez,West,Grocery,Bronze,4,1982,11.31,1.88,44.39,2023-11-08
TXN-0008506,Heather Santiago,South,Grocery,Silver,4,1975,11.58,12.76,40.41,2023-10-01
TXN-0008507,Bridget English,East,Grocery,Bronze,2,2000,14.36,0.0,28.72,2024-05-24
TXN-0008508,Dr. Jessica Smith,South,Clothing,Silver,3,1984,65.5,9.52,177.79,2024-11-09
TXN-0008509,Edward Olson,Central,Clothing,Platinum,8,1983,52.58,19.75,337.56,2025-01-06
TXN-0008510,Jasmine Jones,West,Sports,Bronze,8,1945,54.48,2.35,425.6,2026-06-19
TXN-0008511,Jillian Long,South,Home,Silver,7,1963,87.49,10.0,551.19,2026-06-12
TXN-0008512,Victoria Yoder,East,Home,Bronze,5,1999,140.27,4.83,667.47,2025-10-01
TXN-0008513,Brenda Williams,East,Sports,Silver,5,1966,92.36,9.18,419.41,2024-04-07
TXN-0008514,Paula Choi,Central,Electronics,Silver,4,1999,85.02,3.95,326.65,2026-07-09
TXN-0008515,Tiffany Moore,South,Clothing,Silver,5,1952,38.06,9.16,172.87,2026-07-28
TXN-0008516,Tracey Parsons,East,Grocery,Silver,6,1956,17.19,9.66,93.18,2024-12-17
TXN-0008517,Jackson Vance,Central,Grocery,Platinum,9,1948,18.86,21.76,132.8,2025-07-07
TXN-0008518,Virginia Moore MD,North,Sports,Gold,4,1952,118.59,15.21,402.21,2024-07-02
TXN-0008519,Richard Ellis,East,Grocery,Platinum,4,1949,17.94,20.34,57.16,2025-10-31
TXN-0008520,Laura French,North,Clothing,Bronze,4,1989,66.42,0.0,265.68,2026-08-31
TXN-0008521,David Thornton,East,Clothing,Platinum,2,1986,25.58,18.58,41.65,2026-06-25
TXN-0008522,Reginald James,South,Electronics,Bronze,2,2004,139.22,0.37,277.41,2024-10-12
TXN-0008523,Joshua Ramsey,Central,Sports,Bronze,3,1950,95.78,2.1,281.31,2023-11-11
TXN-0008524,Shane Rangel,South,Electronics,Silver,3,1954,309.87,5.61,877.46,2024-03-31
TXN-0008525,Christy Valdez,North,Home,Bronze,4,1982,56.31,8.32,206.5,2024-12-01
TXN-0008526,Troy Johnson,West,Clothing,Gold,3,1996,51.79,14.59,132.7,2025-11-01
TXN-0008527,Debra Nicholson,West,Electronics,Bronze,2,1984,86.37,1.8,169.63,2024-01-09
TXN-0008528,Samantha Sullivan,West,Clothing,Silver,1,2004,51.21,7.99,47.12,2026-04-15
TXN-0008529,Beth Robertson,West,Home,Bronze,3,1989,129.59,3.49,375.2,2025-04-11
TXN-0008530,Timothy Adams,South,Electronics,Bronze,4,1996,221.02,9.6,799.21,2026-03-18
TXN-0008531,Lindsey Villarreal,East,Sports,Gold,3,1957,73.73,14.58,188.94,2025-10-13
TXN-0008532,Rebekah Velasquez,North,Sports,Silver,5,1979,68.51,5.6,323.37,2026-02-22
TXN-0008533,Jonathan Williams,North,Electronics,Bronze,4,1965,397.6,0.0,1590.4,2025-08-05
TXN-0008534,Jonathan Mcmillan,Central,Grocery,Gold,3,2003,16.68,13.8,43.13,2024-11-01
TXN-0008535,Donald Allen,West,Clothing,Gold,4,1995,45.35,20.18,144.79,2026-05-30
TXN-0008536,Amanda Williams,South,Electronics,Silver,1,1945,131.35,6.46,122.86,2026-08-28
TXN-0008537,Kevin Blair,North,Clothing,Bronze,7,1960,32.89,0.0,230.23,2025-10-06
TXN-0008538,Wendy Snow,Central,Grocery,Platinum,6,1999,20.98,23.48,96.32,2026-09-10
TXN-0008539,James Kim,North,Grocery,Bronze,1,2007,22.58,2.43,22.03,2024-03-31
TXN-0008540,Mallory Abbott,South,Electronics,Bronze,2,1988,198.26,0.0,396.52,2025-04-29
TXN-0008541,Jonathan Park,North,Grocery,Bronze,2,1992,23.6,2.73,45.91,2025-12-02
TXN-0008542,Shaun Knox,North,Grocery,Bronze,3,1969,14.61,5.99,41.2,2026-03-09
TXN-0008543,Michelle Marsh,South,Grocery,Platinum,9,2002,16.98,12.65,133.49,2023-10-25
TXN-0008544,Nancy Scott,Central,Home,Platinum,2,1999,134.62,22.52,208.61,2024-11-04
TXN-0008545,Jonathan Patterson,South,Grocery,Silver,2,1989,15.26,2.62,29.72,2024-06-06
TXN-0008546,Donna Ryan,East,Home,Silver,4,1991,73.9,6.29,277.01,2026-03-19
TXN-0008547,Mr. Christopher Hunter PhD,West,Electronics,Gold,3,1952,226.53,11.34,602.52,2023-12-27
TXN-0008548,Danielle Swanson,East,Grocery,Silver,3,1995,13.62,10.89,36.41,2024-05-12
TXN-0008549,Kathryn Thompson,West,Clothing,Silver,4,2002,36.83,10.49,131.87,2025-02-05
TXN-0008550,David Armstrong,West,Grocery,Platinum,5,1962,12.46,15.26,52.79,2025-09-13
TXN-0008551,Christopher Harris,East,Grocery,Bronze,4,1998,46.33,0.0,185.32,2026-09-08
TXN-0008552,Sean Davenport,East,Clothing,Bronze,3,1981,78.19,0.0,234.57,2024-04-25
TXN-0008553,Sara Hull,West,Electronics,Gold,5,2007,198.8,14.49,849.97,2025-04-05
TXN-0008554,Justin Johnson,West,Grocery,Silver,1,1967,12.95,0.0,12.95,2024-06-07
TXN-0008555,Rodney Lewis,West,Grocery,Bronze,7,1999,21.42,0.0,149.94,2023-12-19
TXN-0008556,Mary Smith,North,Grocery,Bronze,3,1986,32.56,5.26,92.54,2024-11-24
TXN-0008557,Tiffany Green,West,Home,Silver,3,1973,102.1,9.1,278.43,2025-04-11
TXN-0008558,Jennifer Mclean,West,Electronics,Silver,5,1991,108.63,1.06,537.39,2025-07-10
TXN-0008559,Mr. Ronald Adams,South,Clothing,Gold,5,1970,66.3,13.69,286.12,2026-06-12
TXN-0008560,Julie Dominguez,Central,Grocery,Gold,3,1985,17.02,9.65,46.13,2025-04-03
TXN-0008561,Edward Butler,South,Clothing,Silver,2,1976,57.7,4.74,109.93,2023-12-12
TXN-0008562,Crystal Miller,South,Grocery,Silver,3,2000,12.84,5.0,36.59,2024-12-21
TXN-0008563,Michael Rodgers,West,Clothing,Silver,4,1979,42.12,5.41,159.37,2024-12-24
TXN-0008564,Matthew Vasquez,South,Electronics,Bronze,3,1953,135.59,1.7,399.85,2025-12-28
TXN-0008565,Mary Cole,South,Home,Silver,3,1987,68.55,4.42,196.56,2026-06-16
TXN-0008566,Tara Velasquez,South,Home,Silver,4,1979,88.16,4.56,336.56,2024-01-25
TXN-0008567,Janice Callahan,Central,Home,Gold,10,1983,70.84,16.12,594.21,2025-12-04
TXN-0008568,Mr. Justin Martinez,East,Clothing,Gold,5,1978,97.53,13.02,424.16,2024-07-25
TXN-0008569,Nancy Peterson,West,Grocery,Bronze,5,1995,21.38,0.0,106.9,2026-05-30
TXN-0008570,Laurie Collins,West,Home,Gold,9,1992,117.35,13.35,915.15,2024-07-08
TXN-0008571,Tammy Jones,East,Grocery,Silver,5,1990,17.14,1.8,84.16,2024-02-21
TXN-0008572,Dustin Hanson,Central,Home,Bronze,4,1975,44.61,2.4,174.16,2026-04-15
TXN-0008573,Kendra Watkins,West,Clothing,Bronze,3,1962,73.78,3.96,212.57,2024-06-13
TXN-0008574,Whitney Mcdonald,South,Grocery,Gold,2,1960,17.32,15.82,29.16,2026-01-19
TXN-0008575,Donald Jackson,Central,Home,Bronze,1,1963,104.13,3.48,100.51,2025-02-10
TXN-0008576,Michael Spencer,East,Home,Silver,5,1961,87.78,3.21,424.81,2025-01-31
TXN-0008577,Jennifer Lawson,North,Home,Silver,2,1991,41.28,5.02,78.42,2026-08-27
TXN-0008578,Kimberly Bowers,South,Electronics,Silver,4,1966,137.63,10.99,490.02,2025-01-07
TXN-0008579,Joseph Glover,East,Sports,Silver,3,2002,56.16,5.9,158.54,2024-11-22
TXN-0008580,Antonio Mcbride,North,Clothing,Silver,3,1971,59.15,6.7,165.56,2026-08-27
TXN-0008581,Jason Choi,East,Electronics,Gold,4,1995,187.83,15.37,635.84,2026-09-16
TXN-0008582,Andrew Martin,South,Grocery,Bronze,3,1988,38.26,7.28,106.42,2026-09-01
TXN-0008583,Dawn Brown,East,Electronics,Bronze,4,2007,188.39,1.73,740.52,2025-04-13
TXN-0008584,Michael Cooke,North,Sports,Bronze,2,1971,61.64,0.63,122.5,2024-02-23
TXN-0008585,Cynthia Hoover,West,Clothing,Silver,5,1951,47.43,13.63,204.83,2026-01-05
TXN-0008586,Ashley Rodriguez,South,Clothing,Silver,3,1958,65.88,13.88,170.21,2026-03-17
TXN-0008587,Deborah Smith,North,Electronics,Silver,5,1952,215.05,7.13,998.58,2025-03-27
TXN-0008588,Jonathan Morris,South,Electronics,Bronze,2,1953,103.46,2.07,202.64,2024-05-08
TXN-0008589,Emma Anderson,East,Electronics,Silver,3,1996,146.73,10.18,395.38,2023-10-18
TXN-0008590,Christian Long,East,Electronics,Gold,3,1989,151.56,14.53,388.61,2024-04-27
TXN-0008591,Donald Jenkins,East,Clothing,Silver,3,1968,31.25,7.1,87.09,2025-12-10
TXN-0008592,David Gibson,North,Clothing,Silver,4,1952,70.77,9.58,255.96,2024-12-08
TXN-0008593,Christine Jones,Central,Clothing,Silver,1,2001,59.51,4.74,56.69,2025-04-29
TXN-0008594,Kenneth Payne,East,Electronics,Silver,4,1963,149.37,10.9,532.35,2025-10-20
TXN-0008595,Joy Schaefer,North,Electronics,Bronze,4,1979,174.23,4.32,666.81,2025-06-29
TXN-0008596,Erin Novak,West,Electronics,Silver,5,1958,201.11,8.59,919.17,2025-03-09
TXN-0008597,Suzanne Reynolds,West,Electronics,Bronze,5,1987,314.84,1.62,1548.7,2024-06-07
TXN-0008598,Mary Harris,East,Clothing,Bronze,1,1950,69.17,0.0,69.17,2024-03-05
TXN-0008599,Michelle Andrews,South,Electronics,Silver,5,1965,107.17,0.82,531.46,2024-08-31
TXN-0008600,Natasha Kim,South,Clothing,Bronze,2,2000,147.58,0.0,295.16,2024-05-25
TXN-0008601,John Ferguson,East,Sports,Bronze,3,1946,50.64,0.0,151.92,2025-11-17
TXN-0008602,Tony Hughes,North,Clothing,Gold,5,1949,63.04,17.28,260.73,2024-09-05
TXN-0008603,Bryan Mendez,South,Electronics,Silver,2,1982,148.82,4.7,283.65,2024-07-16
TXN-0008604,Ashley Short,Central,Grocery,Bronze,3,1959,17.27,0.0,51.81,2026-02-11
TXN-0008605,Betty Valencia,West,Home,Bronze,4,1966,102.77,1.68,404.17,2026-05-07
TXN-0008606,Elizabeth Ruiz,South,Electronics,Silver,3,1955,187.63,3.67,542.23,2026-09-03
TXN-0008607,Carol Gonzalez,South,Grocery,Silver,3,1952,29.18,5.63,82.61,2025-12-22
TXN-0008608,Melinda Herrera,West,Grocery,Silver,4,1998,14.3,8.94,52.09,2026-01-01
TXN-0008609,Joseph Cox,South,Sports,Silver,1,1986,86.26,5.85,81.21,2026-01-31
TXN-0008610,Vincent Ellis,North,Sports,Gold,8,2001,92.78,11.85,654.28,2026-09-22
TXN-0008611,Justin Roberson,North,Home,Bronze,5,2003,205.1,1.93,1005.71,2024-03-23
TXN-0008612,Amber Hess,West,Grocery,Silver,4,1979,21.44,2.11,83.95,2025-07-07
TXN-0008613,Matthew Arias,East,Clothing,Bronze,3,1948,36.77,3.01,106.99,2025-09-12
TXN-0008614,Robin Lawson,North,Sports,Bronze,5,1989,121.33,6.99,564.25,2024-01-24
TXN-0008615,Richard Oliver,North,Home,Platinum,5,1996,77.07,18.72,313.21,2024-03-27
TXN-0008616,Natalie Shields,East,Clothing,Gold,5,1998,40.69,13.34,176.31,2024-04-18
TXN-0008617,Chelsea Friedman,East,Electronics,Bronze,1,1992,254.54,0.0,254.54,2023-10-24
TXN-0008618,Brian Anderson,West,Home,Bronze,1,1964,94.27,0.0,94.27,2025-10-11
TXN-0008619,Rebecca Walsh,North,Home,Gold,3,1947,83.93,16.44,210.4,2025-03-21
TXN-0008620,Madison Nolan,West,Grocery,Bronze,3,1977,32.47,2.56,94.92,2025-01-24
TXN-0008621,Janet Mckenzie,Central,Electronics,Gold,4,1991,133.72,15.32,452.94,2026-09-05
TXN-0008622,Miranda Butler,East,Grocery,Bronze,4,1945,15.01,2.93,58.28,2025-04-13
TXN-0008623,Andrew Myers,North,Electronics,Bronze,2,1989,190.37,1.45,375.22,2024-04-30
TXN-0008624,Daniel Conner,West,Home,Bronze,3,1960,40.85,6.24,114.9,2025-08-14
TXN-0008625,Victoria Gomez,South,Clothing,Silver,3,1951,58.19,0.75,173.26,2026-04-13
TXN-0008626,Donna Dennis,North,Clothing,Bronze,2,1977,56.55,0.0,113.1,2025-12-18
TXN-0008627,Frank Nunez,South,Clothing,Silver,1,2004,40.79,5.67,38.48,2025-03-12
TXN-0008628,Donald Young,Central,Electronics,Gold,4,1966,159.05,13.16,552.48,2024-06-21
TXN-0008629,Emily Blackburn,South,Electronics,Bronze,2,1978,175.21,0.96,347.06,2025-01-13
TXN-0008630,Kelsey Campbell,West,Grocery,Silver,1,1953,17.73,7.73,16.36,2023-11-11
TXN-0008631,Stephanie Brown,East,Electronics,Bronze,4,1979,212.91,6.79,793.81,2024-03-30
TXN-0008632,Kendra Lopez,East,Grocery,Silver,2,1950,19.78,2.97,38.39,2024-09-07
TXN-0008633,Amber Ramirez,North,Grocery,Bronze,3,2003,16.96,7.33,47.15,2024-04-14
TXN-0008634,Troy Burke,East,Electronics,Silver,4,1998,204.52,6.24,767.03,2026-09-10
TXN-0008635,Danielle White,North,Sports,Gold,6,1964,82.39,13.68,426.71,2024-05-06
TXN-0008636,Kevin Bentley,East,Grocery,Gold,3,1992,51.46,13.08,134.19,2026-08-31
TXN-0008637,Raven Johnson,South,Grocery,Gold,3,1979,25.75,13.98,66.45,2024-09-13
TXN-0008638,Aaron Reilly,South,Grocery,Bronze,3,1994,14.96,6.21,42.09,2025-01-17
TXN-0008639,Alexander Harvey,East,Home,Bronze,2,1959,49.3,0.0,98.6,2024-04-09
TXN-0008640,Brendan Grant,North,Sports,Bronze,3,1987,59.16,0.0,177.48,2024-08-18
TXN-0008641,Gary Norris,South,Electronics,Silver,4,2003,78.29,9.19,284.38,2024-04-17
TXN-0008642,Beverly Kane,Central,Electronics,Bronze,5,1955,201.94,0.0,1009.7,2024-01-28
TXN-0008643,Marvin Burns,North,Grocery,Gold,4,1979,16.26,6.46,60.84,2025-07-18
TXN-0008644,David Sanders,South,Clothing,Platinum,9,1991,42.03,22.26,294.07,2026-09-05
TXN-0008645,Jeremy Alvarez,South,Home,Bronze,3,1992,110.95,0.0,332.85,2024-03-19
TXN-0008646,Frank Grant,South,Clothing,Bronze,4,1980,48.33,5.08,183.5,2024-01-26
TXN-0008647,John Davis,West,Clothing,Silver,2,1980,63.13,5.43,119.4,2023-10-27
TXN-0008648,Jennifer Rodriguez,South,Sports,Silver,3,1945,68.33,10.99,182.46,2025-10-19
TXN-0008649,Danielle Robinson,East,Electronics,Silver,6,1982,164.37,7.89,908.41,2025-07-28
TXN-0008650,Natasha Anderson,East,Electronics,Bronze,3,1948,251.34,0.0,754.02,2023-12-03
TXN-0008651,Joel Williams,South,Grocery,Gold,6,1957,24.79,8.71,135.78,2024-07-29
TXN-0008652,Benjamin Brown,Central,Grocery,Silver,4,1958,29.72,6.19,111.52,2024-03-13
TXN-0008653,Christine Scott,Central,Grocery,Bronze,3,1980,20.3,2.2,59.56,2023-11-17
TXN-0008654,Mallory Hudson,North,Electronics,Bronze,1,1994,84.92,0.0,84.92,2026-07-18
TXN-0008655,John Bond,South,Sports,Gold,4,1966,59.02,8.47,216.08,2025-12-03
TXN-0008656,Lisa Mcclure,South,Home,Bronze,3,1982,51.13,1.2,151.55,2026-04-06
TXN-0008657,Stephanie Burnett,North,Grocery,Gold,3,1971,24.83,18.38,60.8,2023-12-29
TXN-0008658,Daniel Wilkerson,East,Electronics,Silver,2,1982,160.86,7.87,296.4,2025-09-25
TXN-0008659,Sandra Morrison,East,Clothing,Platinum,4,1952,85.47,17.73,281.26,2024-03-30
TXN-0008660,Amanda Cole,South,Home,Gold,5,2007,129.42,13.51,559.68,2024-10-25
TXN-0008661,Kyle Hernandez,South,Home,Gold,5,1966,86.12,15.2,365.15,2023-12-04
TXN-0008662,Kyle Bradley,South,Electronics,Gold,3,1976,294.77,9.76,798.0,2024-01-08
TXN-0008663,Emily Contreras,Central,Home,Silver,2,1980,125.91,6.1,236.46,2025-01-08
TXN-0008664,Dwayne White,Central,Grocery,Bronze,2,1973,18.52,1.48,36.49,2026-07-31
TXN-0008665,Ann Shepard,North,Clothing,Silver,4,1973,64.04,5.59,241.84,2023-10-13
TXN-0008666,Christopher Whitaker,West,Home,Silver,5,1974,147.63,2.68,718.37,2024-02-24
TXN-0008667,Selena Griffith,East,Clothing,Silver,4,1998,64.33,9.31,233.36,2024-04-07
TXN-0008668,Brandon Smith,West,Grocery,Silver,3,1964,14.26,0.0,42.78,2026-04-19
TXN-0008669,David Long,East,Home,Bronze,5,1972,59.62,0.0,298.1,2024-08-12
TXN-0008670,Jenna Roberts,Central,Home,Bronze,2,1958,82.04,0.0,164.08,2026-03-28
TXN-0008671,Christopher Strickland,North,Sports,Bronze,3,1989,59.1,0.04,177.23,2024-08-03
TXN-0008672,Jennifer Davis,South,Grocery,Bronze,3,1949,19.33,7.11,53.87,2024-07-11
TXN-0008673,Michael Hooper,Central,Clothing,Silver,3,1979,45.93,5.92,129.63,2026-08-04
TXN-0008674,Lynn Ford,North,Home,Gold,5,1964,78.69,16.73,327.63,2025-03-27
TXN-0008675,Thomas Rosario,North,Sports,Silver,1,1972,114.65,7.47,106.09,2023-11-12
TXN-0008676,Jonathan Flores,West,Electronics,Gold,2,1952,285.65,14.57,488.06,2024-02-16
TXN-0008677,Anthony Burton,West,Home,Platinum,7,1971,68.56,18.96,388.93,2024-05-11
TXN-0008678,Tamara Dorsey,West,Electronics,Bronze,1,1954,141.1,4.53,134.71,2024-12-01
TXN-0008679,John Brown,West,Grocery,Silver,6,2000,16.61,4.84,94.84,2026-03-16
TXN-0008680,Chelsea Christensen,West,Home,Bronze,2,1981,100.45,0.44,200.02,2025-03-21
TXN-0008681,Adrian Chapman,North,Sports,Gold,3,2001,84.6,11.18,225.43,2025-03-28
TXN-0008682,Mary Lewis,East,Grocery,Silver,4,1959,15.07,3.34,58.27,2024-06-03
TXN-0008683,Gloria Simon,West,Electronics,Bronze,3,1968,191.25,1.93,562.68,2025-11-13
TXN-0008684,Tyler Frederick,West,Home,Bronze,2,1955,76.57,5.04,145.42,2026-05-07
TXN-0008685,Diane Wood,South,Sports,Silver,8,1973,65.81,5.82,495.84,2024-10-07
TXN-0008686,John Tran,North,Electronics,Bronze,1,1978,116.39,0.0,116.39,2025-11-20
TXN-0008687,Joel Johnson,West,Electronics,Bronze,2,1950,229.89,8.82,419.23,2026-03-01
TXN-0008688,Robert Little,South,Grocery,Gold,4,1945,24.74,11.64,87.44,2024-01-12
TXN-0008689,Michael Wilkins,North,Home,Bronze,2,1946,101.61,4.56,193.95,2024-02-28
TXN-0008690,Richard Hodges,West,Electronics,Silver,4,1981,201.78,7.02,750.46,2026-03-14
TXN-0008691,Scott Mitchell,East,Clothing,Silver,4,1981,81.07,10.77,289.36,2023-10-19
TXN-0008692,Ana Phillips,South,Clothing,Bronze,3,1969,71.56,1.82,210.77,2025-12-27
TXN-0008693,Curtis Martinez,North,Grocery,Bronze,4,1945,23.22,1.83,91.18,2024-08-30
TXN-0008694,Damon Dudley,North,Home,Bronze,3,1963,77.45,1.8,228.17,2024-07-21
TXN-0008695,Sabrina Robertson,West,Home,Platinum,4,1952,53.18,19.11,172.07,2024-12-08
TXN-0008696,Nicholas Riddle,East,Grocery,Silver,2,1948,13.65,7.22,25.33,2024-06-20
TXN-0008697,Michael Howard,North,Clothing,Bronze,3,1958,118.58,0.0,355.74,2026-01-09
TXN-0008698,Heather Carpenter,South,Grocery,Gold,4,1960,16.56,14.73,56.48,2023-10-04
TXN-0008699,Jason Williams,North,Clothing,Bronze,3,1953,96.31,11.5,255.7,2024-02-28
TXN-0008700,Tammy Hull,North,Clothing,Bronze,3,1992,66.48,0.0,199.44,2024-08-25
TXN-0008701,Daniel Manning,South,Home,Bronze,4,2004,89.06,3.11,345.16,2025-11-19
TXN-0008702,Keith Foster,East,Grocery,Gold,5,1971,13.13,13.06,57.08,2025-10-04
TXN-0008703,David Taylor,South,Sports,Bronze,2,1963,58.64,0.0,117.28,2025-04-19
TXN-0008704,Christopher Arellano,South,Clothing,Silver,6,1985,52.52,9.73,284.46,2026-09-16
TXN-0008705,Brandon Baker,East,Electronics,Bronze,3,1970,152.64,0.45,455.86,2026-03-31
TXN-0008706,Thomas Walters,South,Clothing,Gold,6,1998,66.59,10.59,357.23,2024-07-11
TXN-0008707,Christina Davidson,North,Home,Gold,2,1993,70.98,17.79,116.71,2025-08-10
TXN-0008708,James Williams,North,Electronics,Bronze,2,1998,127.81,0.81,253.55,2026-08-09
TXN-0008709,Charles Jordan,North,Sports,Bronze,1,1958,101.78,6.09,95.58,2024-03-12
TXN-0008710,Cody Mathis,South,Grocery,Silver,5,1996,34.98,8.89,159.35,2024-07-04
TXN-0008711,Billy Tyler,West,Home,Bronze,3,1968,92.73,2.33,271.71,2025-04-01
TXN-0008712,Kevin Thomas,North,Home,Bronze,6,1953,105.11,4.23,603.98,2025-05-09
TXN-0008713,Richard Ward,West,Electronics,Silver,5,1976,151.99,9.75,685.85,2025-07-17
TXN-0008714,Emily Werner,West,Home,Silver,3,1989,88.0,6.39,247.13,2024-08-25
TXN-0008715,Christian Lawson,North,Home,Gold,7,1993,83.57,11.71,516.49,2025-12-04
TXN-0008716,Brandon Hays,North,Sports,Bronze,3,1956,66.36,5.0,189.13,2024-09-15
TXN-0008717,Taylor Bradley,North,Home,Bronze,2,1990,109.3,11.72,192.98,2025-06-22
TXN-0008718,Kristin Johnson,North,Electronics,Silver,4,1985,198.57,1.33,783.72,2024-03-21
TXN-0008719,Megan Contreras,East,Electronics,Silver,3,2005,146.91,3.1,427.07,2025-01-28
TXN-0008720,Christina Brown,North,Electronics,Bronze,4,1972,130.87,0.0,523.48,2024-04-07
TXN-0008721,Kimberly Lewis,West,Sports,Silver,7,1990,63.46,5.86,418.19,2025-09-20
TXN-0008722,Mrs. Kathleen Ellis DDS,East,Grocery,Bronze,3,2003,22.61,0.0,67.83,2024-03-17
TXN-0008723,William Wagner,West,Grocery,Silver,4,1987,13.59,9.14,49.39,2025-12-13
TXN-0008724,James Hooper,West,Grocery,Platinum,9,1968,12.61,14.93,96.55,2024-04-26
TXN-0008725,Eric Hoffman,East,Electronics,Bronze,2,2002,176.62,0.5,351.47,2025-11-06
TXN-0008726,Michael Smith,Central,Grocery,Silver,3,1996,17.58,5.27,49.96,2025-04-11
TXN-0008727,Madeline Clark,Central,Grocery,Bronze,7,1946,17.15,5.48,113.47,2026-09-26
TXN-0008728,Christopher Fleming,South,Electronics,Bronze,4,1959,214.19,1.83,841.08,2024-12-18
TXN-0008729,Nicholas Moreno,North,Home,Gold,3,1981,88.39,8.31,243.13,2026-02-09
TXN-0008730,Christopher Cobb,South,Grocery,Silver,5,1946,14.31,8.04,65.8,2023-11-30
TXN-0008731,Kenneth Sparks,South,Sports,Bronze,1,1959,79.62,0.0,79.62,2024-02-02
TXN-0008732,Keith Jefferson,East,Electronics,Silver,5,1992,127.35,2.83,618.73,2025-02-18
TXN-0008733,Thomas Thomas,South,Sports,Bronze,3,1971,102.24,5.88,288.68,2025-11-02
TXN-0008734,Robert Freeman,East,Sports,Bronze,4,1989,75.59,0.49,300.88,2024-03-25
TXN-0008735,Elizabeth Carey,West,Sports,Gold,8,1975,52.32,14.72,356.95,2025-05-17
TXN-0008736,Joshua Robbins,South,Electronics,Bronze,3,1957,168.95,0.33,505.18,2024-12-11
TXN-0008737,Kara Brown,East,Electronics,Silver,6,2006,121.13,7.86,669.66,2025-09-06
TXN-0008738,Julie Lee,South,Grocery,Silver,2,1958,25.79,11.9,45.44,2026-04-17
TXN-0008739,Daisy Little,West,Clothing,Gold,3,1965,53.13,13.66,137.62,2025-01-24
TXN-0008740,Vanessa Butler,East,Electronics,Bronze,5,2001,199.44,0.74,989.82,2026-08-30
TXN-0008741,Hayden Pineda,North,Grocery,Silver,1,1966,14.5,2.39,14.15,2025-08-17
TXN-0008742,Nicholas Hughes,West,Electronics,Bronze,2,1972,149.53,5.11,283.78,2024-09-12
TXN-0008743,Veronica Berg,North,Clothing,Bronze,3,1972,63.59,3.68,183.75,2026-02-04
TXN-0008744,Jonathan Dunn,West,Sports,Bronze,1,1980,70.98,3.14,68.75,2025-06-21
TXN-0008745,Nichole Dominguez,East,Clothing,Silver,1,1992,40.25,6.72,37.55,2024-12-22
TXN-0008746,Terri Jensen,South,Sports,Bronze,1,1952,96.43,5.93,90.71,2025-07-23
TXN-0008747,Wesley Munoz,West,Clothing,Platinum,1,1970,60.72,18.47,49.51,2024-07-17
TXN-0008748,Dr. Nicole Frazier,West,Clothing,Silver,1,1951,37.75,8.93,34.38,2024-01-14
TXN-0008749,Marie Stout,West,Electronics,Gold,4,1980,140.92,19.36,454.55,2025-10-05
TXN-0008750,Joseph Simmons,East,Clothing,Bronze,4,1992,41.28,2.28,161.36,2026-08-17
TXN-0008751,Jennifer Miller,West,Clothing,Bronze,4,1972,46.4,0.82,184.08,2025-04-20
TXN-0008752,Denise Horn,South,Grocery,Silver,2,1964,15.37,5.06,29.18,2024-07-02
TXN-0008753,Crystal Rios,West,Sports,Bronze,6,1965,69.02,0.01,414.08,2023-10-17
TXN-0008754,Kimberly Stephens,West,Electronics,Silver,4,1991,97.37,7.13,361.71,2026-08-10
TXN-0008755,Kerry Lee,North,Electronics,Gold,4,2005,138.33,18.79,449.35,2025-10-30
TXN-0008756,Kevin Ballard,South,Home,Silver,1,1951,126.09,8.51,115.36,2026-08-07
TXN-0008757,Rachel Harris,South,Home,Gold,1,1966,164.56,13.71,142.0,2024-03-09
TXN-0008758,Lindsey Glover,North,Clothing,Bronze,3,1945,36.9,2.51,107.92,2025-06-04
TXN-0008759,Lisa Roman,South,Clothing,Silver,4,2004,80.23,1.57,315.88,2025-08-08
TXN-0008760,Michael Moore,North,Electronics,Silver,5,1971,349.93,6.66,1633.12,2025-12-17
TXN-0008761,Alyssa Cruz,East,Home,Silver,3,1993,84.03,3.76,242.61,2026-07-17
TXN-0008762,Phillip White,North,Electronics,Silver,3,1969,191.32,12.27,503.54,2026-08-13
TXN-0008763,Christian Carpenter,South,Grocery,Silver,3,1974,25.68,3.95,74.0,2024-02-07
TXN-0008764,Daniel Hebert,West,Clothing,Gold,8,2005,47.22,8.33,346.29,2024-03-31
TXN-0008765,Roger Walsh,South,Clothing,Bronze,6,1950,76.71,0.0,460.26,2024-05-07
TXN-0008766,Meghan Carter,South,Home,Bronze,3,1946,84.18,0.0,252.54,2025-06-02
TXN-0008767,Juan Miller,West,Electronics,Bronze,2,2000,223.73,0.0,447.46,2025-06-11
TXN-0008768,Mr. Bryan Larson,Central,Sports,Bronze,8,1983,127.53,2.65,993.2,2026-09-11
TXN-0008769,Cody Bass,East,Grocery,Silver,4,1998,27.96,7.82,103.09,2026-04-02
TXN-0008770,Gregory Smith,North,Grocery,Bronze,2,1996,16.13,0.0,32.26,2024-03-04
TXN-0008771,Danielle Alvarado,North,Home,Bronze,3,1983,110.98,5.02,316.23,2024-06-16
TXN-0008772,Mark Ross,Central,Clothing,Gold,3,1966,46.68,12.41,122.66,2024-01-06
TXN-0008773,Melissa Smith,West,Electronics,Gold,2,1966,107.37,12.46,187.98,2025-04-15
TXN-0008774,Brian Perkins,West,Home,Silver,7,1988,83.3,10.04,524.56,2024-08-02
TXN-0008775,Dr. Tiffany Bennett MD,West,Home,Silver,3,1949,119.83,10.96,320.09,2025-03-07
TXN-0008776,Christy Todd,North,Clothing,Bronze,3,1994,50.01,0.0,150.03,2024-08-04
TXN-0008777,Sarah Moreno,East,Electronics,Silver,4,1983,266.32,1.96,1044.4,2026-04-09
TXN-0008778,Daniel Shields,West,Clothing,Bronze,3,1963,56.52,0.67,168.42,2025-06-17
TXN-0008779,Karen Watson,West,Electronics,Bronze,3,1972,110.01,7.42,305.54,2024-04-05
TXN-0008780,Dustin Vasquez,South,Clothing,Gold,4,1995,49.97,10.29,179.31,2024-09-23
TXN-0008781,Brian Marshall,East,Home,Silver,3,1945,71.95,10.39,193.42,2025-07-18
TXN-0008782,Stephanie Vaughn,North,Sports,Bronze,3,2006,118.94,0.0,356.82,2025-11-11
TXN-0008783,Casey Taylor,Central,Electronics,Silver,2,1970,190.95,6.46,357.23,2024-12-03
TXN-0008784,Susan Anthony,South,Electronics,Silver,5,1964,156.58,4.99,743.83,2026-03-19
TXN-0008785,Marcus Douglas,West,Clothing,Bronze,3,1960,71.38,3.44,206.77,2026-04-07
TXN-0008786,Kelly Callahan,South,Electronics,Bronze,2,1957,122.08,2.52,238.01,2024-11-25
TXN-0008787,Monica Campbell,East,Grocery,Bronze,4,1969,12.1,0.0,48.4,2026-06-24
TXN-0008788,Margaret White,West,Electronics,Silver,5,2002,103.08,5.31,488.03,2025-06-10
TXN-0008789,Brian Wade,South,Sports,Bronze,4,2006,39.55,0.0,158.2,2025-04-03
TXN-0008790,James Burke,West,Grocery,Bronze,1,1946,12.42,2.8,12.07,2025-10-06
TXN-0008791,Cassandra Wolfe,Central,Home,Gold,3,1956,109.66,9.44,297.92,2026-07-29
TXN-0008792,Brenda Fitzgerald,West,Sports,Gold,5,1953,96.85,13.33,419.7,2026-04-21
TXN-0008793,Michael Cruz,South,Home,Silver,3,1989,66.42,8.39,182.54,2025-06-17
TXN-0008794,Matthew Williams,West,Sports,Gold,7,1969,37.13,15.31,220.12,2025-10-19
TXN-0008795,Daniel Garcia,East,Clothing,Silver,2,1982,47.73,9.36,86.52,2025-11-30
TXN-0008796,Gregory Roberts,East,Sports,Bronze,6,1988,89.33,3.18,518.94,2024-12-04
TXN-0008797,Susan Lewis,East,Electronics,Silver,2,2006,214.21,3.21,414.67,2024-05-13
TXN-0008798,Kathleen Johnson,East,Clothing,Bronze,4,2003,59.89,0.0,239.56,2025-09-03
TXN-0008799,Angela Griffin,North,Sports,Silver,1,1999,52.73,3.95,50.65,2024-03-13
TXN-0008800,Robert Benitez,South,Clothing,Platinum,6,1978,70.96,19.77,341.59,2024-04-04
TXN-0008801,Ronald Herrera,North,Electronics,Bronze,5,1963,183.69,5.82,865.0,2024-10-21
TXN-0008802,Tiffany Smith,South,Electronics,Bronze,1,1994,207.27,0.0,207.27,2025-10-27
TXN-0008803,Gary Hunter,North,Electronics,Bronze,5,2004,117.14,0.92,580.31,2025-11-08
TXN-0008804,Nicole Reynolds,South,Clothing,Gold,3,1962,65.83,17.2,163.52,2024-09-20
TXN-0008805,Alan Jackson,West,Clothing,Bronze,4,1967,74.54,0.0,298.16,2026-05-31
TXN-0008806,Elizabeth Webb,East,Home,Gold,3,1988,56.09,18.32,137.44,2024-04-24
TXN-0008807,Terri Clark,North,Grocery,Bronze,6,1987,14.51,4.18,83.42,2023-11-13
TXN-0008808,Diane Nunez,West,Electronics,Gold,2,1960,93.95,10.55,168.08,2024-02-29
TXN-0008809,Craig Franklin,Central,Grocery,Bronze,2,1948,13.55,0.81,26.88,2023-12-19
TXN-0008810,Benjamin Ortega,Central,Home,Bronze,1,1999,86.8,7.94,79.91,2024-01-11
TXN-0008811,Frank Flores,West,Grocery,Bronze,3,1991,10.85,0.25,32.47,2025-11-09
TXN-0008812,Kathryn Martin,Central,Grocery,Bronze,4,1967,26.57,4.51,101.49,2026-08-16
TXN-0008813,Timothy Griffin,East,Sports,Bronze,3,1953,111.26,9.14,303.27,2023-11-08
TXN-0008814,Jonathan King,Central,Electronics,Bronze,3,1990,152.86,1.85,450.1,2024-07-02
TXN-0008815,Johnathan Gross,Central,Home,Silver,4,1954,71.52,6.97,266.14,2025-05-14
TXN-0008816,Molly Ferrell,South,Sports,Silver,6,1969,73.86,14.74,377.84,2026-04-24
TXN-0008817,Jenna Keller,West,Grocery,Bronze,5,1966,30.0,0.0,150.0,2026-08-18
TXN-0008818,Gina Hicks,West,Electronics,Silver,4,1981,199.11,6.93,741.25,2025-02-16
TXN-0008819,Mitchell Smith,West,Home,Gold,2,1984,47.95,14.49,82.0,2024-05-22
TXN-0008820,Mr. Christopher Davidson DVM,Central,Grocery,Platinum,4,1984,8.18,14.6,27.94,2025-01-10
TXN-0008821,Neil Dunn,South,Clothing,Silver,4,1999,40.05,2.93,155.51,2026-05-21
TXN-0008822,Autumn Norris,South,Home,Bronze,2,1959,88.65,0.0,177.3,2026-05-23
TXN-0008823,Bianca Ward,East,Grocery,Platinum,7,1967,9.92,21.43,54.56,2024-02-24
TXN-0008824,Christopher Mckenzie,West,Home,Platinum,6,1963,83.74,18.3,410.49,2024-01-24
TXN-0008825,Jeffery Gonzalez,Central,Electronics,Gold,3,1988,88.98,12.7,233.04,2026-07-20
TXN-0008826,Andre Blackwell,Central,Home,Silver,4,1961,90.25,9.74,325.84,2025-12-13
TXN-0008827,Helen White,West,Home,Silver,4,1989,97.12,9.1,353.13,2025-10-31
TXN-0008828,Ernest Jones,Central,Clothing,Gold,6,1972,99.86,5.83,564.23,2025-09-20
TXN-0008829,Micheal Nelson,North,Grocery,Silver,1,1985,17.19,7.64,15.88,2024-08-06
TXN-0008830,Rebecca Ball,Central,Clothing,Bronze,6,1948,48.57,3.92,280.0,2024-12-27
TXN-0008831,Michael Nelson,North,Grocery,Platinum,3,1983,28.71,19.71,69.15,2026-07-22
TXN-0008832,Robert Gonzales,East,Grocery,Gold,4,2007,22.62,14.84,77.05,2025-11-09
TXN-0008833,Jordan Sullivan,North,Grocery,Bronze,4,1994,18.27,4.69,69.65,2025-10-28
TXN-0008834,Matthew Martin,East,Home,Bronze,3,1963,80.91,3.14,235.11,2025-11-20
TXN-0008835,Rebecca Gallegos,South,Electronics,Gold,4,1970,290.17,12.66,1013.74,2024-11-07
TXN-0008836,Matthew Johnson,North,Grocery,Bronze,4,1972,13.93,2.88,54.12,2026-01-17
TXN-0008837,Kimberly Miller,East,Electronics,Silver,3,1953,95.4,0.0,286.2,2025-03-14
TXN-0008838,William Boyd,West,Home,Bronze,5,1962,84.16,6.94,391.6,2026-01-14
TXN-0008839,Suzanne Garcia,North,Electronics,Bronze,4,1949,143.23,6.63,534.94,2026-01-24
TXN-0008840,Sarah Nicholson,West,Home,Gold,6,1969,137.24,17.38,680.33,2023-10-25
TXN-0008841,Jason Flynn,North,Grocery,Platinum,9,1991,19.01,20.45,136.1,2023-11-16
TXN-0008842,Jeffrey Barrera,North,Clothing,Silver,6,2002,75.77,9.0,413.7,2025-07-27
TXN-0008843,Gina Adams,North,Clothing,Bronze,2,1980,22.45,2.49,43.78,2024-03-31
TXN-0008844,Allen Webb,East,Electronics,Bronze,2,1988,142.34,3.13,275.77,2025-05-15
TXN-0008845,Rachel Cole,West,Clothing,Bronze,1,2000,92.19,6.79,85.93,2025-08-27
TXN-0008846,Benjamin Lam,East,Clothing,Platinum,3,1976,37.7,13.8,97.49,2025-01-28
TXN-0008847,Julie Lindsey,West,Grocery,Bronze,2,1980,16.32,3.54,31.48,2025-05-04
TXN-0008848,Christian Harris,East,Sports,Platinum,5,1988,100.6,17.08,417.09,2025-08-15
TXN-0008849,Michael Bell,West,Sports,Gold,3,1952,62.86,8.97,171.66,2025-09-11
TXN-0008850,Jesse Sawyer,Central,Electronics,Silver,6,1976,210.4,6.56,1179.59,2023-11-22
TXN-0008851,Matthew Morris,South,Clothing,Bronze,5,1978,44.52,0.0,222.6,2023-11-18
TXN-0008852,Charles Williamson,North,Home,Platinum,7,1957,88.83,15.61,524.75,2024-06-28
TXN-0008853,Kevin Norris,North,Home,Bronze,3,1974,113.83,0.0,341.49,2026-02-08
TXN-0008854,Kelly Peters,East,Grocery,Gold,3,1963,12.28,11.31,32.67,2026-07-18
TXN-0008855,Heather Shaw,East,Grocery,Bronze,5,1987,13.54,3.86,65.09,2025-01-10
TXN-0008856,Jimmy Jackson,North,Home,Bronze,2,1975,123.94,4.89,235.76,2024-06-08
TXN-0008857,Tiffany Lewis,Central,Home,Bronze,2,1965,68.31,8.92,124.43,2025-10-30
TXN-0008858,Mercedes Snow,Central,Sports,Bronze,4,1991,78.39,0.58,311.74,2025-07-28
TXN-0008859,Carla Santana,South,Clothing,Silver,5,1992,77.34,9.79,348.84,2024-04-23
TXN-0008860,Robert Sanchez,South,Grocery,Silver,3,1948,18.59,7.63,51.51,2025-01-25
TXN-0008861,Mary Gonzalez,South,Grocery,Bronze,1,1984,19.8,2.53,19.3,2025-05-24
TXN-0008862,Kelsey Cannon,South,Electronics,Silver,4,1968,275.2,8.31,1009.32,2025-10-24
TXN-0008863,Dustin Taylor,West,Sports,Bronze,4,1947,167.79,4.8,638.94,2024-03-15
TXN-0008864,Kevin Hall,East,Grocery,Gold,3,1953,18.88,14.67,48.33,2026-02-27
TXN-0008865,Jenna Rhodes,North,Grocery,Gold,8,1960,15.52,11.61,109.75,2026-08-11
TXN-0008866,David Jones,East,Electronics,Silver,4,1986,214.18,9.05,779.19,2025-10-29
TXN-0008867,Jennifer Gibson,North,Electronics,Platinum,8,1972,121.91,17.8,801.68,2026-07-19
TXN-0008868,Wesley Kennedy,South,Grocery,Bronze,1,1958,28.5,4.06,27.34,2026-02-04
TXN-0008869,William Perez,South,Electronics,Bronze,4,1998,132.11,2.41,515.7,2026-08-27
TXN-0008870,Eric Smith,East,Electronics,Bronze,1,1966,137.97,0.0,137.97,2026-01-12
TXN-0008871,Christopher Christian,East,Clothing,Gold,1,2003,38.41,12.52,33.6,2026-03-04
TXN-0008872,Cory Nelson,Central,Electronics,Bronze,3,1970,118.86,5.26,337.82,2025-09-26
TXN-0008873,Dennis Rich,North,Grocery,Gold,2,1982,27.21,12.56,47.58,2025-10-06
TXN-0008874,James Gonzalez,West,Home,Silver,5,1971,101.46,7.8,467.73,2026-02-17
TXN-0008875,Victoria Thompson,North,Electronics,Bronze,2,1967,157.08,0.32,313.15,2024-05-27
TXN-0008876,Christy Jackson,South,Home,Silver,5,1979,184.46,6.04,866.59,2025-11-23
TXN-0008877,Kristin White,Central,Electronics,Silver,3,1979,166.77,10.32,448.68,2023-12-23
TXN-0008878,Jacob Johnson,West,Electronics,Silver,2,1951,159.02,5.49,300.58,2025-05-27
TXN-0008879,Jack Lloyd,North,Home,Gold,4,2007,60.97,8.97,222.0,2024-11-10
TXN-0008880,Terry Delgado,East,Home,Silver,7,1995,67.8,0.0,474.6,2025-11-04
TXN-0008881,Devin Roberts,West,Clothing,Bronze,3,1973,39.64,0.0,118.92,2026-04-03
TXN-0008882,Billy Mcdonald,Central,Home,Silver,2,1979,70.8,3.15,137.14,2025-05-06
TXN-0008883,Kenneth Carter,East,Clothing,Bronze,4,1982,46.69,0.0,186.76,2026-05-13
TXN-0008884,Karen Roberts,North,Home,Gold,3,1978,81.45,9.24,221.77,2026-08-13
TXN-0008885,Angela Spencer,East,Clothing,Bronze,2,1971,70.26,0.0,140.52,2025-03-28
TXN-0008886,Catherine Garrett,North,Grocery,Silver,3,1962,17.84,3.3,51.75,2024-12-12
TXN-0008887,David Rodriguez,North,Home,Bronze,1,1955,168.29,6.84,156.78,2025-02-06
TXN-0008888,Christopher Rodriguez,East,Electronics,Bronze,2,1945,199.49,0.0,398.98,2024-01-01
TXN-0008889,Jennifer Goodwin,West,Grocery,Silver,7,1950,14.06,9.02,89.54,2023-11-10
TXN-0008890,Carrie King,North,Grocery,Bronze,2,1983,21.09,3.87,40.55,2026-04-02
TXN-0008891,Christopher Carlson,West,Electronics,Silver,2,1974,168.7,9.15,306.53,2023-12-07
TXN-0008892,Jessica King,West,Home,Silver,2,1975,146.73,6.83,273.42,2024-04-14
TXN-0008893,Erica Pearson,West,Grocery,Bronze,3,1992,23.99,6.43,67.34,2025-04-19
TXN-0008894,Kelsey Simpson,South,Electronics,Bronze,5,1970,163.84,2.0,802.82,2025-03-22
TXN-0008895,Laura Wilson,South,Sports,Silver,5,1967,138.31,6.26,648.26,2026-03-23
TXN-0008896,Aaron Marshall,North,Clothing,Silver,6,1979,66.85,11.08,356.66,2023-11-08
TXN-0008897,Debbie Jarvis,South,Grocery,Silver,3,1978,22.22,6.39,62.4,2026-05-26
TXN-0008898,Rebecca Robinson,South,Sports,Bronze,2,1989,126.92,0.0,253.84,2025-03-11
TXN-0008899,Stephen Thompson,South,Sports,Bronze,1,2006,101.23,3.75,97.43,2025-05-11
TXN-0008900,Cynthia Morgan,North,Home,Silver,7,1979,97.07,10.8,606.11,2024-02-26
TXN-0008901,Stephen Jackson,North,Grocery,Gold,6,1948,17.52,14.03,90.37,2025-07-24
TXN-0008902,Craig Jones,Central,Clothing,Silver,2,1972,27.13,5.73,51.15,2025-03-17
TXN-0008903,Anna King,West,Clothing,Silver,2,1957,28.83,7.91,53.1,2025-04-05
TXN-0008904,Sue Allen,South,Grocery,Silver,4,2007,17.28,9.39,62.63,2025-06-28
TXN-0008905,Mark Petersen,Central,Clothing,Silver,6,1975,45.29,3.39,262.53,2025-03-26
TXN-0008906,Christopher Harris,South,Grocery,Gold,7,1982,18.12,5.86,119.41,2023-12-24
TXN-0008907,Robert Jones,South,Electronics,Bronze,3,1976,228.41,1.52,674.81,2026-07-21
TXN-0008908,Jason Simmons,West,Electronics,Silver,7,1962,122.09,10.63,763.78,2024-10-11
TXN-0008909,Leslie Wilson,East,Electronics,Bronze,3,1958,92.15,0.0,276.45,2024-10-16
TXN-0008910,Robert Larson,South,Home,Bronze,2,1959,57.12,0.0,114.24,2024-09-26
TXN-0008911,Paul Gentry,South,Electronics,Bronze,3,1978,113.38,2.71,330.92,2026-06-30
TXN-0008912,Shirley Thomas,East,Clothing,Bronze,1,1974,36.9,1.19,36.46,2025-01-24
TXN-0008913,Amy Durham,East,Sports,Bronze,3,1968,76.14,0.0,228.42,2026-04-05
TXN-0008914,Melissa Johnson,South,Grocery,Bronze,6,1953,30.85,6.07,173.86,2024-02-06
TXN-0008915,Jeff Atkinson,South,Grocery,Bronze,5,1949,22.32,0.0,111.6,2026-08-31
TXN-0008916,Bradley Perkins,South,Electronics,Bronze,3,1946,203.62,3.26,590.95,2024-01-07
TXN-0008917,Steven Flores,East,Clothing,Bronze,4,1947,59.38,4.94,225.79,2025-01-13
TXN-0008918,William Miller,South,Grocery,Bronze,5,1980,11.67,1.27,57.61,2024-03-23
TXN-0008919,Theodore Juarez,West,Electronics,Gold,4,1961,350.52,15.95,1178.45,2025-03-05
TXN-0008920,William Martin,West,Clothing,Silver,3,1970,49.21,9.34,133.84,2024-06-17
TXN-0008921,Lisa Perry,South,Sports,Bronze,4,1966,98.4,2.64,383.21,2023-10-28
TXN-0008922,Shannon Hayden DDS,West,Electronics,Bronze,2,1996,73.11,0.69,145.21,2026-01-11
TXN-0008923,Christopher Spencer,North,Sports,Silver,1,1951,72.7,12.01,63.97,2025-02-15
TXN-0008924,Deborah Miles,South,Electronics,Bronze,2,1945,150.66,5.18,285.71,2023-11-25
TXN-0008925,Brenda Johnson,East,Electronics,Bronze,3,1982,145.72,4.59,417.09,2025-09-12
TXN-0008926,James James,East,Electronics,Bronze,5,1990,97.97,2.2,479.07,2026-07-15
TXN-0008927,Mallory Hanna,West,Sports,Silver,8,1965,80.39,5.11,610.26,2025-07-15
TXN-0008928,Debbie Johnson,Central,Home,Silver,2,1989,137.93,0.23,275.23,2026-02-26
TXN-0008929,Austin Miller,South,Grocery,Silver,2,1947,37.54,8.83,68.45,2025-12-05
TXN-0008930,Brandy Myers,South,Clothing,Bronze,1,1997,97.95,0.83,97.14,2025-07-13
TXN-0008931,Courtney Freeman,East,Grocery,Bronze,4,1971,28.02,2.77,108.98,2024-11-15
TXN-0008932,Ryan Lowery,South,Home,Gold,4,1996,163.68,21.64,513.04,2023-10-29
TXN-0008933,William Riley,North,Home,Silver,4,1996,170.53,11.38,604.49,2026-09-13
TXN-0008934,Michael Cameron,Central,Grocery,Silver,2,2006,13.03,8.57,23.83,2025-09-26
TXN-0008935,Michelle Greene,West,Grocery,Gold,3,1974,19.66,12.65,51.52,2026-03-29
TXN-0008936,Franklin Ruiz,Central,Grocery,Silver,6,1953,11.51,9.73,62.34,2023-11-01
TXN-0008937,Steven Hurst,South,Electronics,Bronze,4,1986,193.19,5.17,732.81,2025-01-31
TXN-0008938,Lisa Jackson,North,Grocery,Silver,5,1966,16.51,5.64,77.89,2025-05-06
TXN-0008939,Gerald Porter,South,Clothing,Bronze,2,1991,52.1,1.08,103.07,2026-03-02
TXN-0008940,Mary Burke,Central,Sports,Silver,2,2005,68.15,7.82,125.64,2025-05-26
TXN-0008941,Sandra Price,North,Clothing,Bronze,6,1945,22.96,0.0,137.76,2025-02-09
TXN-0008942,John Cortez,North,Electronics,Bronze,2,1997,82.03,0.0,164.06,2026-03-05
TXN-0008943,Jacob Robinson,North,Clothing,Bronze,6,1945,74.21,0.0,445.26,2024-02-26
TXN-0008944,Michael Garcia,West,Home,Bronze,3,1996,71.09,8.1,196.0,2025-10-25
TXN-0008945,Douglas Boone,West,Clothing,Silver,8,2004,78.68,2.28,615.09,2024-03-01
TXN-0008946,Vanessa Peterson,West,Grocery,Bronze,3,1980,17.01,0.0,51.03,2026-09-05
TXN-0008947,Natalie Baxter,North,Grocery,Bronze,3,1946,10.33,0.0,30.99,2026-08-11
TXN-0008948,Patricia Chen,West,Electronics,Bronze,4,2004,98.0,4.16,375.69,2024-08-12
TXN-0008949,Tracey Coleman,East,Home,Gold,4,1959,71.15,9.69,257.02,2025-03-02
TXN-0008950,Luis Lewis,North,Grocery,Gold,5,1972,13.01,15.65,54.87,2025-11-07
TXN-0008951,John Stark,South,Sports,Silver,3,2002,72.71,6.83,203.23,2025-11-17
TXN-0008952,John Bruce,East,Clothing,Silver,3,1966,60.07,11.45,159.58,2026-07-30
TXN-0008953,Anita Davis,South,Sports,Silver,4,1951,84.48,4.02,324.34,2025-03-08
TXN-0008954,James Alvarado,Central,Electronics,Bronze,2,2007,173.3,2.21,338.94,2024-06-12
TXN-0008955,Ryan Mitchell,East,Grocery,Bronze,5,1999,24.53,5.89,115.43,2026-05-10
TXN-0008956,Alexander Glover,South,Grocery,Bronze,1,1966,25.57,6.25,23.97,2025-01-05
TXN-0008957,Haley Carter,West,Clothing,Gold,4,1963,39.73,16.8,132.22,2025-04-14
TXN-0008958,Vickie Obrien,West,Electronics,Silver,2,2001,83.31,8.94,151.72,2025-08-05
TXN-0008959,Jared Allen,North,Grocery,Bronze,4,2005,14.2,1.91,55.72,2024-08-06
TXN-0008960,Donald Sanchez,East,Clothing,Silver,2,1969,56.63,9.04,103.02,2025-11-07
TXN-0008961,Pamela Landry,South,Electronics,Bronze,1,1961,133.12,0.0,133.12,2026-06-11
TXN-0008962,Rodney Sharp,South,Electronics,Silver,4,1990,199.68,5.68,753.35,2024-01-23
TXN-0008963,Michael Cox,West,Grocery,Silver,4,1979,11.29,11.94,39.77,2026-01-07
TXN-0008964,Judy Walker,East,Electronics,Gold,5,1975,278.19,16.23,1165.2,2024-08-25
TXN-0008965,Darlene Burnett,South,Home,Silver,5,1951,118.43,2.73,575.98,2024-12-17
TXN-0008966,Heather Knapp,North,Sports,Gold,4,1982,65.54,14.23,224.85,2024-11-12
TXN-0008967,Billy Jackson,East,Grocery,Bronze,5,1949,13.78,0.0,68.9,2023-12-10
TXN-0008968,Robert Pierce,South,Home,Silver,3,2001,85.34,6.0,240.66,2025-01-01
TXN-0008969,Jimmy Watkins,Central,Home,Gold,3,1962,134.5,18.19,330.1,2026-03-06
TXN-0008970,Angela Vasquez,East,Electronics,Bronze,4,1990,139.14,0.0,556.56,2025-06-13
TXN-0008971,Christopher Moore,West,Clothing,Gold,4,1954,44.87,8.53,164.17,2024-09-12
TXN-0008972,Dr. Terry Howell,South,Electronics,Platinum,5,1995,159.72,20.53,634.65,2026-05-25
TXN-0008973,Paige Gay,West,Electronics,Silver,3,1972,103.11,8.64,282.6,2024-02-17
TXN-0008974,Christopher Buchanan,North,Electronics,Bronze,3,1973,233.14,0.95,692.78,2026-03-14
TXN-0008975,David Marks,South,Home,Bronze,2,1951,111.87,6.06,210.18,2024-02-22
TXN-0008976,Kristy Brown,North,Electronics,Silver,5,1951,219.68,6.2,1030.3,2026-04-04
TXN-0008977,Danny Holmes,North,Electronics,Gold,5,1997,259.85,13.95,1118.0,2025-03-04
TXN-0008978,Jeffrey Brown,Central,Grocery,Bronze,1,2003,13.65,2.2,13.35,2024-11-25
TXN-0008979,Brandon Hudson,West,Electronics,Bronze,3,1980,160.87,1.11,477.25,2024-01-10
TXN-0008980,Carl Thomas,East,Grocery,Bronze,4,2006,17.41,4.61,66.43,2026-02-23
TXN-0008981,Erica Small,East,Clothing,Silver,7,1968,95.76,4.17,642.37,2025-12-30
TXN-0008982,Michael Peterson,East,Home,Gold,4,1962,77.85,17.53,256.81,2025-10-05
TXN-0008983,Christina David,East,Electronics,Silver,5,1994,85.51,10.38,383.17,2025-07-22
TXN-0008984,Jaime Wright,West,Electronics,Silver,4,2000,136.2,10.43,487.98,2024-08-18
TXN-0008985,Duane Jones,East,Grocery,Silver,2,1949,24.54,14.99,41.72,2025-03-20
TXN-0008986,Jeffrey Jackson,West,Home,Silver,5,1980,108.46,8.48,496.31,2024-01-25
TXN-0008987,Jorge Taylor,South,Electronics,Silver,3,1993,154.85,7.43,430.03,2026-07-06
TXN-0008988,David Baker,Central,Clothing,Bronze,2,1967,48.15,3.64,92.79,2025-01-08
TXN-0008989,Benjamin George,North,Home,Bronze,2,1971,101.41,0.56,201.68,2025-11-19
TXN-0008990,Chelsea Thomas,South,Electronics,Gold,4,1946,195.07,12.7,681.18,2025-01-05
TXN-0008991,James Bailey,Central,Home,Silver,5,1963,97.1,4.09,465.64,2025-07-31
TXN-0008992,Sandra Hopkins,North,Home,Bronze,4,1995,79.65,6.76,297.06,2026-07-24
TXN-0008993,Amanda Garcia,North,Home,Silver,1,2005,89.03,3.48,85.93,2026-01-13
TXN-0008994,Andrea Miller,South,Grocery,Silver,5,2006,14.86,4.14,71.22,2025-01-26
TXN-0008995,Janice Riddle,South,Clothing,Bronze,2,1975,78.98,1.26,155.97,2024-08-03
TXN-0008996,Ronald Lara,Central,Sports,Silver,3,1958,71.62,3.14,208.11,2025-07-02
TXN-0008997,Jonathan Brooks,West,Home,Bronze,3,2007,64.88,0.0,194.64,2025-06-13
TXN-0008998,Joseph Turner,East,Home,Gold,6,1945,198.46,11.76,1050.73,2024-10-22
TXN-0008999,Robert Jordan,Central,Grocery,Silver,2,1992,13.95,9.78,25.17,2026-05-25
TXN-0009000,Megan Mccoy,East,Home,Gold,5,1965,65.84,7.93,303.09,2025-12-06
TXN-0009001,Anita Ruiz,Central,Electronics,Silver,5,1963,105.0,5.18,497.8,2025-09-01
TXN-0009002,Amber Moore,South,Sports,Gold,5,2002,58.97,14.05,253.42,2026-08-06
TXN-0009003,Amanda Allen,East,Sports,Bronze,2,2001,97.38,3.75,187.46,2026-01-25
TXN-0009004,Nathaniel Cummings,North,Clothing,Bronze,4,1999,31.63,11.08,112.5,2024-07-04
TXN-0009005,Todd Logan,North,Home,Gold,6,1990,95.22,18.12,467.8,2023-10-26
TXN-0009006,Samuel Peterson,West,Grocery,Gold,2,1972,14.68,18.78,23.85,2026-05-30
TXN-0009007,Jamie Kelly,North,Sports,Gold,3,1975,56.46,7.63,156.46,2026-09-24
TXN-0009008,Luis Brown,East,Home,Platinum,3,1996,48.97,21.17,115.81,2025-12-07
TXN-0009009,Victor Rodriguez,West,Electronics,Silver,6,2004,157.54,9.2,858.28,2024-07-13
TXN-0009010,Scott Wright,North,Grocery,Silver,6,1963,9.88,2.72,57.67,2026-03-12
TXN-0009011,Patrick Rodriguez,East,Electronics,Gold,5,1982,145.03,12.17,636.9,2025-11-11
TXN-0009012,Brenda Weber,West,Grocery,Bronze,4,1981,20.28,4.84,77.19,2024-08-23
TXN-0009013,Jacqueline Young,Central,Home,Gold,4,1954,40.82,16.04,137.09,2026-07-20
TXN-0009014,Luke Potter,South,Home,Gold,4,1987,114.74,17.47,378.78,2025-09-22
TXN-0009015,David Delgado,Central,Electronics,Silver,2,1958,80.09,7.46,148.23,2024-11-17
TXN-0009016,Christine Shelton,West,Home,Bronze,2,1952,169.93,0.11,339.49,2026-06-14
TXN-0009017,Mrs. Mary Edwards,West,Home,Silver,6,1981,84.09,9.13,458.48,2026-01-02
TXN-0009018,Alyssa Johnson,South,Clothing,Gold,8,1954,40.66,13.71,280.68,2026-05-09
TXN-0009019,Alan Taylor,West,Electronics,Bronze,5,2003,171.89,3.64,828.17,2025-08-01
TXN-0009020,Alexis Alexander,West,Electronics,Bronze,3,1950,116.72,0.0,350.16,2026-02-23
TXN-0009021,Erica Duarte,South,Grocery,Silver,2,2005,7.69,7.02,14.3,2026-05-28
TXN-0009022,Elizabeth Briggs,Central,Home,Gold,3,2007,134.05,14.5,343.84,2023-12-30
TXN-0009023,Christopher Cantu,Central,Grocery,Silver,2,2006,15.94,7.02,29.64,2025-12-17
TXN-0009024,Jennifer Mitchell,East,Home,Silver,5,1969,92.42,6.55,431.83,2024-08-04
TXN-0009025,Dr. Dawn Taylor,West,Grocery,Bronze,2,1976,16.99,1.54,33.46,2025-04-15
TXN-0009026,Sara Riley,East,Home,Silver,2,1964,67.3,3.94,129.3,2025-09-15
TXN-0009027,Christopher Campbell,West,Electronics,Gold,6,2005,108.23,16.02,545.35,2024-05-14
TXN-0009028,Gabriel Woods,West,Electronics,Bronze,2,1966,206.54,0.97,409.07,2024-10-05
TXN-0009029,Christopher Johnson,North,Electronics,Bronze,3,1981,191.43,0.0,574.29,2024-05-18
TXN-0009030,Robert Rosario,North,Grocery,Bronze,1,2005,17.73,0.0,17.73,2026-08-27
TXN-0009031,Christine Murray,South,Grocery,Bronze,4,1951,25.74,0.0,102.96,2025-01-06
TXN-0009032,James White,Central,Grocery,Bronze,3,1946,17.54,0.86,52.17,2025-08-04
TXN-0009033,William Hansen,South,Grocery,Gold,3,1966,26.62,10.73,71.29,2025-06-26
TXN-0009034,Leslie Zamora,Central,Grocery,Silver,8,2003,30.17,6.62,225.38,2025-02-04
TXN-0009035,Tiffany Evans,East,Sports,Silver,4,1953,109.55,7.69,404.5,2024-01-06
TXN-0009036,Tiffany Cruz,South,Grocery,Silver,5,1981,20.78,4.23,99.51,2026-06-08
TXN-0009037,Lori Jones,Central,Clothing,Gold,1,1988,38.63,13.18,33.54,2024-08-09
TXN-0009038,Lauren Edwards,East,Electronics,Bronze,2,1978,186.86,4.33,357.54,2025-06-29
TXN-0009039,Mary Carter,South,Home,Bronze,2,1968,76.24,0.75,151.34,2024-11-15
TXN-0009040,David Morris,North,Grocery,Bronze,3,1966,23.16,4.31,66.49,2024-12-16
TXN-0009041,Kevin Johnson,North,Home,Platinum,3,1963,158.41,24.63,358.18,2026-06-27
TXN-0009042,Jacob Turner,North,Clothing,Silver,2,1946,53.29,3.7,102.64,2024-06-03
TXN-0009043,Shawn Nash,South,Grocery,Silver,2,2002,12.16,8.03,22.37,2024-10-30
TXN-0009044,Kathleen Diaz,East,Clothing,Bronze,6,1998,70.3,9.12,383.33,2026-08-29
TXN-0009045,Steve Cobb,South,Clothing,Bronze,2,1997,54.84,2.84,106.57,2026-04-18
TXN-0009046,Julie Freeman,North,Grocery,Platinum,7,1978,30.82,17.11,178.83,2024-09-28
TXN-0009047,Pamela Martinez,South,Home,Silver,3,1964,91.72,8.71,251.19,2025-06-19
TXN-0009048,Jaime Mcmillan,South,Clothing,Silver,5,1945,53.66,6.41,251.1,2024-10-02
TXN-0009049,Lisa Molina,Central,Clothing,Gold,5,1989,56.88,8.57,260.03,2024-03-22
TXN-0009050,Charles May,South,Home,Silver,5,1989,100.25,6.41,469.12,2024-05-17
TXN-0009051,Andrew Anderson,North,Clothing,Bronze,4,2000,27.49,0.0,109.96,2024-07-22
TXN-0009052,Alyssa Salinas,East,Electronics,Bronze,5,1971,120.44,0.0,602.2,2023-11-10
TXN-0009053,Billy Webb,Central,Home,Bronze,3,1986,132.59,5.04,377.72,2024-10-13
TXN-0009054,Sandra Simpson,West,Grocery,Platinum,5,1969,14.33,11.81,63.19,2025-01-22
TXN-0009055,Samuel Williams,West,Electronics,Gold,5,2005,158.38,17.89,650.23,2025-09-18
TXN-0009056,Jason Walker,Central,Home,Bronze,5,1948,83.06,3.99,398.73,2025-10-21
TXN-0009057,Paul Matthews,East,Home,Gold,3,1980,70.77,18.23,173.61,2026-02-13
TXN-0009058,Michael Miller,Central,Clothing,Bronze,4,1987,51.99,7.83,191.68,2025-08-05
TXN-0009059,Hannah Morris,North,Clothing,Bronze,3,1948,38.46,5.93,108.54,2025-07-14
TXN-0009060,Gregory Holland,West,Clothing,Bronze,3,1985,32.75,0.5,97.76,2026-06-28
TXN-0009061,Michelle Estrada,West,Clothing,Gold,3,2005,59.11,10.83,158.13,2023-11-24
TXN-0009062,Calvin Hoffman,Central,Grocery,Bronze,3,2006,31.64,2.4,92.64,2024-08-06
TXN-0009063,Michael Shaw,East,Home,Bronze,5,1949,116.9,5.48,552.47,2024-06-01
TXN-0009064,Tina Frazier,West,Sports,Bronze,2,1951,98.13,8.63,179.32,2024-11-24
TXN-0009065,Stephen Meyer,North,Clothing,Bronze,1,1974,79.55,0.0,79.55,2024-04-26
TXN-0009066,Hannah Newton,East,Grocery,Silver,1,2004,19.34,9.84,17.44,2023-11-12
TXN-0009067,Frederick Houston,South,Home,Bronze,1,1971,90.75,2.14,88.81,2024-11-02
TXN-0009068,Angela Fisher,East,Grocery,Gold,6,1975,13.32,13.15,69.41,2024-12-02
TXN-0009069,Lauren Turner,West,Sports,Platinum,4,1989,98.83,22.28,307.24,2026-07-17
TXN-0009070,David Villa,South,Home,Bronze,4,1948,99.17,0.0,396.68,2026-01-30
TXN-0009071,David Fowler,South,Home,Platinum,7,1998,70.73,20.1,395.59,2024-06-27
TXN-0009072,Stephen Edwards,South,Sports,Gold,2,1992,67.17,8.67,122.69,2026-06-24
TXN-0009073,Audrey Knox,West,Sports,Gold,2,2007,50.56,15.57,85.38,2023-12-02
TXN-0009074,Kevin Perry,West,Sports,Bronze,4,1971,90.14,3.1,349.38,2025-10-21
TXN-0009075,Carlos Escobar,West,Electronics,Gold,2,1993,274.75,18.93,445.48,2023-10-28
TXN-0009076,Kayla Brooks,North,Electronics,Silver,2,1950,107.75,12.23,189.14,2023-12-22
TXN-0009077,Andrea Anderson,West,Clothing,Bronze,1,1963,79.29,0.0,79.29,2024-02-05
TXN-0009078,Margaret Jordan,West,Grocery,Gold,7,1952,27.48,13.97,165.49,2025-01-27
TXN-0009079,Sarah Mcclain,North,Electronics,Bronze,2,1983,106.5,7.65,196.71,2026-04-19
TXN-0009080,Olivia Wiley,South,Clothing,Gold,3,2005,26.67,14.68,68.26,2025-01-02
TXN-0009081,Kristen Fox,East,Home,Silver,1,1993,92.0,9.54,83.22,2024-01-04
TXN-0009082,Samantha Burton,South,Electronics,Silver,2,1986,150.56,12.79,262.61,2025-06-21
TXN-0009083,Nancy Miller MD,North,Grocery,Bronze,5,1989,16.66,7.23,77.28,2025-04-14
TXN-0009084,Gregory Simpson,South,Electronics,Gold,4,2005,237.34,13.78,818.54,2026-08-06
TXN-0009085,Michael Price,North,Grocery,Bronze,5,1988,15.91,5.87,74.88,2026-07-15
TXN-0009086,Virginia White,North,Clothing,Gold,4,1993,128.26,16.29,429.47,2024-02-15
TXN-0009087,Justin Miller,South,Home,Silver,2,1961,52.58,13.06,91.43,2025-06-05
TXN-0009088,David Pugh,West,Home,Bronze,4,1984,66.44,2.52,259.06,2024-05-03
TXN-0009089,Douglas Willis,East,Clothing,Silver,1,1988,40.53,11.6,35.83,2024-09-28
TXN-0009090,Alexandra Freeman,South,Clothing,Platinum,7,1952,51.51,18.77,292.89,2024-03-19
TXN-0009091,Brian Obrien,West,Grocery,Gold,8,1989,29.59,14.84,201.59,2026-03-02
TXN-0009092,Kathryn Coleman,East,Home,Bronze,2,1973,60.88,5.36,115.23,2025-11-13
TXN-0009093,Michael Smith,North,Electronics,Bronze,1,2006,116.62,4.65,111.2,2024-04-02
TXN-0009094,Mary Perez,South,Grocery,Bronze,3,1960,14.41,3.34,41.79,2025-12-16
TXN-0009095,Jason Hernandez,South,Electronics,Gold,5,1975,155.05,13.16,673.23,2026-07-25
TXN-0009096,Jason Bailey,East,Home,Bronze,6,1955,95.24,4.76,544.24,2026-03-17
TXN-0009097,Martin Gomez,East,Home,Bronze,6,1948,78.51,4.07,451.89,2025-12-21
TXN-0009098,James Simon,South,Home,Bronze,1,1976,57.32,2.64,55.81,2024-10-23
TXN-0009099,Lawrence Parker,East,Electronics,Platinum,6,2005,154.64,22.62,717.96,2025-11-07
TXN-0009100,Robert Hobbs,Central,Clothing,Bronze,3,1964,90.84,0.0,272.52,2024-02-15
TXN-0009101,Michelle Robinson,South,Electronics,Silver,2,2000,220.43,8.73,402.37,2024-10-01
TXN-0009102,Julie Smith,East,Clothing,Bronze,2,2005,46.87,0.0,93.74,2026-04-16
TXN-0009103,Elizabeth Mills,East,Home,Silver,3,1996,92.28,4.14,265.38,2024-04-04
TXN-0009104,Elizabeth Neal,West,Grocery,Silver,4,1946,21.44,8.38,78.57,2025-01-26
TXN-0009105,Paul Nguyen,West,Electronics,Gold,3,1990,218.09,13.03,569.02,2025-02-20
TXN-0009106,Crystal Peterson,West,Electronics,Silver,6,1946,273.76,1.29,1621.37,2026-03-23
TXN-0009107,Brian Robertson,South,Grocery,Bronze,2,1961,19.77,0.0,39.54,2025-05-25
TXN-0009108,Alexandria Sanchez,East,Home,Bronze,8,1984,59.7,0.98,472.92,2024-09-28
TXN-0009109,April Cameron,West,Grocery,Bronze,3,2004,10.53,0.0,31.59,2025-07-15
TXN-0009110,Megan Cortez,South,Electronics,Bronze,2,1950,197.59,0.0,395.18,2024-08-31
TXN-0009111,Melvin Gutierrez,Central,Electronics,Platinum,11,2005,96.41,18.04,869.19,2024-05-09
TXN-0009112,Austin Rogers,South,Clothing,Silver,6,1979,73.17,10.15,394.46,2024-03-11
TXN-0009113,Tracy Baxter,East,Home,Gold,5,1991,73.05,8.98,332.45,2024-06-26
TXN-0009114,Anna Conrad,East,Home,Bronze,2,1996,58.82,0.0,117.64,2024-08-25
TXN-0009115,Angela Washington,South,Electronics,Gold,4,1976,191.49,17.73,630.16,2024-11-27
TXN-0009116,Rhonda Clark,West,Electronics,Gold,4,1952,111.85,16.0,375.82,2025-08-10
TXN-0009117,James Perez,North,Grocery,Silver,6,1994,21.23,8.28,116.83,2025-06-23
TXN-0009118,Teresa Torres,East,Clothing,Bronze,1,1949,58.63,1.88,57.53,2024-10-27
TXN-0009119,Benjamin Sanchez,East,Grocery,Gold,3,1953,9.25,20.32,22.11,2026-03-31
TXN-0009120,Samuel Perkins,West,Clothing,Gold,2,2004,90.29,14.13,155.06,2023-12-23
TXN-0009121,Adam Harris,East,Clothing,Bronze,2,2002,86.5,2.3,169.02,2025-10-28
TXN-0009122,Lisa Love,Central,Electronics,Platinum,4,1999,223.23,19.38,719.87,2026-01-03
TXN-0009123,Lindsay Travis,Central,Sports,Gold,5,2004,105.42,14.53,450.51,2025-05-02
TXN-0009124,Danny Ward,South,Electronics,Bronze,2,1960,123.98,0.0,247.96,2026-09-18
TXN-0009125,Michael Wade,West,Electronics,Bronze,3,2006,240.06,5.9,677.69,2024-03-21
TXN-0009126,Curtis Page,Central,Grocery,Bronze,3,1975,23.47,6.56,65.79,2025-01-31
TXN-0009127,Beth Norris,South,Electronics,Silver,3,1951,76.93,11.46,204.34,2026-01-22
TXN-0009128,Erin Hayes,East,Clothing,Gold,7,1954,39.23,12.84,239.35,2025-07-17
TXN-0009129,Mark Williams,South,Clothing,Gold,3,1989,42.18,14.32,108.42,2025-10-04
TXN-0009130,Rachel Wright,East,Grocery,Bronze,2,1997,30.19,0.0,60.38,2026-08-23
TXN-0009131,Jonathan Peters,North,Clothing,Silver,4,1969,39.22,2.61,152.79,2024-10-14
TXN-0009132,Austin Haynes,West,Grocery,Silver,2,1957,14.66,9.7,26.48,2024-12-02
TXN-0009133,Erin Campbell,South,Grocery,Silver,2,1958,11.48,10.2,20.62,2024-05-10
TXN-0009134,Dorothy Weaver,East,Home,Silver,4,1997,76.15,0.9,301.86,2025-04-13
TXN-0009135,Henry Lloyd,North,Clothing,Silver,4,1996,78.99,2.51,308.03,2025-10-05
TXN-0009136,Kathy Romero,West,Grocery,Bronze,1,1960,10.94,0.0,10.94,2025-04-21
TXN-0009137,Susan Meadows,East,Grocery,Bronze,3,1947,21.23,3.21,61.65,2025-01-18
TXN-0009138,Bryan Matthews,East,Grocery,Gold,4,1951,13.24,11.49,46.87,2023-10-30
TXN-0009139,Jason Andrews,South,Electronics,Bronze,1,1970,309.33,0.0,309.33,2026-06-26
TXN-0009140,Nicholas Russell,North,Grocery,Silver,2,1958,18.74,5.9,35.27,2026-04-26
TXN-0009141,Jason Reed,South,Grocery,Platinum,2,1973,17.48,18.85,28.37,2023-11-21
TXN-0009142,Whitney Benjamin,Central,Sports,Gold,2,1979,61.2,16.18,102.6,2026-07-22
TXN-0009143,Renee Hughes,South,Clothing,Silver,6,1950,59.3,6.07,334.2,2023-12-21
TXN-0009144,Mary Douglas,West,Grocery,Bronze,4,2000,10.76,7.12,39.98,2026-09-04
TXN-0009145,Kristy Olsen,North,Grocery,Silver,3,1994,18.62,0.0,55.86,2026-08-06
TXN-0009146,Tina Hart,West,Grocery,Silver,3,1947,14.66,8.6,40.2,2024-10-04
TXN-0009147,Deborah Osborne,South,Grocery,Bronze,3,1972,14.44,9.35,39.27,2024-10-24
TXN-0009148,Samuel Olsen,East,Grocery,Bronze,2,1954,37.01,1.53,72.89,2026-02-02
TXN-0009149,Erica Castillo,South,Clothing,Bronze,3,1996,89.9,1.02,266.95,2025-05-17
TXN-0009150,Jennifer Foster,North,Electronics,Silver,5,1979,266.74,4.68,1271.28,2025-01-20
TXN-0009151,Cynthia Daniels,South,Clothing,Platinum,6,1956,74.06,14.9,378.15,2026-06-16
TXN-0009152,Gwendolyn Morgan,South,Grocery,Silver,4,1950,20.76,10.7,74.15,2026-09-20
TXN-0009153,Tina Sexton,East,Electronics,Bronze,1,1965,267.44,0.0,267.44,2025-04-13
TXN-0009154,Lauren Davis,Central,Home,Bronze,3,1966,100.95,5.17,287.19,2026-08-27
TXN-0009155,Gregory Ross,East,Sports,Silver,3,1964,93.12,8.37,255.98,2024-04-04
TXN-0009156,Cody Shah,Central,Sports,Silver,3,1968,121.86,9.3,331.58,2026-01-05
TXN-0009157,Marilyn Figueroa,East,Grocery,Bronze,6,1953,23.95,0.0,143.7,2024-09-29
TXN-0009158,Tina Sherman,North,Grocery,Platinum,7,1975,21.02,21.2,115.95,2025-08-15
TXN-0009159,Janet Smith,South,Electronics,Gold,5,1963,211.38,13.02,919.29,2025-05-23
TXN-0009160,Richard Miller,South,Home,Gold,3,1990,93.57,13.67,242.34,2023-10-10
TXN-0009161,Amanda Reyes,South,Home,Silver,3,1993,107.51,0.0,322.53,2025-05-30
TXN-0009162,Erin Hall,West,Grocery,Gold,6,1960,22.24,14.84,113.64,2024-10-28
TXN-0009163,Joseph Nichols,West,Clothing,Silver,2,1953,35.7,14.82,60.82,2025-01-07
TXN-0009164,Jessica Smith MD,East,Electronics,Silver,5,1965,123.65,2.53,602.61,2024-02-15
TXN-0009165,Stephanie House,East,Grocery,Bronze,1,1953,23.22,5.31,21.99,2024-09-27
TXN-0009166,Krista Dunn,South,Home,Bronze,2,1972,94.25,1.18,186.28,2025-01-02
TXN-0009167,Brooke Chang,East,Grocery,Bronze,3,2003,17.89,0.0,53.67,2024-08-19
TXN-0009168,Jessica Phelps,North,Home,Gold,6,1969,99.74,10.54,535.36,2024-06-02
TXN-0009169,Daniel Martin,North,Grocery,Silver,5,1999,8.99,12.11,39.51,2025-08-09
TXN-0009170,Matthew Walker,South,Home,Platinum,3,1990,84.82,21.01,201.0,2026-06-04
TXN-0009171,Kathy Benitez,North,Grocery,Silver,3,1999,17.01,6.56,47.68,2025-02-01
TXN-0009172,Jason Smith,West,Grocery,Bronze,4,1947,19.17,0.0,76.68,2026-06-25
TXN-0009173,Lauren Horton,North,Clothing,Silver,3,1989,74.19,8.93,202.69,2025-06-20
TXN-0009174,Matthew Nguyen,North,Clothing,Bronze,5,1954,48.4,5.78,228.01,2023-11-19
TXN-0009175,Sara Bradford,Central,Sports,Gold,3,1983,120.06,14.06,309.54,2024-11-26
TXN-0009176,Katherine Johnson,Central,Electronics,Bronze,1,1953,113.8,0.0,113.8,2024-01-30
TXN-0009177,Robert Harris,East,Grocery,Bronze,5,1999,22.95,3.84,110.34,2025-10-30
TXN-0009178,James Swanson,East,Electronics,Silver,3,1978,133.42,13.51,346.18,2025-09-28
TXN-0009179,Tracy Vang,West,Grocery,Gold,2,1981,27.09,12.44,47.44,2025-06-30
TXN-0009180,Jeffery Pierce,North,Electronics,Silver,6,1950,172.86,10.63,926.91,2025-02-25
TXN-0009181,Nicole Allen,South,Home,Bronze,2,1964,59.01,1.22,116.58,2025-07-15
TXN-0009182,Nicole Holmes,North,Home,Gold,6,1949,93.31,12.37,490.61,2024-03-01
TXN-0009183,Kimberly Brown,South,Electronics,Bronze,1,1999,184.08,2.72,179.07,2024-06-03
TXN-0009184,Daniel Davis,Central,Home,Silver,3,1994,97.39,5.74,275.4,2026-09-17
TXN-0009185,Rebecca Henderson,West,Grocery,Silver,2,1984,20.2,5.4,38.22,2024-11-06
TXN-0009186,Bethany Nelson,Central,Grocery,Bronze,1,2006,16.64,2.07,16.3,2025-11-22
TXN-0009187,Jordan Williams Jr.,West,Sports,Silver,4,1999,61.67,10.38,221.07,2024-01-09
TXN-0009188,Anthony Smith,East,Grocery,Bronze,2,1947,10.13,2.29,19.8,2025-03-27
TXN-0009189,Edward Martinez,West,Home,Bronze,4,2000,110.37,1.87,433.22,2025-07-12
TXN-0009190,Richard Mack,West,Home,Silver,3,1955,107.5,7.69,297.7,2026-04-20
TXN-0009191,Alexander Hendricks,East,Sports,Bronze,2,1953,146.35,7.55,270.6,2026-01-25
TXN-0009192,Tracy Schaefer,South,Home,Bronze,2,1977,88.7,0.0,177.4,2025-02-16
TXN-0009193,Joseph Hurley,East,Clothing,Silver,5,1984,60.61,9.35,274.71,2025-09-01
TXN-0009194,Jeremy Chang,South,Grocery,Gold,2,2001,18.98,15.95,31.91,2026-09-11
TXN-0009195,Eric Crawford,East,Sports,Gold,6,1977,101.57,12.43,533.67,2023-11-09
TXN-0009196,James Armstrong,North,Home,Gold,3,1976,75.17,17.3,186.5,2023-12-17
TXN-0009197,Makayla Johnson,East,Electronics,Silver,2,1950,168.66,10.29,302.61,2026-06-20
TXN-0009198,Ashley Rodriguez,South,Home,Bronze,5,1968,90.86,4.93,431.9,2026-06-20
TXN-0009199,Theresa Gray,South,Grocery,Silver,6,1957,23.35,2.55,136.53,2024-07-09
TXN-0009200,Daniel Rodriguez,East,Clothing,Gold,4,1997,119.7,11.13,425.51,2026-06-02
TXN-0009201,Hayley Martinez,North,Grocery,Silver,5,1968,20.21,4.66,96.34,2025-08-16
TXN-0009202,Marcia Pena,Central,Home,Platinum,7,1993,54.28,22.53,294.36,2026-06-19
TXN-0009203,Heather Jones,East,Clothing,Silver,4,1948,36.49,10.16,131.13,2024-04-26
TXN-0009204,Steven Douglas,South,Home,Bronze,5,1995,130.21,1.12,643.76,2023-10-02
TXN-0009205,Harry Evans,North,Clothing,Gold,5,1984,30.72,12.13,134.97,2025-06-11
TXN-0009206,Laura Martin,West,Grocery,Bronze,4,1959,20.11,9.78,72.57,2024-08-03
TXN-0009207,Amy White,East,Electronics,Platinum,8,1993,123.9,20.7,786.02,2026-05-31
TXN-0009208,Lisa Rodgers,South,Grocery,Bronze,4,1985,46.28,3.61,178.44,2025-01-14
TXN-0009209,Monica Perez,South,Clothing,Silver,1,1985,35.98,6.18,33.76,2025-01-27
TXN-0009210,Danielle Daniels,West,Sports,Silver,4,1956,59.49,11.67,210.19,2026-03-10
TXN-0009211,Jason Mcdonald,Central,Grocery,Bronze,3,1974,23.66,3.45,68.53,2024-02-02
TXN-0009212,Amanda Chen,South,Clothing,Silver,5,1973,50.71,7.64,234.18,2024-03-18
TXN-0009213,Sarah Mills,North,Sports,Bronze,4,1957,58.31,2.79,226.73,2024-05-30
TXN-0009214,Stephanie Monroe,North,Home,Bronze,2,1997,64.19,0.56,127.66,2024-10-19
TXN-0009215,Priscilla Decker,North,Home,Bronze,3,1983,71.51,0.0,214.53,2025-12-08
TXN-0009216,Daniel Salazar,West,Sports,Gold,9,1995,54.61,13.03,427.45,2026-07-02
TXN-0009217,Krista Ferguson,Central,Sports,Gold,8,2005,74.67,18.44,487.21,2024-04-17
TXN-0009218,Michael Delgado,Central,Grocery,Bronze,1,1979,35.31,1.0,34.96,2026-04-07
TXN-0009219,Brett Gonzalez,West,Sports,Gold,1,1964,154.37,16.7,128.59,2026-08-28
TXN-0009220,Michael Carroll,North,Clothing,Gold,4,1993,112.52,11.63,397.74,2025-06-26
TXN-0009221,Marcus Sutton,Central,Electronics,Bronze,2,1981,152.87,0.0,305.74,2025-02-05
TXN-0009222,Adam Cruz,South,Electronics,Platinum,5,1949,205.56,18.17,841.05,2025-08-29
TXN-0009223,Jordan Rich,South,Clothing,Bronze,1,1966,57.5,0.0,57.5,2025-10-10
TXN-0009224,Gregory Parker,West,Home,Gold,5,1997,67.53,15.62,284.91,2024-04-22
TXN-0009225,Gabriel Walker,North,Clothing,Silver,5,1980,29.25,0.59,145.39,2024-11-05
TXN-0009226,Ashley Hess,West,Home,Platinum,3,1995,48.57,20.29,116.15,2024-06-23
TXN-0009227,Amy Kim,Central,Electronics,Bronze,5,2006,168.93,0.0,844.65,2026-08-30
TXN-0009228,Ryan Snyder,West,Clothing,Bronze,2,1991,34.13,0.0,68.26,2026-04-06
TXN-0009229,Victoria Casey,West,Grocery,Gold,5,1964,13.63,16.04,57.22,2025-02-17
TXN-0009230,Kristin Lawson,South,Electronics,Silver,10,1954,182.06,6.59,1700.62,2024-12-08
TXN-0009231,Shelly Brown,North,Grocery,Silver,5,1958,7.96,6.9,37.05,2024-08-01
TXN-0009232,Wayne Ritter,West,Grocery,Silver,2,1958,30.09,6.68,56.16,2024-02-06
TXN-0009233,Jeffrey Johnson,East,Home,Silver,5,1972,91.68,5.62,432.64,2025-07-02
TXN-0009234,Nicole Lopez,Central,Sports,Bronze,3,1958,65.74,0.0,197.22,2025-04-21
TXN-0009235,Alexandria Butler,North,Sports,Bronze,3,1991,59.98,0.0,179.94,2024-07-06
TXN-0009236,John Olson,South,Electronics,Bronze,5,1988,188.8,3.34,912.47,2025-05-31
TXN-0009237,Maria Adams,South,Grocery,Bronze,2,1951,12.84,3.06,24.89,2025-05-06
TXN-0009238,Mary Thompson,West,Electronics,Gold,3,1962,254.02,17.01,632.43,2026-03-02
TXN-0009239,Paul Marshall,West,Clothing,Bronze,2,1951,74.51,3.41,143.94,2024-09-10
TXN-0009240,Jared Johnston,Central,Home,Silver,2,1953,69.84,5.43,132.1,2023-10-30
TXN-0009241,Travis Wolfe,South,Grocery,Bronze,4,1983,16.81,1.44,66.27,2023-11-02
TXN-0009242,Patrick Stewart,East,Grocery,Gold,3,1980,27.52,15.01,70.17,2026-02-11
TXN-0009243,Ralph Kelly,North,Grocery,Bronze,4,1959,20.75,5.86,78.14,2026-06-29
TXN-0009244,Valerie Phillips,South,Grocery,Bronze,1,1967,16.63,0.6,16.53,2026-05-05
TXN-0009245,Samantha Schmidt,South,Home,Gold,3,2002,69.36,16.88,172.96,2026-05-28
TXN-0009246,Mrs. Michelle Pena,East,Electronics,Bronze,2,1975,153.83,1.74,302.31,2024-09-17
TXN-0009247,Laura Williams,East,Electronics,Gold,6,1996,138.44,10.69,741.84,2024-02-13
TXN-0009248,Joseph Vaughan,South,Home,Bronze,4,1991,100.28,0.0,401.12,2025-09-15
TXN-0009249,Ashley Rodriguez,East,Grocery,Gold,7,1963,16.13,12.01,99.35,2024-07-31
TXN-0009250,Karen Wright,West,Electronics,Bronze,2,1959,114.04,1.96,223.61,2024-11-07
TXN-0009251,Sean Jones,South,Clothing,Bronze,2,2002,80.76,6.03,151.78,2026-09-21
TXN-0009252,Dustin Fisher,South,Clothing,Silver,3,2002,66.52,13.61,172.4,2024-06-16
TXN-0009253,Mariah Brown MD,West,Home,Silver,3,1955,63.48,6.26,178.52,2023-12-14
TXN-0009254,Wanda Smith,West,Clothing,Gold,3,1990,44.74,8.17,123.25,2025-06-11
TXN-0009255,Christina Moss,West,Electronics,Bronze,4,1955,205.13,0.0,820.52,2026-05-15
TXN-0009256,Shannon Walker MD,South,Electronics,Silver,5,1996,119.3,5.95,561.01,2025-07-25
TXN-0009257,Cassandra Washington,East,Clothing,Bronze,7,1946,51.82,2.98,351.93,2026-04-17
TXN-0009258,Jessica Wright,Central,Home,Gold,5,1971,81.29,6.72,379.14,2024-11-05
TXN-0009259,Nicole Yoder,South,Sports,Platinum,5,1967,58.23,23.71,222.12,2024-05-16
TXN-0009260,Michael Dickerson,South,Electronics,Bronze,3,1981,110.35,0.0,331.05,2024-02-13
TXN-0009261,Laura Sanchez,Central,Home,Bronze,1,1993,88.29,3.08,85.57,2025-04-21
TXN-0009262,Stacey Taylor,North,Home,Gold,3,1994,64.99,12.58,170.44,2024-06-18
TXN-0009263,Jodi Morgan,West,Home,Gold,1,1967,73.04,10.67,65.25,2026-02-25
TXN-0009264,Spencer Rogers,West,Clothing,Silver,3,1947,74.04,11.7,196.13,2024-03-28
TXN-0009265,Joseph Cisneros,North,Electronics,Silver,2,2003,124.49,5.43,235.46,2023-10-19
TXN-0009266,Corey Stephens,West,Sports,Gold,4,1968,88.02,9.66,318.07,2025-12-22
TXN-0009267,Christina Martin,East,Sports,Bronze,6,2003,104.85,3.87,604.75,2025-08-03
TXN-0009268,Michael Russo,West,Clothing,Platinum,6,1952,52.98,23.09,244.48,2025-09-01
TXN-0009269,Brandon Rodriguez,Central,Home,Gold,4,1991,107.58,12.31,377.35,2026-08-09
TXN-0009270,Megan Mejia,Central,Electronics,Gold,3,1995,118.54,13.65,307.08,2025-11-03
TXN-0009271,Melissa Blankenship,North,Electronics,Gold,5,1957,207.39,16.37,867.2,2024-03-30
TXN-0009272,Timothy Benjamin,West,Electronics,Platinum,4,2006,200.53,19.27,647.55,2024-09-10
TXN-0009273,Jason Trujillo,Central,Grocery,Bronze,2,1949,29.95,1.14,59.22,2024-08-08
TXN-0009274,Yolanda Chen,East,Electronics,Gold,4,2001,241.13,15.76,812.51,2024-07-20
TXN-0009275,Michael Cooper,East,Electronics,Bronze,6,1960,175.52,1.49,1037.43,2024-11-14
TXN-0009276,Julie Todd PhD,North,Electronics,Bronze,2,2002,420.44,0.0,840.88,2024-12-18
TXN-0009277,Jennifer Davis,West,Electronics,Bronze,4,1964,218.0,1.99,854.65,2025-11-03
TXN-0009278,Chelsea Martinez DDS,North,Clothing,Bronze,1,1968,85.87,0.0,85.87,2025-05-13
TXN-0009279,Kenneth Ramirez,South,Home,Silver,6,1982,76.59,6.77,428.43,2024-04-17
TXN-0009280,Michelle Thompson,Central,Home,Silver,8,1977,79.1,10.39,567.05,2025-07-29
TXN-0009281,Courtney Dixon,Central,Home,Bronze,3,2000,92.31,0.0,276.93,2024-08-13
TXN-0009282,Sharon Duran,Central,Home,Bronze,3,1969,63.37,1.85,186.59,2026-04-17
TXN-0009283,Cathy Allen,East,Grocery,Bronze,2,1967,18.24,4.09,34.99,2024-08-27
TXN-0009284,Sharon Davis,North,Clothing,Silver,5,1968,54.25,6.8,252.8,2024-12-10
TXN-0009285,Denise Richardson,East,Electronics,Silver,5,1979,234.66,11.88,1033.91,2026-08-14
TXN-0009286,Joshua Martin,North,Grocery,Silver,6,1945,27.08,7.21,150.77,2024-07-18
TXN-0009287,Kendra Nielsen,Central,Grocery,Gold,4,1978,18.78,14.37,64.33,2025-07-08
TXN-0009288,Dean Smith,East,Home,Silver,2,1982,78.99,11.85,139.26,2024-07-04
TXN-0009289,Hannah Walker,South,Clothing,Bronze,5,1969,102.93,3.82,494.99,2025-06-23
TXN-0009290,Thomas Wagner,North,Electronics,Silver,3,1996,93.98,6.95,262.35,2024-05-11
TXN-0009291,Connor Contreras,South,Electronics,Silver,5,1946,92.95,5.5,439.19,2023-11-11
TXN-0009292,Alexa Riggs,West,Grocery,Bronze,4,1970,21.3,1.48,83.94,2024-12-21
TXN-0009293,Nicole Bean,West,Home,Gold,4,1964,87.84,14.21,301.43,2024-11-07
TXN-0009294,Brett Clayton,North,Electronics,Bronze,7,1998,143.69,0.0,1005.83,2024-09-27
TXN-0009295,Michelle Pena,North,Electronics,Platinum,3,1989,84.35,24.62,190.75,2026-05-14
TXN-0009296,Charles Stevenson,South,Clothing,Bronze,2,1973,40.44,10.07,72.74,2025-08-28
TXN-0009297,Joseph Thompson,North,Clothing,Silver,3,1964,92.26,7.04,257.29,2024-10-17
TXN-0009298,Susan Edwards,Central,Home,Bronze,2,1985,142.23,0.0,284.46,2025-04-24
TXN-0009299,Mario Evans,West,Clothing,Gold,5,1991,72.53,15.73,305.61,2026-03-21
TXN-0009300,Michael Warren,North,Sports,Gold,6,1945,56.36,13.39,292.88,2026-08-25
TXN-0009301,Kimberly Clark,West,Grocery,Bronze,2,2007,16.02,4.35,30.65,2026-06-29
TXN-0009302,Sarah Stephens,South,Sports,Bronze,2,1984,65.15,1.9,127.82,2025-09-08
TXN-0009303,Kyle Curtis,South,Grocery,Silver,4,1970,14.2,10.34,50.93,2024-02-08
TXN-0009304,John Golden,East,Sports,Bronze,3,1963,61.99,0.0,185.97,2023-10-14
TXN-0009305,Daniel Sanders,North,Sports,Bronze,4,1985,72.4,3.48,279.52,2025-09-25
TXN-0009306,Samuel Carter,East,Clothing,Platinum,6,1995,32.81,21.13,155.26,2024-04-21
TXN-0009307,John Garner,West,Electronics,Silver,3,1998,241.88,8.43,664.47,2025-02-11
TXN-0009308,Brittany Hammond,Central,Electronics,Bronze,4,1945,152.59,4.76,581.31,2026-09-08
TXN-0009309,Daniel Zamora,South,Home,Silver,6,1983,75.49,10.24,406.56,2025-06-06
TXN-0009310,Anthony Bryan,East,Grocery,Bronze,2,1951,10.37,0.0,20.74,2026-08-29
TXN-0009311,Stephen Porter,South,Electronics,Gold,1,1961,210.43,15.81,177.16,2024-08-22
TXN-0009312,Lynn Hamilton,East,Grocery,Bronze,3,1996,12.5,2.66,36.5,2025-05-15
TXN-0009313,Mrs. Marissa Walker DVM,South,Grocery,Bronze,2,1953,21.31,1.34,42.05,2025-07-16
TXN-0009314,Tommy Brown,East,Home,Bronze,3,1973,66.12,3.01,192.39,2026-04-12
TXN-0009315,Annette Jenkins,North,Clothing,Platinum,5,1945,57.24,20.85,226.53,2024-10-30
TXN-0009316,Jessica Rollins,Central,Electronics,Bronze,6,1961,102.14,2.35,598.44,2024-01-19
TXN-0009317,Kelly Cox,Central,Home,Silver,6,1978,84.79,0.85,504.42,2024-02-23
TXN-0009318,Benjamin Christensen,South,Electronics,Silver,3,1946,155.71,7.5,432.1,2026-02-09
TXN-0009319,Erin Gilbert,West,Home,Gold,6,2002,95.24,12.31,501.1,2023-12-28
TXN-0009320,Tiffany Hernandez,North,Clothing,Bronze,2,1967,74.93,3.22,145.03,2023-12-17
TXN-0009321,Heather Gallagher,West,Clothing,Gold,4,1948,65.9,12.82,229.81,2025-02-26
TXN-0009322,Aaron Collins,South,Clothing,Platinum,3,1995,95.05,27.45,206.88,2024-09-26
TXN-0009323,Andrew Simon,North,Home,Bronze,2,1947,54.55,1.31,107.67,2025-09-28
TXN-0009324,Nicole Singh,West,Clothing,Bronze,3,1978,114.35,0.0,343.05,2025-03-31
TXN-0009325,Catherine Price,East,Sports,Platinum,4,1964,104.23,19.66,334.95,2026-04-26
TXN-0009326,Jason Smith,East,Electronics,Silver,4,1952,137.05,5.44,518.38,2026-08-05
TXN-0009327,Dennis Keller,East,Sports,Gold,3,1966,106.02,13.73,274.39,2026-04-14
TXN-0009328,Ronald Weber,North,Electronics,Gold,4,1968,296.92,11.43,1051.93,2023-12-07
TXN-0009329,Michelle Vance,North,Electronics,Bronze,3,1967,236.18,4.22,678.64,2023-10-06
TXN-0009330,Erik Jones,East,Sports,Bronze,4,1966,53.08,1.95,208.18,2024-10-26
TXN-0009331,James Vasquez,East,Grocery,Bronze,3,1953,18.26,3.24,53.01,2025-11-19
TXN-0009332,Emma Ruiz,North,Home,Silver,2,1951,117.21,12.16,205.91,2026-05-17
TXN-0009333,Sarah Hernandez,South,Grocery,Silver,3,2005,17.8,7.24,49.53,2025-05-11
TXN-0009334,Gregory Golden,East,Clothing,Silver,4,1968,64.15,2.33,250.62,2025-01-09
TXN-0009335,Denise Prince,West,Grocery,Silver,3,2006,21.52,5.32,61.13,2025-06-02
TXN-0009336,Laura Reed,West,Electronics,Gold,8,1953,113.28,8.18,832.11,2026-08-05
TXN-0009337,Sarah Smith,South,Grocery,Bronze,4,1991,27.96,0.0,111.84,2025-04-26
TXN-0009338,Barry Buckley,East,Sports,Silver,2,1989,77.44,0.0,154.88,2024-04-20
TXN-0009339,Nicole Jensen,East,Grocery,Bronze,2,1979,17.72,4.94,33.69,2026-02-13
TXN-0009340,Christopher Stanley,South,Grocery,Bronze,3,1959,13.14,0.0,39.42,2023-11-30
TXN-0009341,Gregory Conrad,North,Grocery,Bronze,1,1959,16.54,4.52,15.79,2026-03-17
TXN-0009342,Jeffery Wallace,North,Home,Gold,5,1963,124.92,10.76,557.39,2024-07-02
TXN-0009343,Gerald Conrad,West,Clothing,Bronze,3,1988,59.81,1.05,177.55,2024-11-05
TXN-0009344,Paula Porter,South,Grocery,Bronze,2,1954,23.06,7.69,42.57,2024-06-17
TXN-0009345,Jesse Hodges,East,Home,Silver,3,1956,88.94,5.91,251.05,2025-11-18
TXN-0009346,Nicolas Jones,East,Clothing,Silver,3,1995,56.72,3.6,164.03,2025-11-01
TXN-0009347,Rebecca Tran,South,Grocery,Silver,4,1945,10.13,5.25,38.39,2025-03-07
TXN-0009348,Paul Riley,West,Electronics,Bronze,5,2003,183.49,0.0,917.45,2025-09-24
TXN-0009349,Robert White,West,Grocery,Bronze,5,1995,16.81,4.97,79.87,2024-04-19
TXN-0009350,Stephanie Jones,North,Grocery,Bronze,6,1957,20.11,3.93,115.92,2024-02-14
TXN-0009351,Catherine Hicks,West,Electronics,Bronze,2,1955,75.37,0.95,149.31,2025-02-01
TXN-0009352,Melanie Taylor,East,Electronics,Bronze,2,1978,388.32,4.69,740.22,2025-12-29
TXN-0009353,Shelley Kelley,South,Grocery,Silver,3,1972,18.47,9.09,50.37,2025-07-31
TXN-0009354,Robert Butler,West,Electronics,Gold,8,2002,188.06,12.03,1323.49,2024-05-05
TXN-0009355,Geoffrey Williams,West,Sports,Bronze,2,1965,85.89,2.85,166.88,2024-11-05
TXN-0009356,Anthony Doyle,South,Electronics,Bronze,2,2004,143.25,1.17,283.15,2024-03-27
TXN-0009357,Mrs. Nicole Greene,Central,Electronics,Gold,3,1980,185.45,10.69,496.88,2025-01-26
TXN-0009358,Kyle Allen,East,Electronics,Silver,4,1953,242.42,0.0,969.68,2023-12-05
TXN-0009359,Victor Christensen,East,Grocery,Silver,4,1970,19.16,5.99,72.05,2024-04-13
TXN-0009360,Patrick Jackson,North,Home,Gold,2,1982,121.54,12.94,211.63,2025-11-11
TXN-0009361,James Hernandez,South,Grocery,Silver,4,1963,23.56,2.09,92.27,2024-12-07
TXN-0009362,Kristina Wagner,East,Sports,Gold,5,1976,96.04,15.9,403.85,2025-04-10
TXN-0009363,Anthony Gaines,East,Home,Bronze,4,1986,172.02,1.17,680.03,2025-07-27
TXN-0009364,Tracy Franco,East,Electronics,Platinum,6,1970,181.02,21.42,853.47,2024-12-10
TXN-0009365,Mr. David Carlson,West,Electronics,Silver,6,1995,155.75,7.9,860.67,2024-11-09
TXN-0009366,Brittany Simon,South,Grocery,Bronze,5,1996,17.73,1.55,87.28,2026-05-07
TXN-0009367,Nancy Smith,West,Clothing,Silver,7,2005,63.46,4.92,422.36,2024-11-10
TXN-0009368,Alexander Jenkins,West,Sports,Bronze,5,1946,46.72,0.0,233.6,2025-12-09
TXN-0009369,Brendan Hawkins,West,Grocery,Silver,3,1954,29.38,0.99,87.27,2025-01-26
TXN-0009370,Sandra Garza,West,Home,Bronze,2,1998,82.64,7.04,153.64,2025-08-04
TXN-0009371,Francisco Smith,Central,Home,Silver,7,1998,87.15,8.06,560.88,2024-06-10
TXN-0009372,Nicole Nelson,North,Sports,Silver,1,1959,47.53,3.52,45.86,2025-01-30
TXN-0009373,Sarah Guerrero,West,Grocery,Silver,4,2007,18.7,8.89,68.15,2025-10-30
TXN-0009374,Alexis Edwards,Central,Grocery,Silver,4,1954,11.2,2.85,43.52,2024-05-19
TXN-0009375,Susan Owens,East,Clothing,Bronze,3,2002,30.52,4.02,87.88,2026-02-07
TXN-0009376,Anthony Williams,South,Home,Bronze,1,1984,69.7,3.42,67.32,2026-07-15
TXN-0009377,David Armstrong,Central,Clothing,Silver,3,2002,50.45,4.64,144.33,2026-06-13
TXN-0009378,Brian Jones,North,Sports,Silver,3,2004,55.55,1.37,164.37,2025-08-11
TXN-0009379,Todd Dickerson,South,Home,Gold,6,1954,99.47,11.16,530.21,2023-12-19
TXN-0009380,Curtis Scott,North,Grocery,Bronze,2,1977,27.65,2.26,54.05,2024-07-17
TXN-0009381,Michael Gordon,East,Electronics,Silver,5,1968,172.7,1.42,851.24,2024-05-15
TXN-0009382,Travis Foster,South,Grocery,Gold,3,2005,8.29,10.47,22.27,2023-12-21
TXN-0009383,Katelyn Clark,East,Clothing,Silver,2,2005,54.65,11.47,96.76,2024-09-19
TXN-0009384,Donald Gray,Central,Grocery,Bronze,1,1983,22.06,1.65,21.7,2024-07-08
TXN-0009385,Aaron Taylor,East,Electronics,Bronze,2,1962,140.55,11.16,249.73,2023-11-22
TXN-0009386,Nicholas Saunders,East,Sports,Gold,3,1982,83.76,14.43,215.02,2025-09-27
TXN-0009387,Rebecca Baker,Central,Grocery,Silver,3,1982,19.75,6.23,55.56,2024-11-05
TXN-0009388,Justin Daniels,West,Home,Bronze,4,1956,61.25,0.0,245.0,2024-06-08
TXN-0009389,Jose Clark,South,Clothing,Silver,5,1988,83.84,2.9,407.04,2025-09-22
TXN-0009390,Heather Mathews,North,Clothing,Bronze,1,1954,49.7,2.43,48.49,2025-08-05
TXN-0009391,Meghan Richards,East,Clothing,Silver,4,1949,49.02,5.22,185.84,2024-03-26
TXN-0009392,Eric Carpenter,West,Electronics,Platinum,4,1984,187.42,18.78,608.89,2025-11-04
TXN-0009393,Autumn Smith,East,Home,Platinum,7,1996,51.32,20.56,285.38,2023-11-30
TXN-0009394,Raymond Murphy,South,Home,Silver,6,1948,140.18,4.52,803.06,2025-08-13
TXN-0009395,Jacqueline Vaughn,West,Clothing,Gold,3,1983,39.0,15.93,98.36,2025-04-03
TXN-0009396,Justin Valentine,West,Grocery,Gold,10,2006,33.91,13.89,292.0,2026-02-15
TXN-0009397,Claire Yang,East,Clothing,Platinum,2,2005,81.58,17.85,134.04,2025-10-20
TXN-0009398,James Mills,West,Electronics,Gold,2,1962,112.34,13.74,193.81,2025-09-08
TXN-0009399,Chase Flowers,West,Grocery,Gold,4,2006,20.23,4.92,76.94,2025-11-01
TXN-0009400,Danielle Sanchez,West,Clothing,Bronze,6,1974,39.36,3.29,228.39,2024-03-20
TXN-0009401,Derek Bishop,West,Grocery,Bronze,3,1951,12.28,3.24,35.65,2024-05-14
TXN-0009402,Kaylee Campos,West,Sports,Bronze,4,1956,31.29,0.0,125.16,2024-04-07
TXN-0009403,Daniel Hanson,East,Grocery,Silver,5,1977,22.47,0.45,111.84,2025-03-24
TXN-0009404,Cynthia Richardson,East,Home,Platinum,5,1973,76.71,18.86,311.21,2024-02-20
TXN-0009405,Sonya Sanders,West,Home,Platinum,8,1952,118.46,17.73,779.66,2024-08-09
TXN-0009406,Kimberly Reed,East,Grocery,Gold,3,1959,19.48,12.76,50.98,2024-12-12
TXN-0009407,Robert Copeland,East,Grocery,Gold,5,1985,11.76,13.15,51.07,2024-07-04
TXN-0009408,Donna Grimes,North,Electronics,Silver,5,1997,214.76,12.32,941.51,2024-06-15
TXN-0009409,David Pacheco,West,Home,Silver,5,1970,107.94,5.71,508.88,2025-11-26
TXN-0009410,Nathan Gibson MD,East,Grocery,Silver,4,1948,15.22,9.09,55.35,2024-11-24
TXN-0009411,Christina Booth,South,Grocery,Bronze,4,1978,25.32,0.32,100.96,2026-02-18
TXN-0009412,Joel Hill,South,Electronics,Gold,2,1971,145.55,14.33,249.39,2026-07-24
TXN-0009413,Lisa Johnston,South,Clothing,Silver,4,1980,41.77,5.51,157.87,2026-03-25
TXN-0009414,Joseph Morrison,Central,Home,Bronze,6,1993,84.19,0.0,505.14,2024-08-22
TXN-0009415,Ricky Davila,West,Clothing,Silver,3,1990,48.32,4.81,137.99,2026-03-22
TXN-0009416,John Hayes,East,Grocery,Silver,4,2000,10.71,8.29,39.29,2023-10-04
TXN-0009417,Anna Noble,South,Home,Gold,3,1994,35.77,8.91,97.75,2025-12-23
TXN-0009418,Patricia King,West,Clothing,Gold,3,2005,97.88,13.24,254.76,2026-03-02
TXN-0009419,Daniel Prince,East,Clothing,Bronze,2,1972,81.75,3.09,158.45,2024-07-04
TXN-0009420,Sarah Carpenter,Central,Grocery,Gold,6,1948,30.2,14.14,155.58,2025-07-05
TXN-0009421,Kelly Reese,North,Grocery,Bronze,4,1979,24.68,4.55,94.23,2024-01-25
TXN-0009422,Brian Craig,North,Grocery,Bronze,3,1953,15.57,9.08,42.47,2024-10-14
TXN-0009423,Emily Weber,East,Sports,Silver,5,1951,70.52,2.5,343.78,2025-11-09
TXN-0009424,Daniel Wells,South,Sports,Gold,4,1960,60.45,11.63,213.68,2026-08-14
TXN-0009425,Candice Garcia,East,Home,Gold,6,1953,108.77,12.76,569.35,2024-02-21
TXN-0009426,Mary Hunter,West,Electronics,Bronze,1,2005,188.8,0.2,188.42,2025-02-19
TXN-0009427,Rebecca Byrd,North,Grocery,Silver,5,1980,15.96,11.05,70.98,2023-11-07
TXN-0009428,Thomas Chapman,East,Home,Gold,4,2006,104.92,17.32,346.99,2024-12-12
TXN-0009429,Jonathan White,West,Clothing,Platinum,7,1981,82.55,27.8,417.21,2026-08-21
TXN-0009430,Eric Jones,West,Sports,Bronze,4,1981,74.92,1.47,295.27,2026-08-20
TXN-0009431,Joshua Rivera,East,Clothing,Bronze,4,1949,36.6,0.0,146.4,2024-04-04
TXN-0009432,Sylvia Barnes DVM,South,Sports,Silver,1,1991,87.99,6.16,82.57,2025-06-01
TXN-0009433,Charles Murphy,East,Home,Gold,8,1975,58.66,9.58,424.32,2025-04-30
TXN-0009434,Christopher Decker,East,Electronics,Bronze,4,1974,120.55,4.87,458.72,2026-04-02
TXN-0009435,Briana Carrillo,West,Grocery,Silver,2,2004,19.83,9.61,35.85,2024-03-10
TXN-0009436,Carol Henry,East,Grocery,Platinum,6,2001,22.35,22.67,103.7,2025-02-11
TXN-0009437,Margaret Ferguson,South,Home,Silver,5,1978,93.05,14.29,398.77,2024-05-23
TXN-0009438,Matthew Scott,West,Home,Silver,3,1951,63.14,7.03,176.1,2023-11-11
TXN-0009439,Lauren Weber,East,Electronics,Platinum,7,1993,424.1,17.73,2442.35,2024-01-31
TXN-0009440,Mark Carter,North,Electronics,Bronze,4,1995,133.3,1.82,523.5,2025-09-11
TXN-0009441,Hannah Kidd,East,Electronics,Bronze,3,1949,187.62,0.0,562.86,2026-07-18
TXN-0009442,Sheri Lee,Central,Electronics,Bronze,4,1975,130.41,0.0,521.64,2025-10-12
TXN-0009443,Amy Norton,West,Clothing,Silver,5,1962,39.58,7.03,183.99,2025-09-02
TXN-0009444,Steven Harris,South,Home,Bronze,6,1973,91.65,3.71,529.5,2026-05-31
TXN-0009445,Isabella Powell,West,Electronics,Bronze,1,1995,137.06,0.0,137.06,2024-11-19
TXN-0009446,Johnny Martinez DDS,South,Home,Bronze,4,1980,93.05,0.0,372.2,2026-04-08
TXN-0009447,Dawn Mckinney,East,Clothing,Silver,5,1957,43.72,9.48,197.88,2026-07-16
TXN-0009448,Denise Torres,East,Clothing,Gold,2,1974,57.65,9.91,103.87,2023-10-07
TXN-0009449,Paul Nelson,South,Sports,Silver,6,1987,57.68,7.5,320.12,2025-02-20
TXN-0009450,Jaclyn Williams,South,Sports,Gold,5,1998,109.32,16.98,453.79,2023-12-05
TXN-0009451,Scott Martinez,Central,Grocery,Platinum,5,1952,19.98,22.82,77.1,2026-07-13
TXN-0009452,Emily Rowe,South,Electronics,Gold,3,1960,153.13,15.06,390.21,2026-05-21
TXN-0009453,William Tucker,West,Grocery,Silver,4,1962,17.9,10.79,63.87,2025-08-31
TXN-0009454,Kelly Martin,West,Electronics,Bronze,6,1952,140.22,2.82,817.59,2025-02-13
TXN-0009455,Kathy Villanueva,East,Home,Silver,3,1969,93.84,3.11,272.76,2026-02-28
TXN-0009456,Elizabeth Chavez,North,Sports,Bronze,2,1985,126.68,10.6,226.5,2024-04-15
TXN-0009457,Derek Cooley,South,Clothing,Silver,2,1983,45.03,8.54,82.37,2024-08-21
TXN-0009458,Laura Yang,North,Sports,Platinum,2,1992,79.33,21.65,124.31,2023-12-12
TXN-0009459,Scott Wilson,East,Grocery,Bronze,6,1965,13.76,2.6,80.41,2026-06-23
TXN-0009460,Tamara Castillo,Central,Clothing,Bronze,1,1976,23.07,0.0,23.07,2024-12-10
TXN-0009461,Jason Welch,Central,Electronics,Gold,3,2003,198.28,9.93,535.77,2025-02-11
TXN-0009462,Wendy Griffin,North,Grocery,Platinum,3,1986,26.25,25.72,58.5,2023-12-23
TXN-0009463,Katie Houston,South,Home,Gold,3,1972,104.82,6.25,294.81,2024-01-15
TXN-0009464,Michaela Case,North,Electronics,Bronze,4,1975,362.24,1.58,1426.07,2026-01-24
TXN-0009465,Dana Estrada,Central,Electronics,Silver,3,1961,141.07,7.93,389.65,2026-04-20
TXN-0009466,Susan Franco,South,Sports,Bronze,3,1997,54.82,0.76,163.21,2025-05-12
TXN-0009467,William Garner,South,Clothing,Silver,2,1969,83.24,14.07,143.06,2024-02-18
TXN-0009468,Matthew Lawrence,East,Sports,Silver,6,1989,116.0,1.61,684.79,2025-06-08
TXN-0009469,Melissa Simpson,East,Grocery,Gold,2,1980,26.44,10.44,47.36,2024-10-28
TXN-0009470,Fred Espinoza,South,Clothing,Bronze,3,2005,37.68,3.12,109.51,2024-06-30
TXN-0009471,Mark Alvarez,West,Clothing,Platinum,8,1963,43.07,21.38,270.89,2024-10-04
TXN-0009472,Mercedes Scott,North,Grocery,Bronze,4,1983,10.13,2.34,39.57,2025-06-08
TXN-0009473,Brooke Bennett,North,Clothing,Bronze,7,1989,109.72,2.94,745.46,2024-02-13
TXN-0009474,Amber Martinez,North,Electronics,Gold,8,1987,115.94,10.76,827.72,2023-10-29
TXN-0009475,Jennifer Sanders,South,Electronics,Silver,8,2002,104.89,5.8,790.45,2024-08-16
TXN-0009476,Harold Castillo DVM,Central,Grocery,Silver,3,1978,17.36,3.32,50.35,2024-06-07
TXN-0009477,William Keith,East,Grocery,Bronze,3,1971,18.75,3.39,54.34,2025-05-23
TXN-0009478,Michelle Barker,West,Home,Bronze,6,1979,113.64,0.0,681.84,2025-06-14
TXN-0009479,Jeffrey Figueroa,South,Clothing,Bronze,3,1963,52.55,0.0,157.65,2024-12-13
TXN-0009480,Jason Robles,West,Home,Gold,9,1949,70.95,16.06,536.0,2026-06-29
TXN-0009481,Zachary Ellis,Central,Grocery,Bronze,2,2001,15.67,0.0,31.34,2026-07-10
TXN-0009482,Lisa Johnson,South,Electronics,Platinum,4,1973,129.53,28.43,370.82,2024-05-24
TXN-0009483,Jorge Soto,Central,Sports,Gold,7,1991,122.15,11.37,757.83,2024-04-02
TXN-0009484,Dr. Joel Taylor,East,Grocery,Gold,5,1959,17.96,11.39,79.57,2025-01-03
TXN-0009485,Sarah Gonzales,West,Clothing,Gold,1,1956,68.68,17.6,56.59,2025-10-29
TXN-0009486,Gregory Wright,South,Grocery,Silver,2,2005,16.73,10.42,29.97,2025-07-30
TXN-0009487,Martin Esparza,East,Grocery,Silver,5,1956,9.5,6.31,44.5,2025-01-21
TXN-0009488,Emma Parker,East,Grocery,Gold,5,2001,31.99,12.67,139.68,2026-08-27
TXN-0009489,Stephen Martinez,Central,Electronics,Silver,1,1985,196.04,10.51,175.44,2026-04-22
TXN-0009490,Ronald Cruz,Central,Sports,Bronze,2,1970,85.9,2.7,167.16,2024-04-18
TXN-0009491,Steven Moore,South,Home,Silver,3,1967,42.85,5.83,121.06,2025-04-07
TXN-0009492,Melanie Graham,Central,Grocery,Bronze,3,1951,17.14,1.35,50.73,2026-07-27
TXN-0009493,Michael Rodriguez,Central,Clothing,Silver,5,1966,94.37,13.9,406.26,2024-02-24
TXN-0009494,Michele Johnson,East,Clothing,Platinum,10,1969,86.56,18.91,701.92,2025-04-20
TXN-0009495,Jenna Brown,North,Sports,Silver,3,1952,69.5,5.9,196.2,2025-12-02
TXN-0009496,Michael Pitts,North,Home,Bronze,3,2007,137.91,1.86,406.03,2024-08-03
TXN-0009497,Brandon Taylor,North,Electronics,Bronze,3,2002,277.2,2.21,813.22,2025-10-27
TXN-0009498,Megan Ochoa,North,Grocery,Bronze,3,1949,17.05,0.0,51.15,2025-08-19
TXN-0009499,Janet Graham,Central,Electronics,Bronze,2,1982,253.78,7.59,469.04,2025-05-22
TXN-0009500,Donna Smith,South,Grocery,Silver,5,2001,28.11,5.72,132.51,2025-10-07
TXN-0009501,Mark Ramirez,West,Sports,Gold,2,1950,100.59,14.76,171.49,2024-11-18
TXN-0009502,Marissa Holt,East,Electronics,Silver,3,1951,222.0,12.76,581.02,2026-02-18
TXN-0009503,Keith Walker,East,Home,Silver,4,1962,66.3,5.85,249.69,2026-04-17
TXN-0009504,Christopher Burch,South,Sports,Silver,5,1980,98.71,8.42,451.99,2025-07-16
TXN-0009505,Susan Owens,East,Sports,Bronze,6,1981,71.78,0.0,430.68,2024-02-15
TXN-0009506,Holly Preston,East,Home,Silver,5,1999,65.58,4.32,313.73,2025-07-15
TXN-0009507,Walter Johnson,East,Grocery,Bronze,3,2001,30.65,2.53,89.62,2025-04-22
TXN-0009508,Danny Wilson,North,Home,Bronze,2,1983,86.36,0.65,171.6,2026-05-08
TXN-0009509,Robert Mathews,West,Electronics,Silver,3,1948,173.69,9.69,470.58,2024-07-13
TXN-0009510,Susan Castro,North,Grocery,Bronze,2,1955,18.91,0.26,37.72,2025-08-02
TXN-0009511,Gary Watson,East,Clothing,Bronze,3,1994,31.9,1.15,94.6,2026-06-03
TXN-0009512,Ethan Johnson,South,Clothing,Silver,3,2007,49.59,4.88,141.51,2025-07-20
TXN-0009513,Nicholas Wade,South,Clothing,Bronze,4,1951,72.1,5.96,271.21,2024-02-19
TXN-0009514,Mrs. Tracey Moore,West,Grocery,Silver,2,1999,18.09,6.38,33.87,2023-11-29
TXN-0009515,Amanda Ross,North,Electronics,Bronze,5,1970,141.41,0.0,707.05,2025-12-03
TXN-0009516,Robert Roberts Jr.,Central,Clothing,Gold,5,1954,61.81,10.02,278.08,2025-03-11
TXN-0009517,Timothy Willis,Central,Electronics,Silver,2,1991,233.02,3.25,450.89,2025-09-17
TXN-0009518,Tracy Payne,South,Electronics,Bronze,5,1977,90.3,4.47,431.32,2026-08-13
TXN-0009519,Christopher Peck,South,Sports,Bronze,3,1958,72.3,1.77,213.06,2024-09-10
TXN-0009520,Linda Sawyer,North,Clothing,Platinum,6,1985,55.37,30.35,231.39,2026-06-30
TXN-0009521,Jeffrey Johnson,Central,Electronics,Silver,6,1955,297.22,5.15,1691.48,2026-08-29
TXN-0009522,Frances Reed,East,Sports,Gold,1,1982,114.4,7.62,105.68,2024-05-25
TXN-0009523,John Juarez,North,Electronics,Gold,4,1994,98.69,12.3,346.2,2025-11-05
TXN-0009524,Nicole Neal,East,Home,Bronze,3,1967,143.85,9.97,388.52,2025-12-25
TXN-0009525,Sean Gonzalez,North,Grocery,Silver,1,1954,17.07,8.27,15.66,2026-06-01
TXN-0009526,Danielle Cook,East,Grocery,Silver,3,1996,10.25,6.76,28.67,2026-06-29
TXN-0009527,William Gibson,East,Electronics,Gold,4,1952,99.99,11.18,355.24,2025-12-21
TXN-0009528,Preston King,North,Grocery,Silver,2,1962,29.03,5.9,54.63,2024-02-05
TXN-0009529,Kendra Smith,West,Home,Platinum,9,1947,105.52,24.22,719.67,2024-12-22
TXN-0009530,Wyatt Henderson,South,Grocery,Silver,4,1964,12.76,4.09,48.95,2025-09-24
TXN-0009531,Craig Adams,East,Clothing,Gold,2,1948,95.71,13.12,166.31,2025-08-07
TXN-0009532,Jennifer Vega,East,Grocery,Bronze,4,1979,23.08,2.53,89.98,2024-01-29
TXN-0009533,Charles Graves,Central,Home,Silver,3,1952,82.29,7.05,229.47,2025-10-08
TXN-0009534,Patricia Wright,East,Grocery,Bronze,3,1948,19.99,0.93,59.41,2025-01-06
TXN-0009535,Bethany Leonard,Central,Sports,Gold,5,1995,55.18,7.93,254.02,2024-05-15
TXN-0009536,Shawn Cole,South,Grocery,Bronze,3,1949,36.24,2.77,105.71,2024-04-13
TXN-0009537,Katrina Baird,West,Grocery,Silver,3,1968,11.88,6.05,33.48,2026-08-26
TXN-0009538,Derrick Vazquez,South,Clothing,Bronze,6,2005,35.04,6.32,196.95,2025-01-06
TXN-0009539,Nathan Jones,West,Electronics,Bronze,3,1971,171.28,1.41,506.59,2024-10-18
TXN-0009540,Denise Schroeder,North,Home,Bronze,2,1972,246.68,1.82,484.38,2025-12-18
TXN-0009541,Sheryl Barrett,Central,Electronics,Gold,6,1988,97.82,13.56,507.33,2025-07-23
TXN-0009542,Randy Fry,Central,Grocery,Bronze,2,1980,23.94,3.66,46.13,2024-12-30
TXN-0009543,Pamela Lin,East,Grocery,Gold,5,1995,18.45,6.71,86.06,2026-02-27
TXN-0009544,Morgan Wilson,East,Home,Gold,9,2007,103.5,14.1,800.16,2023-12-11
TXN-0009545,James Rodriguez,East,Electronics,Platinum,7,1982,238.63,14.07,1435.38,2026-01-30
TXN-0009546,Lindsay Smith,South,Grocery,Silver,6,2006,14.16,5.71,80.11,2024-01-24
TXN-0009547,Samuel Morris,West,Home,Silver,5,1952,82.24,9.25,373.16,2023-12-07
TXN-0009548,Leslie Salas,West,Home,Silver,8,1993,70.71,14.24,485.13,2025-12-03
TXN-0009549,Matthew Hays,East,Home,Bronze,5,1978,146.99,0.0,734.95,2024-03-13
TXN-0009550,Bryan Smith,North,Electronics,Silver,3,1981,249.75,4.09,718.61,2025-11-29
TXN-0009551,Micheal Johnson,Central,Grocery,Gold,7,1996,12.15,7.11,79.0,2025-07-19
TXN-0009552,Kristen Figueroa DDS,North,Electronics,Bronze,3,1960,182.82,0.0,548.46,2025-06-30
TXN-0009553,Gina Pollard,East,Home,Bronze,3,1981,129.91,10.02,350.68,2024-02-21
TXN-0009554,Gloria May,North,Electronics,Silver,4,1956,91.71,1.44,361.56,2025-09-18
TXN-0009555,Mary Patrick,North,Electronics,Gold,2,1996,260.09,2.12,509.15,2026-07-20
TXN-0009556,Amanda Lopez,North,Electronics,Bronze,5,1952,156.39,5.09,742.15,2026-02-27
TXN-0009557,David Jones,South,Electronics,Gold,3,1956,136.52,16.01,343.99,2024-10-25
TXN-0009558,Jason Turner,East,Sports,Bronze,3,1968,122.28,2.17,358.88,2025-04-02
TXN-0009559,Chad Fields,East,Grocery,Silver,2,1977,26.74,7.45,49.5,2024-10-27
TXN-0009560,Tyler Roberts,West,Electronics,Platinum,5,1961,99.1,22.75,382.77,2026-03-25
TXN-0009561,Jerome Henderson,West,Electronics,Bronze,5,1979,205.93,4.82,980.02,2024-02-02
TXN-0009562,Jonathan Hernandez,North,Grocery,Silver,5,1998,22.84,3.42,110.29,2025-11-18
TXN-0009563,Monica Knight,North,Electronics,Platinum,5,1952,74.59,15.62,314.7,2023-10-23
TXN-0009564,Jennifer Moore,East,Home,Bronze,3,2002,109.53,0.0,328.59,2024-03-22
TXN-0009565,Robert Howell,West,Electronics,Bronze,3,1987,138.51,0.0,415.53,2026-07-21
TXN-0009566,Rachel Baker,East,Home,Platinum,6,1983,133.61,22.54,620.97,2025-09-16
TXN-0009567,Misty George,South,Sports,Silver,5,1981,55.6,10.69,248.28,2024-07-02
TXN-0009568,Jasmine Atkins,West,Electronics,Platinum,9,1986,167.02,18.8,1220.58,2024-07-07
TXN-0009569,David Miller,North,Sports,Gold,3,1969,62.18,13.99,160.44,2025-05-30
TXN-0009570,Natasha Wood,East,Grocery,Silver,3,1978,14.41,6.68,40.34,2023-12-07
TXN-0009571,Heather Baldwin,North,Sports,Silver,6,1947,34.87,4.08,200.68,2024-02-04
TXN-0009572,Olivia Myers,West,Grocery,Silver,4,1951,26.14,3.92,100.46,2025-07-05
TXN-0009573,Scott Hunt Jr.,South,Grocery,Bronze,4,1979,27.02,2.23,105.67,2026-09-26
TXN-0009574,William Hanson,West,Home,Silver,2,1999,92.3,9.65,166.79,2025-01-02
TXN-0009575,Elizabeth Ho,North,Grocery,Gold,6,1945,20.49,14.43,105.2,2025-01-27
TXN-0009576,Nicole Roberts,East,Electronics,Platinum,3,1947,123.77,19.3,299.65,2026-03-28
TXN-0009577,Devin Williams,North,Grocery,Platinum,8,1976,26.22,24.88,157.57,2025-09-03
TXN-0009578,Shawn Mccarthy,West,Home,Platinum,4,1987,98.11,25.47,292.49,2026-08-04
TXN-0009579,Erica Bauer,North,Electronics,Bronze,5,1997,163.53,0.0,817.65,2025-08-26
TXN-0009580,Cameron Perez,North,Clothing,Silver,4,1955,92.05,2.85,357.71,2026-05-24
TXN-0009581,Charles Nelson,West,Electronics,Bronze,3,2003,101.47,0.0,304.41,2024-11-12
TXN-0009582,Vickie Lowery,North,Clothing,Silver,5,1994,27.87,10.16,125.19,2025-03-11
TXN-0009583,Brandon Lopez,South,Electronics,Platinum,3,1988,186.95,19.02,454.18,2024-07-14
TXN-0009584,Daniel Delacruz,West,Clothing,Gold,5,1986,51.12,13.2,221.86,2024-08-20
TXN-0009585,Ryan Maxwell,West,Clothing,Gold,3,2007,36.97,15.11,94.15,2024-07-11
TXN-0009586,Frank Sanders MD,West,Home,Bronze,6,1960,95.59,1.96,562.3,2024-01-27
TXN-0009587,Frank Gordon,South,Electronics,Silver,2,2003,181.7,4.75,346.14,2026-04-23
TXN-0009588,Emily Brandt,East,Clothing,Bronze,6,1993,74.82,0.0,448.92,2024-11-03
TXN-0009589,Jackie Schultz,West,Clothing,Silver,2,1993,37.39,6.17,70.17,2026-08-09
TXN-0009590,Sara Leonard,North,Clothing,Bronze,3,1994,47.66,4.8,136.12,2024-03-11
TXN-0009591,Joseph Cunningham,West,Electronics,Gold,6,1945,177.66,7.08,990.49,2025-08-01
TXN-0009592,Beth Jackson,North,Sports,Silver,3,1976,110.55,5.29,314.11,2026-01-05
TXN-0009593,James James,Central,Clothing,Silver,3,1985,75.63,0.23,226.37,2023-10-25
TXN-0009594,Jacob Sexton,East,Clothing,Gold,6,1979,46.29,16.23,232.66,2023-10-07
TXN-0009595,Charles Ellis,East,Home,Bronze,3,2004,107.94,0.0,323.82,2025-06-02
TXN-0009596,Brenda Perry,East,Grocery,Silver,3,1951,15.0,1.37,44.38,2024-03-27
TXN-0009597,Robert Harrison,North,Home,Gold,2,2003,77.9,15.92,131.0,2023-10-18
TXN-0009598,David Patel,South,Clothing,Platinum,6,1971,49.32,17.74,243.42,2024-06-20
TXN-0009599,Lisa Goodwin,West,Home,Bronze,1,1973,71.87,0.0,71.87,2026-07-12
TXN-0009600,Gerald Branch,East,Home,Silver,5,1986,116.4,8.85,530.49,2025-10-08
TXN-0009601,Samantha Maxwell,East,Clothing,Silver,6,1995,76.18,7.39,423.3,2025-09-11
TXN-0009602,Taylor Logan,North,Sports,Bronze,1,1949,65.19,8.79,59.46,2026-09-06
TXN-0009603,Sarah Shannon,West,Sports,Bronze,5,1991,79.7,0.0,398.5,2025-06-18
TXN-0009604,Scott Crawford,South,Home,Silver,5,1967,78.67,3.53,379.46,2026-07-15
TXN-0009605,Alyssa Anderson,North,Electronics,Bronze,4,1986,115.25,0.0,461.0,2026-04-19
TXN-0009606,Sean Smith,Central,Home,Silver,4,1973,61.44,10.43,220.13,2025-10-23
TXN-0009607,Mary Duncan,East,Sports,Bronze,3,1955,138.3,0.0,414.9,2025-01-10
TXN-0009608,Daniel Diaz,East,Sports,Bronze,4,1989,57.81,0.71,229.6,2026-05-15
TXN-0009609,Brandon Beard,Central,Electronics,Gold,7,1990,199.83,13.83,1205.35,2026-05-13
TXN-0009610,Melissa Howell,South,Electronics,Bronze,1,1968,183.41,6.07,172.28,2025-04-10
TXN-0009611,Daniel Dodson,Central,Electronics,Bronze,3,1952,105.45,0.0,316.35,2026-09-04
TXN-0009612,Becky Rice,West,Grocery,Bronze,2,2003,20.88,2.9,40.55,2026-08-09
TXN-0009613,Nicole Burch,East,Home,Bronze,5,1965,99.8,0.0,499.0,2026-09-04
TXN-0009614,Mandy Beasley,South,Clothing,Silver,4,1995,54.54,2.56,212.58,2026-08-11
TXN-0009615,John Garner,North,Clothing,Gold,4,1967,47.22,12.48,165.31,2025-06-02
TXN-0009616,Matthew Taylor,South,Clothing,Silver,1,1976,54.95,5.89,51.71,2025-01-10
TXN-0009617,Timothy Miller,North,Sports,Bronze,1,1997,88.5,3.64,85.28,2024-02-11
TXN-0009618,Elizabeth Arnold,North,Clothing,Bronze,4,1989,40.69,8.77,148.49,2024-04-09
TXN-0009619,Danielle Mcdonald,East,Clothing,Gold,5,1985,90.95,14.4,389.27,2024-04-24
TXN-0009620,Jennifer Sparks,West,Grocery,Bronze,2,1964,22.89,1.85,44.93,2023-10-19
TXN-0009621,Jillian Dawson,North,Home,Bronze,2,1952,38.78,3.78,74.63,2024-07-20
TXN-0009622,Nicole Newman,West,Grocery,Bronze,1,1976,16.64,0.0,16.64,2024-03-19
TXN-0009623,Timothy Randolph,Central,Grocery,Gold,5,1969,37.93,15.61,160.05,2023-10-22
TXN-0009624,Frederick Vargas,West,Electronics,Silver,6,1981,181.33,4.54,1038.59,2026-09-13
TXN-0009625,Beverly Baker,West,Electronics,Bronze,2,1976,124.15,2.98,240.9,2024-07-16
TXN-0009626,Phillip Woods,West,Electronics,Bronze,1,1962,200.15,1.06,198.03,2023-11-08
TXN-0009627,Joy King,South,Grocery,Gold,5,1949,8.58,11.9,37.79,2024-08-18
TXN-0009628,Gerald Martin,South,Sports,Bronze,3,1998,82.4,7.41,228.88,2025-10-14
TXN-0009629,Robert Fox,Central,Clothing,Silver,6,1950,46.15,3.7,266.65,2026-07-01
TXN-0009630,Brandon Walls,West,Grocery,Gold,3,1979,18.27,14.52,46.85,2024-05-10
TXN-0009631,Eric Carney,West,Grocery,Bronze,5,1980,11.3,0.32,56.32,2026-07-03
TXN-0009632,James Schmidt,Central,Sports,Bronze,3,1974,64.51,4.97,183.91,2024-10-07
TXN-0009633,Jennifer Cannon,South,Home,Silver,3,1950,36.08,2.21,105.85,2025-08-04
TXN-0009634,Ronnie Marks Jr.,South,Electronics,Silver,2,1964,128.84,5.65,243.12,2026-05-27
TXN-0009635,Norma Flynn,East,Grocery,Silver,4,1974,18.78,3.6,72.42,2026-01-11
TXN-0009636,Gary Watts,North,Grocery,Silver,6,2000,26.58,12.34,139.8,2024-07-20
TXN-0009637,Leah Castro,East,Grocery,Bronze,5,2005,42.64,6.34,199.68,2024-02-08
TXN-0009638,Jonathan Wheeler,West,Grocery,Silver,7,1964,13.51,4.35,90.46,2025-01-07
TXN-0009639,John Gilmore,East,Clothing,Bronze,2,1987,65.65,0.0,131.3,2025-09-16
TXN-0009640,Tiffany Calderon,South,Grocery,Bronze,3,1952,16.0,0.27,47.87,2024-05-15
TXN-0009641,Cassandra Peterson,West,Clothing,Bronze,2,1974,49.53,4.66,94.44,2025-10-03
TXN-0009642,Mark Hernandez,North,Clothing,Silver,2,1950,56.74,7.86,104.56,2025-07-14
TXN-0009643,Emily Russell,Central,Clothing,Bronze,2,1971,52.03,0.51,103.53,2023-10-31
TXN-0009644,Michelle Padilla,North,Electronics,Silver,3,1999,307.58,10.86,822.53,2024-03-26
TXN-0009645,Travis Jenkins,West,Electronics,Silver,3,1951,144.13,8.12,397.28,2024-06-12
TXN-0009646,Miss Kelly Mcguire,East,Grocery,Platinum,9,1965,12.06,16.92,90.18,2024-05-21
TXN-0009647,Pamela Black,South,Grocery,Silver,3,1973,19.19,0.0,57.57,2026-09-23
TXN-0009648,Mitchell Francis,East,Clothing,Silver,6,1985,37.77,14.14,194.58,2025-08-19
TXN-0009649,Danny Andrews,South,Clothing,Bronze,2,1987,48.34,0.93,95.78,2025-10-20
TXN-0009650,Donna Walsh,East,Electronics,Gold,4,2007,231.85,4.62,884.55,2025-09-29
TXN-0009651,Laurie Padilla,West,Clothing,Silver,3,1983,50.42,8.01,139.14,2023-10-28
TXN-0009652,Michael Rogers,West,Clothing,Gold,7,1961,65.99,7.1,429.13,2025-08-26
TXN-0009653,David Chen,North,Home,Platinum,6,1993,83.64,24.45,379.14,2026-03-25
TXN-0009654,Amber Montgomery,West,Sports,Bronze,4,1984,82.17,6.24,308.17,2024-10-08
TXN-0009655,Johnny Duncan,West,Home,Gold,4,1976,70.53,12.16,247.81,2024-08-05
TXN-0009656,Michael Wagner,West,Grocery,Silver,3,1979,23.91,3.1,69.51,2024-12-29
TXN-0009657,Jamie Rivas,South,Grocery,Silver,5,1975,11.35,8.68,51.82,2026-02-28
TXN-0009658,Tyler Acevedo,North,Electronics,Silver,3,1949,120.89,11.22,321.98,2025-05-28
TXN-0009659,Meghan Hudson,Central,Clothing,Bronze,2,1947,56.59,1.63,111.34,2023-12-16
TXN-0009660,Kristen Welch,South,Electronics,Gold,4,1966,213.54,11.66,754.56,2025-02-27
TXN-0009661,Rebecca Smith,South,Clothing,Bronze,2,1988,59.23,0.0,118.46,2023-10-10
TXN-0009662,Maria Johnson,West,Sports,Silver,2,1953,89.74,5.77,169.12,2024-03-05
TXN-0009663,Patrick Thompson,South,Home,Bronze,3,1973,58.75,1.44,173.71,2026-06-03
TXN-0009664,Mary Carlson,West,Home,Bronze,3,1960,80.57,0.26,241.08,2025-07-29
TXN-0009665,Francisco Morris,North,Electronics,Silver,6,1992,173.93,3.6,1006.01,2025-07-04
TXN-0009666,Gerald King,West,Clothing,Gold,5,1999,56.09,18.78,227.78,2025-11-06
TXN-0009667,Nicole Williams,Central,Sports,Gold,7,1998,51.37,12.14,315.94,2026-03-14
TXN-0009668,Jill Chen,Central,Clothing,Silver,5,1965,40.95,5.14,194.23,2026-04-10
TXN-0009669,Wendy Smith,Central,Grocery,Silver,6,1994,17.19,7.68,95.22,2026-02-05
TXN-0009670,April Baker,Central,Electronics,Platinum,3,1946,207.78,20.83,493.5,2024-12-22
TXN-0009671,Kayla Webb,South,Electronics,Silver,3,1963,333.7,6.77,933.33,2023-11-24
TXN-0009672,Christopher Thompson,Central,Clothing,Silver,7,2000,37.55,3.01,254.94,2025-10-24
TXN-0009673,Stephanie Carter,Central,Sports,Gold,5,1977,76.34,12.97,332.19,2025-06-09
TXN-0009674,Melissa Benjamin,East,Electronics,Gold,3,2003,111.99,13.51,290.58,2025-10-22
TXN-0009675,Michael Anderson,South,Grocery,Gold,4,1987,17.85,14.12,61.32,2025-12-03
TXN-0009676,Jose Castaneda,North,Electronics,Silver,6,1979,139.82,7.92,772.48,2026-04-03
TXN-0009677,Haley Bryant,East,Home,Silver,5,1965,103.83,7.65,479.44,2026-05-04
TXN-0009678,Brittney Rivera,West,Home,Silver,5,1967,44.88,3.24,217.13,2026-08-17
TXN-0009679,Daniel Kent,South,Home,Silver,2,1949,80.12,15.89,134.78,2025-10-24
TXN-0009680,Tommy Murphy,South,Clothing,Silver,3,1996,57.13,8.59,156.67,2024-09-22
TXN-0009681,Julie Lowe,East,Electronics,Bronze,3,1964,171.89,4.66,491.64,2023-12-31
TXN-0009682,Kathleen Lewis,North,Sports,Bronze,2,1951,84.13,4.14,161.29,2025-12-26
TXN-0009683,Rachel Anderson,Central,Home,Silver,5,1987,95.12,6.58,444.31,2023-10-27
TXN-0009684,Patricia Patel,South,Electronics,Bronze,1,1983,248.42,0.0,248.42,2025-07-14
TXN-0009685,Mr. Max Smith,North,Clothing,Silver,4,2004,87.6,6.23,328.57,2026-03-11
TXN-0009686,Leslie Greene,North,Electronics,Bronze,2,1954,148.71,0.0,297.42,2025-01-30
TXN-0009687,John Woods,West,Home,Bronze,4,1994,75.01,0.0,300.04,2026-02-03
TXN-0009688,Melissa White,West,Clothing,Gold,5,1999,59.0,20.3,235.11,2024-01-04
TXN-0009689,Tina Gutierrez,North,Electronics,Silver,7,1956,212.27,9.84,1339.68,2024-11-17
TXN-0009690,Wendy Carlson,North,Clothing,Gold,7,1993,55.8,13.35,338.45,2026-07-01
TXN-0009691,Mr. James Clay,East,Home,Bronze,4,1978,61.48,2.23,240.44,2025-07-07
TXN-0009692,Lindsey Jimenez,North,Sports,Bronze,4,2001,104.93,4.13,402.39,2025-10-02
TXN-0009693,Karen Leon,West,Grocery,Bronze,5,1953,20.67,1.55,101.75,2024-03-27
TXN-0009694,Nicole Stevens,North,Home,Bronze,6,2005,166.57,0.0,999.42,2025-11-04
TXN-0009695,Carolyn Tate,East,Grocery,Bronze,3,1982,13.86,6.74,38.78,2026-05-22
TXN-0009696,Jay Douglas,South,Clothing,Silver,7,1995,59.77,3.76,402.66,2026-06-27
TXN-0009697,William Williams,East,Grocery,Bronze,4,1970,20.94,6.11,78.64,2025-03-19
TXN-0009698,Peter Hughes,South,Electronics,Gold,6,1961,147.96,13.05,771.91,2025-08-24
TXN-0009699,Sylvia Watson MD,North,Electronics,Silver,2,1986,114.84,7.84,211.67,2026-09-15
TXN-0009700,Joseph Luna,South,Home,Bronze,2,1983,99.31,0.72,197.19,2025-08-05
TXN-0009701,Katherine Flores,North,Electronics,Gold,7,1997,137.66,8.92,877.67,2023-10-30
TXN-0009702,Wayne Malone,North,Grocery,Silver,3,2004,18.18,4.36,52.16,2024-06-04
TXN-0009703,Mary Thompson,Central,Home,Bronze,3,1970,91.31,3.0,265.71,2024-12-18
TXN-0009704,Marissa Evans,South,Electronics,Silver,4,1956,110.5,3.89,424.81,2024-07-22
TXN-0009705,James Valentine,South,Clothing,Silver,5,1996,47.25,3.94,226.94,2025-09-25
TXN-0009706,Michael Ayers,North,Home,Silver,5,1957,77.99,9.46,353.06,2025-03-15
TXN-0009707,James Green,West,Grocery,Platinum,3,2001,18.43,21.35,43.49,2025-08-08
TXN-0009708,Rachel Harris,Central,Grocery,Bronze,3,1992,21.26,0.0,63.78,2024-09-22
TXN-0009709,Timothy Rodriguez,West,Clothing,Bronze,3,1999,61.55,6.06,173.46,2025-11-24
TXN-0009710,Casey Hayden,East,Grocery,Gold,5,1984,24.42,17.37,100.89,2024-09-03
TXN-0009711,James Evans,West,Clothing,Silver,4,1965,58.1,6.03,218.39,2026-03-28
TXN-0009712,Sean Johnson,South,Electronics,Platinum,5,1973,321.92,13.94,1385.22,2026-08-27
TXN-0009713,Mark Copeland,West,Home,Gold,1,1993,103.17,8.02,94.9,2025-03-07
TXN-0009714,Willie Robinson,West,Clothing,Silver,5,1950,34.49,4.96,163.9,2026-04-20
TXN-0009715,Matthew Harris,North,Electronics,Silver,1,1947,139.7,11.11,124.18,2026-07-14
TXN-0009716,Timothy Sparks,East,Clothing,Bronze,3,1992,168.21,2.47,492.17,2025-09-24
TXN-0009717,Michael Price,South,Grocery,Bronze,3,1990,11.26,0.0,33.78,2024-04-18
TXN-0009718,Jordan Berg,North,Sports,Bronze,2,1966,88.67,7.07,164.8,2024-12-26
TXN-0009719,Rhonda Bradford,West,Sports,Bronze,5,1985,165.38,1.79,812.1,2025-05-26
TXN-0009720,Eric Blankenship,North,Clothing,Silver,4,2002,35.81,9.78,129.23,2025-07-06
TXN-0009721,Dan Valdez,West,Home,Silver,4,1978,156.91,5.85,590.92,2026-08-08
TXN-0009722,Stephanie Gonzalez,Central,Grocery,Platinum,1,1982,31.36,13.24,27.21,2026-07-07
TXN-0009723,Monica Goodman,East,Clothing,Bronze,3,1999,50.14,0.0,150.42,2025-04-09
TXN-0009724,Lynn Munoz MD,South,Clothing,Silver,5,1992,28.62,4.03,137.33,2025-09-30
TXN-0009725,Thomas Eaton,East,Electronics,Bronze,5,1963,199.38,3.04,966.59,2024-06-05
TXN-0009726,Linda Carpenter,West,Home,Silver,5,1956,87.88,8.48,402.14,2026-05-20
TXN-0009727,Jessica Harrison,South,Grocery,Bronze,4,1947,16.99,8.49,62.19,2024-08-14
TXN-0009728,Isaac Black,South,Clothing,Silver,4,1987,70.09,6.9,261.02,2024-12-09
TXN-0009729,Patricia Wells,East,Electronics,Silver,6,2002,161.91,6.63,907.05,2026-09-04
TXN-0009730,Miss Tamara Cruz,Central,Grocery,Bronze,4,2005,10.42,0.0,41.68,2024-02-08
TXN-0009731,Tara Nguyen,South,Home,Silver,3,1963,87.1,10.18,234.7,2026-07-30
TXN-0009732,Catherine Short,South,Electronics,Bronze,2,1959,183.08,7.06,340.31,2025-10-17
TXN-0009733,Anthony Anderson,Central,Clothing,Bronze,4,2000,65.87,0.0,263.48,2024-04-15
TXN-0009734,Ricardo Bryan,North,Sports,Gold,5,1991,118.21,12.56,516.81,2024-06-23
TXN-0009735,Carl Hicks,North,Home,Bronze,2,1962,45.98,3.21,89.01,2024-08-02
TXN-0009736,Robert Fisher,East,Home,Bronze,3,1970,129.12,0.0,387.36,2024-05-27
TXN-0009737,David Chang,North,Home,Platinum,3,1955,79.3,13.76,205.16,2026-04-25
TXN-0009738,Donna Ward,North,Sports,Bronze,5,1951,80.64,2.48,393.2,2025-10-31
TXN-0009739,Mr. Patrick Ewing,East,Clothing,Bronze,4,1963,75.08,3.99,288.34,2024-03-02
TXN-0009740,Carrie Garrett,West,Clothing,Silver,3,2001,42.46,3.72,122.64,2025-07-05
TXN-0009741,Nathan Gomez,East,Clothing,Silver,5,1981,48.42,6.93,225.32,2025-11-02
TXN-0009742,Bradley Graham,South,Grocery,Silver,3,1972,22.08,14.21,56.83,2025-01-11
TXN-0009743,Holly Grant MD,East,Electronics,Silver,3,1992,130.96,10.85,350.25,2024-09-26
TXN-0009744,Jacob Andrade,East,Electronics,Platinum,6,1966,180.88,21.75,849.23,2024-08-18
TXN-0009745,Erica Henry,West,Electronics,Bronze,3,1958,110.49,0.11,331.11,2026-02-09
TXN-0009746,William Kim,West,Home,Silver,6,1994,138.39,9.19,754.03,2023-12-10
TXN-0009747,Michael Saunders,West,Home,Platinum,5,1966,117.9,14.25,505.5,2023-10-26
TXN-0009748,Sheila Thompson,Central,Clothing,Bronze,4,1945,42.36,1.63,166.68,2025-04-07
TXN-0009749,Rebecca Kelly,West,Clothing,Platinum,6,1948,81.06,18.15,398.09,2024-11-06
TXN-0009750,Scott Rose,North,Grocery,Platinum,2,1982,20.99,22.61,32.49,2025-04-04
TXN-0009751,Mr. Steven Bell DVM,Central,Electronics,Platinum,6,1945,115.26,12.36,606.08,2026-08-14
TXN-0009752,Elizabeth Harding,Central,Grocery,Bronze,3,1948,23.02,10.77,61.62,2024-05-31
TXN-0009753,Matthew Jefferson,South,Electronics,Silver,3,1960,206.52,5.44,585.86,2024-06-25
TXN-0009754,Mr. Michael Flores MD,North,Sports,Gold,4,2004,43.31,18.64,140.95,2025-11-18
TXN-0009755,Joseph Garcia,East,Clothing,Bronze,3,1962,23.62,4.53,67.65,2023-11-16
TXN-0009756,Vincent Lutz,South,Home,Silver,1,2001,78.52,8.12,72.14,2024-01-04
TXN-0009757,Molly Williams,West,Electronics,Bronze,2,1975,124.21,2.82,241.41,2025-03-05
TXN-0009758,Taylor Castillo,East,Clothing,Bronze,3,1985,69.04,2.26,202.44,2025-07-27
TXN-0009759,Eric Walls,North,Grocery,Gold,2,1964,14.33,11.3,25.42,2024-03-23
TXN-0009760,Alexander Byrd,South,Home,Platinum,6,1978,73.25,21.47,345.14,2026-05-14
TXN-0009761,Marie Flores,Central,Grocery,Bronze,3,1962,34.12,1.29,101.04,2024-09-14
TXN-0009762,Aaron Conway,North,Home,Bronze,3,1994,140.58,3.91,405.25,2024-04-02
TXN-0009763,Melanie Fisher,West,Home,Silver,3,2001,53.09,8.43,145.84,2026-02-17
TXN-0009764,Regina Green,South,Grocery,Bronze,1,1989,29.04,0.59,28.87,2024-09-10
TXN-0009765,Mr. Daniel Schmidt DDS,East,Clothing,Silver,1,1952,95.81,5.23,90.8,2025-10-22
TXN-0009766,Jessica Lee,East,Sports,Silver,3,1971,71.9,7.93,198.59,2024-11-01
TXN-0009767,Mark Price,South,Clothing,Bronze,3,1956,48.29,3.47,139.84,2025-03-09
TXN-0009768,Timothy Young,West,Clothing,Gold,5,1955,28.58,11.27,126.8,2025-04-01
TXN-0009769,Jessica Manning,West,Grocery,Bronze,2,1946,11.33,0.0,22.66,2023-12-09
TXN-0009770,Darryl Cisneros,North,Electronics,Bronze,2,1998,155.03,2.89,301.1,2026-02-09
TXN-0009771,Shannon Moore,South,Electronics,Gold,4,1984,136.69,14.24,468.9,2024-11-16
TXN-0009772,Melissa Gillespie,West,Electronics,Bronze,1,1988,142.95,2.41,139.5,2024-05-19
TXN-0009773,Brian Buckley,West,Home,Bronze,9,1962,102.76,1.67,909.4,2026-09-04
TXN-0009774,Christopher Washington,East,Home,Silver,4,1964,168.83,9.78,609.27,2025-12-06
TXN-0009775,Stephen Jimenez,West,Electronics,Bronze,5,1984,131.14,0.0,655.7,2026-04-23
TXN-0009776,Erik Morris,North,Electronics,Silver,5,1972,131.22,4.07,629.4,2026-08-03
TXN-0009777,Kyle Smith,North,Clothing,Gold,4,1958,52.89,10.99,188.31,2024-03-07
TXN-0009778,April Kennedy,West,Clothing,Bronze,4,1990,50.57,1.59,199.06,2023-12-15
TXN-0009779,Allison Mendoza,West,Electronics,Silver,4,1989,291.76,4.78,1111.26,2025-08-08
TXN-0009780,Kristy Martin,West,Electronics,Bronze,2,1984,150.52,0.0,301.04,2025-09-07
TXN-0009781,Henry Matthews,North,Grocery,Silver,2,1958,24.95,10.17,44.83,2024-03-18
TXN-0009782,William Ortiz,East,Grocery,Bronze,4,2002,44.88,1.71,176.45,2024-03-10
TXN-0009783,Joseph Figueroa,West,Clothing,Gold,7,1999,101.8,15.81,599.94,2026-05-03
TXN-0009784,Brian Hawkins,South,Clothing,Bronze,4,1946,52.01,2.02,203.84,2026-05-02
TXN-0009785,Edward Rowland,East,Electronics,Gold,4,1984,136.94,10.51,490.19,2024-03-04
TXN-0009786,Jeffrey Harris,East,Clothing,Gold,6,1984,39.66,16.88,197.79,2026-02-17
TXN-0009787,Joseph Bell,South,Clothing,Gold,4,1990,57.48,11.59,203.27,2023-12-02
TXN-0009788,Edwin Adkins,South,Sports,Silver,3,1969,43.52,8.19,119.87,2025-11-24
TXN-0009789,Hannah Pena,South,Grocery,Bronze,5,1965,39.73,4.57,189.57,2024-03-09
TXN-0009790,Bruce Wilson,Central,Home,Bronze,2,1963,74.94,1.34,147.87,2024-06-13
TXN-0009791,Kimberly Haley,South,Electronics,Bronze,3,2000,163.47,1.11,484.97,2026-06-02
TXN-0009792,Ricky Burke,North,Grocery,Bronze,3,2001,19.96,0.0,59.88,2024-03-29
TXN-0009793,Thomas Sanchez,North,Sports,Silver,2,1966,49.69,7.36,92.07,2024-08-12
TXN-0009794,Catherine Mendoza,North,Electronics,Silver,2,1972,228.98,4.32,438.18,2025-04-11
TXN-0009795,John Young,North,Grocery,Silver,3,1990,21.42,6.03,60.39,2024-05-28
TXN-0009796,Angela Walker,East,Electronics,Platinum,3,1971,146.61,18.74,357.41,2024-12-24
TXN-0009797,Jesse Wood,North,Grocery,Silver,5,1982,20.74,5.0,98.51,2025-08-13
TXN-0009798,Angel Vincent,South,Electronics,Silver,3,1962,156.77,7.91,433.11,2025-11-21
TXN-0009799,Tanya Avila,North,Home,Bronze,2,1984,90.36,5.98,169.91,2025-11-10
TXN-0009800,Julie Brooks,South,Electronics,Silver,4,1991,127.72,9.71,461.27,2024-02-29
TXN-0009801,Maureen Charles,North,Home,Silver,3,1969,94.72,0.18,283.65,2024-05-24
TXN-0009802,Nicholas Cervantes,East,Home,Bronze,3,1972,105.23,2.13,308.97,2026-06-29
TXN-0009803,Richard Hull,West,Home,Silver,1,2000,68.04,14.75,58.0,2025-04-15
TXN-0009804,Adam Mitchell,West,Grocery,Silver,5,1969,20.09,7.31,93.11,2025-02-28
TXN-0009805,Jessica James,South,Electronics,Bronze,2,1959,82.24,0.83,163.11,2024-04-29
TXN-0009806,Diane Morris,West,Grocery,Bronze,3,1988,28.05,6.46,78.71,2024-04-06
TXN-0009807,Laura Ramirez,West,Electronics,Bronze,4,1978,105.2,1.9,412.8,2024-08-06
TXN-0009808,Donna Martinez,North,Grocery,Bronze,4,1983,9.93,6.08,37.31,2025-08-10
TXN-0009809,Sheila Garcia,East,Electronics,Bronze,4,1996,135.51,1.4,534.45,2025-07-04
TXN-0009810,Leonard Wright,West,Home,Gold,7,2007,98.44,14.44,589.58,2023-10-08
TXN-0009811,Amy Werner,South,Clothing,Silver,2,1968,50.08,4.76,95.39,2024-10-13
TXN-0009812,David Watson,South,Sports,Bronze,4,1964,100.77,5.48,380.99,2025-10-02
TXN-0009813,Sherri Richardson,East,Home,Platinum,5,1954,83.73,19.82,335.67,2025-03-11
TXN-0009814,Emily Meadows,North,Electronics,Silver,3,2003,151.0,7.44,419.3,2024-12-16
TXN-0009815,Kimberly Hudson,Central,Grocery,Bronze,2,1987,17.41,5.26,32.99,2025-11-20
TXN-0009816,Mrs. Charlene Padilla DDS,North,Electronics,Gold,3,1976,295.38,14.6,756.76,2024-06-20
TXN-0009817,Kelly Castro,North,Clothing,Gold,4,1999,48.38,12.39,169.54,2024-02-07
TXN-0009818,Erika Ruiz,North,Clothing,Silver,4,1946,134.96,2.13,528.34,2024-11-14
TXN-0009819,Kristen Osborne,South,Grocery,Bronze,1,2006,36.75,1.61,36.16,2025-04-28
TXN-0009820,Victoria Marshall,Central,Sports,Gold,2,1990,50.53,11.74,89.2,2025-07-03
TXN-0009821,Danielle Chapman,West,Sports,Bronze,1,1964,105.94,2.05,103.77,2025-04-10
TXN-0009822,Daniel Davidson,Central,Electronics,Bronze,2,1969,131.72,1.26,260.12,2026-06-01
TXN-0009823,Danielle Kim,East,Electronics,Gold,8,1995,172.15,17.38,1137.84,2026-07-27
TXN-0009824,Alexander Porter,East,Grocery,Gold,4,2000,10.51,14.87,35.79,2024-10-13
TXN-0009825,Kathleen Cochran,South,Clothing,Silver,2,1953,54.59,5.78,102.87,2024-05-20
TXN-0009826,Vanessa Gibbs,North,Home,Bronze,4,1970,244.5,4.42,934.77,2025-12-28
TXN-0009827,Melissa Carter,Central,Sports,Bronze,8,1977,58.5,7.03,435.1,2025-07-14
TXN-0009828,Mary Wallace MD,East,Electronics,Gold,4,1952,214.28,10.77,764.81,2024-09-16
TXN-0009829,Tony Kline,East,Clothing,Silver,2,1965,59.38,6.2,111.4,2024-04-29
TXN-0009830,Tricia Yang,East,Grocery,Gold,8,1987,15.46,10.62,110.55,2025-07-25
TXN-0009831,Alicia Alexander,West,Home,Bronze,2,1963,142.52,3.28,275.69,2025-07-01
TXN-0009832,Christopher Herring,South,Sports,Platinum,2,1966,66.1,27.29,96.12,2025-06-24
TXN-0009833,Charles Black,West,Home,Bronze,5,1953,91.95,6.14,431.52,2025-09-09
TXN-0009834,James Smith,West,Clothing,Bronze,2,1984,61.9,0.89,122.7,2025-12-07
TXN-0009835,Megan Rojas,West,Grocery,Gold,6,1947,28.57,15.24,145.3,2026-08-22
TXN-0009836,Bryan Ellis,North,Grocery,Bronze,2,1963,16.27,6.31,30.49,2025-04-11
TXN-0009837,Kevin Larsen,North,Sports,Silver,2,2005,171.39,1.3,338.32,2023-11-13
TXN-0009838,Theresa Ramos,East,Home,Silver,4,1966,49.76,3.51,192.05,2025-08-15
TXN-0009839,Mark Spencer,West,Home,Gold,5,1992,75.54,16.26,316.29,2024-05-11
TXN-0009840,Leslie Mathis,Central,Clothing,Bronze,2,1977,87.8,0.0,175.6,2023-10-13
TXN-0009841,Meagan Hendrix,East,Clothing,Bronze,2,1957,46.66,2.25,91.22,2025-12-09
TXN-0009842,Elizabeth Simpson,South,Sports,Silver,4,1977,82.46,9.54,298.37,2024-01-14
TXN-0009843,Pamela Vazquez,North,Sports,Gold,2,1975,55.41,14.13,95.16,2024-02-06
TXN-0009844,Holly Harmon,East,Home,Gold,4,2007,56.66,12.67,197.92,2025-03-06
TXN-0009845,Mark Thomas,South,Sports,Bronze,4,2005,64.77,6.81,241.44,2025-01-29
TXN-0009846,Sheila Dougherty,East,Clothing,Silver,5,1978,74.14,9.92,333.93,2025-06-12
TXN-0009847,Jesse Wolfe,West,Grocery,Bronze,2,2003,15.08,9.72,27.23,2024-06-09
TXN-0009848,Bradley Lee,South,Home,Bronze,2,1983,90.22,0.0,180.44,2025-08-02
TXN-0009849,Larry West,South,Grocery,Bronze,2,1951,15.62,0.16,31.19,2024-01-01
TXN-0009850,Carl Rodriguez,North,Grocery,Bronze,5,1998,23.63,1.77,116.06,2025-05-30
TXN-0009851,David Cole,South,Home,Bronze,2,1991,53.14,6.56,99.31,2023-11-24
TXN-0009852,Timothy Webb,West,Grocery,Bronze,2,1945,17.9,4.6,34.15,2026-07-19
TXN-0009853,Taylor Walker,South,Clothing,Bronze,3,1945,50.35,0.58,150.17,2026-06-20
TXN-0009854,Robin Wise,North,Grocery,Gold,5,2004,13.54,9.58,61.21,2024-05-19
TXN-0009855,William Hardy,North,Electronics,Bronze,4,1964,253.36,0.0,1013.44,2026-03-08
TXN-0009856,Bradley Kennedy,North,Electronics,Gold,4,1966,90.18,19.1,291.82,2023-12-26
TXN-0009857,Aaron Mercado,West,Grocery,Gold,5,1980,21.14,12.92,92.04,2026-06-05
TXN-0009858,Lacey Poole,East,Grocery,Silver,4,1997,21.83,7.7,80.6,2026-07-19
TXN-0009859,Kerry Johnson,East,Sports,Silver,3,1980,67.6,3.52,195.66,2025-12-13
TXN-0009860,Melinda Shaw,East,Clothing,Bronze,2,1982,112.41,2.11,220.08,2024-12-30
TXN-0009861,Jessica Mahoney,North,Electronics,Bronze,6,1948,192.44,0.0,1154.64,2025-07-10
TXN-0009862,Becky Ramos,East,Home,Silver,3,1998,72.41,7.46,201.02,2025-06-13
TXN-0009863,James Rogers,North,Grocery,Silver,2,1955,23.08,5.84,43.46,2026-08-20
TXN-0009864,Timothy Wells,Central,Sports,Silver,2,1969,65.76,4.5,125.6,2026-09-20
TXN-0009865,Timothy Elliott,North,Grocery,Gold,3,1981,16.15,17.19,40.12,2026-02-04
TXN-0009866,David Sloan,South,Home,Silver,3,1998,138.08,11.48,366.69,2025-01-12
TXN-0009867,Donna Cochran,North,Grocery,Silver,3,1977,22.51,8.74,61.63,2025-01-27
TXN-0009868,Patrick Fowler,West,Electronics,Bronze,3,2003,241.0,0.0,723.0,2025-03-15
TXN-0009869,Karen Hopkins,North,Sports,Gold,3,1957,32.52,9.3,88.49,2023-10-10
TXN-0009870,Adam Williams,Central,Home,Platinum,5,1963,105.54,16.45,440.89,2024-12-05
TXN-0009871,Roger Goodman,North,Clothing,Silver,5,1991,96.97,13.58,419.01,2025-12-25
TXN-0009872,Nancy Kelley,West,Home,Gold,4,1984,63.01,16.71,209.92,2026-05-03
TXN-0009873,Joshua Flores,West,Grocery,Silver,4,1959,19.82,11.76,69.96,2024-05-13
TXN-0009874,Jermaine Clark,South,Clothing,Bronze,1,1958,52.76,0.0,52.76,2026-09-19
TXN-0009875,Mr. Ian Kennedy,South,Electronics,Gold,1,1967,213.64,7.63,197.34,2025-06-16
TXN-0009876,Joseph Hernandez,South,Grocery,Silver,5,1986,15.44,10.56,69.05,2025-08-21
TXN-0009877,Alexis Mitchell,West,Sports,Silver,3,1991,102.88,0.0,308.64,2026-06-24
TXN-0009878,Richard Moss,West,Home,Silver,1,2003,84.53,7.28,78.38,2024-08-11
TXN-0009879,Elizabeth Sanchez,North,Electronics,Silver,4,1988,430.53,9.11,1565.23,2026-01-20
TXN-0009880,Adam Lambert,South,Home,Bronze,6,1985,106.28,0.0,637.68,2026-05-24
TXN-0009881,Michael Wilson,South,Electronics,Silver,4,1966,370.82,12.28,1301.13,2026-05-15
TXN-0009882,Jacob Reyes,North,Clothing,Bronze,5,1991,71.79,1.0,355.36,2026-07-06
TXN-0009883,David Mitchell,East,Electronics,Bronze,5,1982,145.77,3.14,705.96,2025-08-14
TXN-0009884,Jessica Pena,South,Home,Bronze,3,2000,95.03,3.87,274.06,2026-09-15
TXN-0009885,Andrew Calderon,South,Clothing,Bronze,2,1951,65.55,2.66,127.61,2025-03-17
TXN-0009886,Eric Rush,West,Electronics,Gold,3,1987,74.57,11.03,199.03,2026-07-01
TXN-0009887,Brenda Sims,West,Clothing,Bronze,3,1961,80.15,0.0,240.45,2025-06-17
TXN-0009888,Shane Duncan,West,Home,Bronze,2,1960,99.38,3.33,192.14,2024-07-30
TXN-0009889,Tammy Cruz,North,Clothing,Gold,2,1945,69.29,15.2,117.52,2025-01-08
TXN-0009890,Elizabeth Allen,Central,Electronics,Gold,4,1986,206.75,16.42,691.21,2024-02-05
TXN-0009891,Gregory Horton,East,Home,Silver,4,1961,59.54,6.48,222.73,2023-11-24
TXN-0009892,Samantha Dougherty,East,Grocery,Platinum,2,2003,19.31,20.28,30.79,2026-01-09
TXN-0009893,Courtney Rios,North,Grocery,Silver,2,1976,18.77,3.91,36.07,2025-02-28
TXN-0009894,Daniel Carter,Central,Home,Gold,3,1990,60.55,16.58,151.53,2025-05-25
TXN-0009895,Christopher Cox,East,Grocery,Silver,2,1974,31.11,4.04,59.71,2024-04-10
TXN-0009896,Sydney Davis,West,Grocery,Bronze,2,1961,36.05,4.06,69.17,2025-12-14
TXN-0009897,Nicholas Young,West,Grocery,Silver,3,1987,16.34,10.55,43.85,2026-01-15
TXN-0009898,Phillip Phillips,West,Home,Gold,7,2001,111.83,16.49,653.72,2024-12-12
TXN-0009899,Catherine Nelson,West,Electronics,Silver,5,1984,162.76,2.23,795.65,2024-08-25
TXN-0009900,Rachel Mccoy,Central,Clothing,Gold,4,2003,50.31,7.6,185.95,2024-02-19
TXN-0009901,Jennifer Wright,South,Clothing,Silver,5,1963,48.79,3.78,234.73,2025-11-30
TXN-0009902,Patricia Blair,South,Clothing,Silver,1,1959,36.66,3.3,35.45,2026-02-01
TXN-0009903,Daniel Meadows,West,Sports,Bronze,5,1954,88.25,9.39,399.82,2025-01-25
TXN-0009904,Alicia Miles,East,Electronics,Bronze,5,1968,132.54,3.3,640.83,2025-12-15
TXN-0009905,Misty Parrish,East,Home,Silver,4,2004,114.88,2.57,447.71,2025-03-10
TXN-0009906,Nancy Simpson,West,Sports,Bronze,5,1952,66.27,0.0,331.35,2026-06-11
TXN-0009907,Eugene Turner,East,Home,Gold,4,1982,61.54,18.48,200.67,2024-06-02
TXN-0009908,Jamie Rodgers,West,Electronics,Bronze,3,2003,129.69,6.53,363.66,2023-11-03
TXN-0009909,Kevin Landry,South,Sports,Bronze,4,1979,87.44,0.0,349.76,2023-11-10
TXN-0009910,Jonathan Smith,West,Clothing,Silver,4,1981,50.09,9.71,180.91,2026-01-13
TXN-0009911,Tracy Clay,North,Electronics,Bronze,7,1991,118.9,0.9,824.81,2026-04-05
TXN-0009912,Tina Bartlett,East,Clothing,Silver,4,1965,99.12,6.29,371.54,2024-11-02
TXN-0009913,Steven Hall,Central,Clothing,Bronze,4,1984,35.07,0.0,140.28,2024-10-06
TXN-0009914,Elizabeth Morrison,South,Grocery,Bronze,6,1962,29.13,0.62,173.7,2025-01-12
TXN-0009915,Kirsten Diaz,South,Electronics,Silver,6,2001,243.43,3.38,1411.21,2025-07-15
TXN-0009916,David Green,South,Grocery,Bronze,2,1980,25.16,6.43,47.08,2025-11-20
TXN-0009917,Zachary Wood,East,Electronics,Silver,2,1970,214.38,3.61,413.28,2024-03-17
TXN-0009918,Christopher Bailey,South,Sports,Bronze,4,2006,58.71,6.06,220.61,2023-12-30
TXN-0009919,Cameron Powell,North,Electronics,Silver,3,1976,135.24,5.64,382.84,2025-04-29
TXN-0009920,Jennifer Townsend,Central,Sports,Silver,6,1974,150.81,0.27,902.42,2024-11-04
TXN-0009921,Peter Mercado,South,Electronics,Bronze,3,1960,237.62,0.0,712.86,2026-05-28
TXN-0009922,Jonathan Reese,East,Grocery,Silver,3,2006,22.02,2.55,64.38,2025-11-24
TXN-0009923,Ellen Ramirez,East,Grocery,Silver,4,1986,15.15,8.51,55.44,2025-03-31
TXN-0009924,Anthony Elliott,North,Home,Gold,3,1991,67.83,8.71,185.77,2024-04-07
TXN-0009925,Rachel Wilson,North,Electronics,Gold,2,2001,109.53,11.21,194.5,2023-12-11
TXN-0009926,Marissa Davis,Central,Home,Silver,7,1989,72.59,7.9,467.99,2026-07-05
TXN-0009927,Jon Cantu,West,Home,Bronze,2,2005,84.31,0.0,168.62,2024-04-08
TXN-0009928,Donald Reyes,North,Home,Gold,2,1954,98.24,17.62,161.86,2025-08-25
TXN-0009929,Angela Flowers,West,Home,Silver,5,1974,141.23,7.46,653.47,2025-01-02
TXN-0009930,Jo Mosley,East,Sports,Gold,2,1957,163.24,13.05,283.87,2026-03-05
TXN-0009931,Ryan Baker,North,Sports,Silver,2,1964,130.87,1.47,257.89,2023-10-06
TXN-0009932,Cody Green,West,Home,Bronze,3,1991,59.62,0.0,178.86,2025-08-31
TXN-0009933,Melanie Mason,East,Electronics,Gold,2,1979,126.47,11.77,223.17,2025-03-07
TXN-0009934,Linda Moody,South,Electronics,Gold,5,1955,118.1,8.43,540.72,2024-09-28
TXN-0009935,Donna Andersen,Central,Grocery,Bronze,3,1989,27.28,4.74,77.96,2026-03-19
TXN-0009936,Matthew Combs,South,Sports,Silver,2,1979,102.22,6.82,190.5,2026-02-22
TXN-0009937,Ashley Robinson,South,Clothing,Silver,6,1967,48.05,3.67,277.72,2026-05-30
TXN-0009938,Julie Williams,South,Electronics,Silver,4,1977,160.02,5.49,604.94,2026-07-27
TXN-0009939,Karina Patterson,West,Clothing,Gold,5,1994,61.9,12.81,269.85,2026-01-03
TXN-0009940,Collin Kelley,West,Clothing,Bronze,1,1990,69.55,8.65,63.53,2026-04-10
TXN-0009941,David Myers,Central,Sports,Bronze,2,1956,120.91,3.07,234.4,2024-09-25
TXN-0009942,Christopher Nolan,South,Grocery,Bronze,5,1979,20.21,0.0,101.05,2025-03-25
TXN-0009943,Meagan Smith,West,Electronics,Gold,2,1968,155.43,10.33,278.75,2025-01-04
TXN-0009944,Diana Lowe,East,Clothing,Bronze,5,1958,66.38,0.24,331.1,2024-12-13
TXN-0009945,Dean Hines,South,Electronics,Silver,5,2004,155.39,8.67,709.59,2026-07-30
TXN-0009946,Robert Graham,North,Grocery,Gold,2,1994,21.64,14.03,37.21,2026-03-05
TXN-0009947,Harold Campbell,West,Grocery,Gold,5,2000,17.63,14.3,75.54,2026-08-07
TXN-0009948,Glenn Miller,South,Electronics,Bronze,2,1994,253.85,1.3,501.1,2024-05-02
TXN-0009949,Robert Jordan,East,Clothing,Bronze,2,1994,89.91,0.0,179.82,2025-05-06
TXN-0009950,Brandon Ferguson,East,Sports,Platinum,5,1947,73.16,21.53,287.04,2025-12-13
TXN-0009951,Sharon Ward,North,Grocery,Silver,5,2007,38.93,3.92,187.02,2024-10-16
TXN-0009952,Adam Estrada,Central,Home,Bronze,2,1979,100.97,3.52,194.83,2024-03-09
TXN-0009953,Casey Faulkner,West,Home,Bronze,2,1965,108.96,0.0,217.92,2025-02-18
TXN-0009954,Charles Olson,East,Sports,Gold,3,1950,129.59,12.59,339.82,2025-12-08
TXN-0009955,James Weaver,West,Grocery,Gold,1,1946,38.17,15.22,32.36,2026-03-20
TXN-0009956,Kayla Hill,East,Sports,Silver,2,1952,118.29,13.59,204.43,2024-07-23
TXN-0009957,Tammy Terry,West,Electronics,Bronze,2,1965,187.5,0.0,375.0,2025-04-11
TXN-0009958,John Hernandez,North,Electronics,Silver,2,1948,146.35,11.74,258.34,2025-09-02
TXN-0009959,Eric Schwartz,East,Electronics,Bronze,5,1961,186.61,5.28,883.78,2024-02-27
TXN-0009960,Luke Burns,South,Grocery,Gold,4,1992,23.18,11.42,82.13,2024-05-12
TXN-0009961,Morgan Wright,East,Grocery,Bronze,3,1966,21.75,1.72,64.13,2025-07-20
TXN-0009962,Christopher Wright,East,Electronics,Bronze,5,1980,154.2,0.0,771.0,2025-06-29
TXN-0009963,Jason Cole,North,Sports,Bronze,5,1990,60.03,0.0,300.15,2024-02-02
TXN-0009964,Jessica Carter,Central,Sports,Bronze,3,1976,83.91,0.0,251.73,2024-02-18
TXN-0009965,Gabriela Hunter,North,Electronics,Bronze,1,1976,132.1,0.0,132.1,2024-01-02
TXN-0009966,Becky Walters,North,Home,Silver,5,1958,51.84,0.0,259.2,2025-07-19
TXN-0009967,James Montes,South,Grocery,Silver,5,1958,13.65,7.2,63.34,2024-04-17
TXN-0009968,Judith Phillips,East,Electronics,Silver,2,1946,141.19,12.03,248.41,2025-10-06
TXN-0009969,Vanessa Roberts,North,Grocery,Bronze,1,1946,14.08,2.62,13.71,2024-08-26
TXN-0009970,Cheyenne Jones,East,Electronics,Bronze,3,1959,177.58,1.95,522.35,2025-08-21
TXN-0009971,Gregory Dyer,West,Sports,Silver,3,1949,49.48,4.65,141.54,2024-01-27
TXN-0009972,Sean Luna,North,Grocery,Silver,4,1965,12.32,13.46,42.65,2025-04-23
TXN-0009973,Jennifer Green,Central,Sports,Bronze,6,1945,119.13,5.45,675.82,2026-08-14
TXN-0009974,Tracey Smith,South,Grocery,Gold,6,1999,25.49,8.37,140.14,2025-12-23
TXN-0009975,Crystal Banks,East,Electronics,Bronze,4,1987,181.76,9.14,660.59,2025-06-14
TXN-0009976,Maria Clark,North,Clothing,Bronze,4,1954,91.55,7.19,339.87,2026-03-29
TXN-0009977,Corey Sanders,West,Grocery,Bronze,5,1956,14.29,0.0,71.45,2026-02-12
TXN-0009978,Michelle Clark,West,Clothing,Silver,2,1958,72.48,9.6,131.04,2025-12-12
TXN-0009979,Jerry Smith,North,Grocery,Bronze,2,1956,17.11,1.21,33.81,2025-06-02
TXN-0009980,Andrew Clark,North,Clothing,Bronze,3,1953,94.02,0.0,282.06,2024-11-10
TXN-0009981,Connie Gonzalez,South,Electronics,Silver,5,1959,176.08,3.67,848.09,2026-03-23
TXN-0009982,Rebecca Ortega,North,Home,Bronze,1,1994,67.06,4.54,64.02,2025-11-10
TXN-0009983,Anne Smith,Central,Grocery,Bronze,5,1979,29.42,4.1,141.07,2026-06-12
TXN-0009984,Douglas Meyers,East,Home,Silver,10,1954,79.39,16.54,662.59,2025-07-16
TXN-0009985,Jay Medina,East,Home,Silver,2,1955,60.37,7.51,111.67,2025-08-11
TXN-0009986,Shelby Walker,Central,Clothing,Bronze,3,1951,94.93,0.0,284.79,2026-09-02
TXN-0009987,Melissa Rocha,West,Grocery,Bronze,7,1997,22.79,0.0,159.53,2025-10-27
TXN-0009988,Holly Lee,West,Home,Bronze,3,1977,67.31,0.29,201.34,2025-07-06
TXN-0009989,Donald Mcclure,South,Home,Platinum,2,1973,87.83,18.81,142.62,2024-06-06
TXN-0009990,Kristine Stephens,South,Clothing,Gold,4,1976,53.14,11.68,187.73,2024-05-09
TXN-0009991,John Green,South,Home,Bronze,7,1974,66.61,2.95,452.52,2025-11-21
TXN-0009992,Evan Lara,South,Electronics,Platinum,6,1972,119.9,25.05,539.19,2024-04-12
TXN-0009993,James Simmons,South,Grocery,Silver,3,1971,17.59,8.19,48.45,2025-10-20
TXN-0009994,Sarah Young,North,Electronics,Bronze,2,1998,228.35,0.0,456.7,2025-09-08
TXN-0009995,Anthony Sanders,South,Grocery,Platinum,4,1996,24.38,21.08,76.96,2024-04-15
TXN-0009996,Jennifer Zhang,East,Grocery,Silver,4,1980,15.02,0.48,59.79,2026-09-26
TXN-0009997,Charles Roy,South,Home,Silver,8,1995,121.85,4.48,931.13,2025-12-03
TXN-0009998,Mark Anderson DVM,North,Grocery,Silver,3,1946,30.68,12.88,80.19,2025-12-27
TXN-0009999,Ashley Casey,South,Grocery,Platinum,7,1990,13.48,12.63,82.44,2024-03-29
TXN-0010000,Brianna Mullen MD,East,Electronics,Bronze,7,1964,209.26,8.6,1338.85,2026-09-10
